800
1220 2440
651 528
913 417
1556 586
1056 246
2402 576
612 257
1210 545
1289 393
848 453
812 421
606 336
606 239
420 308
565 358
2048 336
990 558
406 206
516 391
960 66
370 237
224 429
750 740
818 586
716 90
1570 406
420 278
706 206
1556 386
480 452
570 256
440 548
2216 336
511 66
455 226
570 256
296 703
406 206
783 548
320 258
1966 576
739 285
756 336
1063 449
1040 616
870 576
1770 66
667 528
438 406
2408 56
333 378
422 398
1063 453
366 458
333 378
1970 286
756 336
806 286
406 146
904 406
328 256
960 566
2068 468
420 278
1025 453
409 76
1246 406
291 66
378 225
1251 347
770 1110
408 556
456 146
1155 156
620 570
739 217
422 398
682 581
1002 556
333 378
456 336
1718 625
356 206
639 288
732 137
182 338
1940 538
1071 285
573 326
508 306
348 403
458 406
516 584
2326 556
756 556
477 126
639 288
1550 436
612 257
770 241
829 528
356 324
682 474
486 486
803 421
256 136
667 528
990 558
530 396
2116 56
367 206
345 535
1290 576
2368 468
746 586
327 318
820 356
565 358
703 288
1506 420
324 218
706 225
570 256
448 468
703 288
1063 449
422 548
486 486
1570 406
804 406
222 433
1555 372
1770 1010
252 218
2216 256
1040 616
455 226
1246 406
310 236
770 556
486 438
406 326
889 406
695 528
453 398
283 87
316 392
291 278
422 548
746 586
1251 347
663 506
1289 406
783 548
1063 453
2226 556
1050 761
695 528
1150 236
1940 538
422 419
612 257
2382 556
320 258
1236 306
553 489
1290 576
553 489
420 336
470 306
379 225
369 356
818 558
706 225
516 584
593 417
2348 536
420 306
300 1068
1066 336
206 66
456 206
341 530
720 308
606 239
319 258
565 66
1210 324
420 566
1550 420
620 570
830 76
422 398
1936 426
851 137
906 286
670 575
543 435
2326 556
839 251
539 503
904 406
639 288
1131 306
445 576
163 417
1701 246
663 506
1770 336
1290 576
1066 336
1210 546
492 558
2326 556
516 391
379 225
746 556
1556 586
720 308
756 556
990 586
2048 336
1546 414
406 106
889 406
870 336
1088 326
470 286
2048 336
391 97
656 256
606 566
1340 256
1606 426
682 581
1260 326
438 436
1636 366
540 206
797 328
370 237
310 236
813 360
1906 286
220 86
756 556
868 555
667 528
680 554
1716 216
316 392
480 793
420 336
429 468
870 336
565 126
811 486
758 146
898 278
651 528
2121 581
1056 246
830 433
870 206
910 576
396 91
663 478
990 66
310 236
733 600
1289 406
336 286
913 417
702 353
291 278
706 225
740 770
429 307
516 414
1770 336
746 586
348 403
570 237
797 328
2216 256
255 383
703 442
667 556
770 356
781 486
516 414
1010 307
813 360
415 309
680 554
830 433
486 486
744 347
1970 286
547 56
818 558
1210 545
2326 556
646 586
875 365
370 329
1210 426
1290 93
819 356
687 184
471 66
769 265
1063 453
881 781
420 286
1340 310
1843 575
781 486
798 449
611 257
324 528
456 436
530 396
1906 286
1063 449
625 377
423 310
875 465
420 278
829 528
1246 406
1210 545
453 398
1895 86
383 277
370 197
1555 372
404 486
1546 414
455 528
206 388
651 528
783 548
703 288
370 255
402 173
651 528
1550 420
1506 241
810 428
706 225
750 768
2068 468
2402 576
2326 768
779 545
453 363
516 391
356 236
629 356
320 258
309 237
516 391
341 530
480 452
819 356
2226 556
600 157
809 86
406 206
1556 586
383 277
348 403
1636 366
706 576
670 238
422 419
474 538
981 76
931 306
2036 586
420 306
744 347
328 256
612 257
448 468
346 278
420 278
383 277
1030 336
720 336
687 184
1000 556
761 486
370 356
1025 453
919 528
1646 406
919 528
422 548
1063 449
2048 336
411 528
769 486
1178 218
324 528
384 456
324 528
2036 586
1970 336
252 218
420 336
422 419
750 768
540 206
733 620
547 56
824 527
259 377
2382 556
345 535
429 468
420 308
1606 426
779 545
721 356
835 93
833 307
804 406
656 256
516 391
252 218
2216 336
771 137
565 386
1170 66
255 383
1063 449
570 256
2348 536
445 548
717 126
568 206
540 206
480 452
1063 453
333 378
252 218
565 358
2226 556
2292 472
420 308
430 421
667 536
761 93
456 436
480 402
1355 386
1210 426
1338 328
438 406
570 237
456 336
910 576
1246 406
848 453
848 453
1210 324
870 576
928 123
1659 398
429 307
420 566
1236 306
1966 576
783 528
300 267
1390 466
370 256
769 555
750 768
348 403
252 246
506 406
700 336
1970 336
798 453
1716 216
486 486
430 421
468 206
1210 545
539 503
386 121
448 468
1040 616
870 336
1966 576
716 206
573 326
408 136
391 97
612 257
453 398
1063 449
891 256
429 468
811 66
891 576
768 555
1598 246
1210 546
516 306
556 546
2292 427
1030 336
320 296
797 356
1419 56
593 417
682 581
680 581
682 581
666 556
1063 449
1752 93
306 336
888 336
720 308
422 548
327 318
420 308
66 802
508 306
453 363
1659 398
868 93
593 417
1289 406
666 424
868 555
422 398
346 256
2382 556
747 318
224 429
888 336
2368 468
913 417
470 287
467 106
185 503
570 256
1040 616
2292 472
1076 66
2068 468
182 403
888 307
420 336
639 288
1020 306
1063 449
769 265
520 517
888 307
811 486
516 391
927 256
325 518
761 486
429 307
1546 414
339 68
1770 1010
750 768
1595 421
543 416
516 414
870 548
816 216
745 318
376 60
1040 616
520 438
906 468
1546 414
1570 406
328 238
2103 556
1289 406
345 535
2190 406
348 403
470 287
453 453
2382 556
1390 466
306 336
316 392
1000 556
456 436
1091 401
324 528
356 558
1966 576
2226 556
2326 556
448 468
781 486
970 567
802 366
906 468
651 528
797 328
875 365
320 296
739 285
530 396
440 548
453 398
324 528
1210 545
453 398
2216 336
2216 256
1172 517
888 307
720 308
1973 489
2292 472
913 417
2292 427
320 296
471 93
341 530
422 419
1172 517
324 218
449 556
870 66
768 556
888 307
438 406
1404 468
720 336
486 486
404 486
1570 406
695 556
348 403
600 93
1236 306
470 377
422 126
750 768
283 612
769 486
437 528
1906 286
370 255
540 206
808 136
839 251
455 226
2404 906
813 360
2048 336
1076 256
1966 576
366 458
768 556
202 894
891 576
1755 360
429 468
888 548
870 576
570 256
818 586
692 587
1718 625
1172 517
310 236
453 453
2404 906
1872 61
393 889
2048 336
990 558
420 286
937 287
818 586
310 236
289 1172
455 226
506 396
770 216
1010 307
316 392
806 286
288 246
802 366
890 537
746 586
320 258
798 449
745 346
2326 556
2068 468
383 277
990 586
256 288
1210 426
422 126
429 468
1056 246
1340 310
1246 406
348 403
1755 430
651 528
2070 556
1770 336
812 421
328 256
232 824
480 452
2326 768
2093 556
1246 406
1290 576
2404 906
853 385
370 329
695 528
1970 156
1438 625
568 56
324 528
747 328
783 308
1066 336
356 286
1289 393
797 328
720 336
816 538
438 406
746 56
1966 206
1290 576
553 433
356 324
797 66
2190 406
227 832
870 336
183 397
1289 402
2003 414
232 824
1063 449
441 360
252 218
252 218
320 286
1290 576
480 793
778 66
666 556
356 324
402 889
639 288
2156 60
593 417
320 258
486 486
420 566
1289 402
296 703
780 197
1063 449
328 66
606 239
356 206
1210 546
420 336
813 360
455 528
491 93
1289 406
769 56
1966 206
781 486
316 392
559 206
409 286
241 575
1172 517
406 93
