800
1220 2440
470 258
1172 517
1063 449
750 768
453 453
325 518
422 398
420 306
1390 466
341 530
720 336
1356 306
241 575
611 257
445 548
812 421
1550 556
516 414
779 545
888 576
2216 256
680 581
2226 556
746 556
1755 430
1611 859
890 781
803 383
746 586
769 486
853 428
2326 768
2093 556
319 258
396 166
612 257
700 318
306 336
345 535
806 286
406 545
2326 556
328 307
397 87
383 277
390 86
1659 398
981 286
881 781
516 391
1103 465
456 336
746 556
383 277
706 66
486 486
356 206
453 453
858 76
870 336
420 306
721 356
2190 406
259 377
448 468
2226 556
990 558
656 256
366 556
1241 131
1071 285
534 61
486 438
703 288
881 467
448 468
2216 336
346 535
770 253
252 218
480 402
221 389
1036 356
1236 306
1025 453
570 891
888 548
600 93
639 288
781 356
437 528
396 106
2093 556
771 137
379 225
870 336
818 558
565 358
588 256
856 356
448 468
370 255
870 336
2093 556
797 328
913 417
348 403
1210 546
324 218
480 402
506 406
1556 586
720 336
818 586
1410 246
948 126
990 586
449 528
1210 545
667 556
906 456
348 403
346 126
888 307
438 436
508 126
2226 556
770 241
291 66
2402 576
768 556
255 383
990 586
470 287
553 433
614 218
438 406
1289 406
520 438
816 538
853 403
1788 356
371 66
486 486
743 337
2104 705
366 486
420 566
1172 517
406 356
324 528
906 356
1895 206
1565 561
1966 206
565 358
155 463
370 237
508 306
539 503
666 420
606 336
1390 466
2216 256
420 336
506 396
1755 430
529 469
404 56
995 307
291 278
813 360
470 106
319 258
348 403
816 216
783 528
420 306
341 530
348 403
1210 324
2190 406
378 225
2292 427
379 225
486 486
1055 381
420 336
1659 398
458 406
750 740
348 403
256 146
470 286
798 449
874 123
320 258
651 528
565 358
970 567
781 508
306 506
906 356
868 555
2026 66
888 336
856 356
348 403
319 258
402 889
1646 406
747 318
2292 472
553 489
2382 556
813 360
1659 398
412 528
611 257
1636 366
422 548
1056 246
1402 86
818 586
474 457
553 489
639 288
556 546
1770 326
913 417
1289 406
570 891
913 417
1289 406
348 403
884 370
556 546
224 429
2121 581
1338 256
818 323
593 417
2326 768
1506 241
739 285
2368 468
891 576
1973 489
1546 414
745 318
359 87
667 528
1718 625
1498 356
142 328
429 468
856 356
651 528
2388 86
833 307
1808 346
856 356
1970 156
1088 326
797 216
606 586
486 438
798 453
1246 406
1555 372
1210 426
131 1163
366 486
1966 576
2402 576
419 528
839 286
420 566
1770 336
429 307
1970 286
1570 406
1659 398
919 528
730 217
1970 336
758 146
1063 449
667 536
692 587
402 889
1970 286
938 381
703 446
783 548
881 467
681 106
324 528
1550 436
348 403
319 258
646 586
910 467
1570 406
990 586
784 179
2103 556
227 832
1063 449
990 586
1506 241
556 546
404 486
829 556
781 556
508 206
816 216
252 218
1512 66
252 246
745 318
423 310
960 566
990 558
829 556
593 417
300 267
869 556
643 884
1210 426
406 206
383 277
420 566
919 126
703 446
420 278
480 793
1071 285
606 239
452 1206
1210 545
706 225
370 356
1172 517
1636 366
888 336
812 421
670 575
1066 336
812 407
1030 336
309 237
1701 246
543 416
770 356
746 556
366 556
1210 545
740 770
2066 506
733 600
318 508
346 535
2206 56
256 288
366 556
756 336
492 558
283 611
898 278
906 468
438 406
429 307
320 296
680 474
420 336
333 378
291 278
1586 63
777 203
990 586
420 93
356 324
420 336
702 353
252 218
663 506
2126 546
486 486
336 286
720 335
804 406
957 428
1970 286
474 538
319 258
913 417
706 225
621 378
2326 556
2326 768
1970 336
870 336
870 336
1508 56
646 66
820 337
320 258
744 347
319 556
2126 546
255 383
768 556
1550 436
516 414
420 336
1290 576
667 536
1570 406
804 406
957 456
306 126
1598 246
625 353
298 66
1636 366
453 398
506 158
370 256
2210 206
255 383
288 246
888 336
798 453
888 336
516 414
440 548
438 406
448 468
2126 546
1071 285
756 336
420 417
570 237
2368 468
445 173
593 417
516 391
769 486
516 391
870 93
2093 206
1770 326
570 891
429 307
333 378
2402 576
1289 393
1556 386
888 576
888 336
470 258
469 106
606 566
643 884
666 556
1438 625
783 308
1966 206
516 414
960 566
448 468
324 218
348 403
806 286
819 356
1063 449
2368 468
406 206
884 370
870 548
422 398
768 555
404 486
1036 356
747 328
818 323
666 424
870 420
700 318
666 556
1498 820
756 336
2068 468
2402 576
975 86
1066 336
356 206
889 406
529 469
320 258
1236 306
328 256
2326 556
898 278
670 575
1752 336
706 206
808 187
406 206
606 239
756 556
539 503
1788 356
573 326
409 76
486 486
1556 586
458 66
870 308
486 486
706 576
888 307
406 206
430 421
283 611
750 740
1973 489
516 306
2348 536
1659 398
1970 336
888 548
224 429
621 378
1826 449
1221 56
750 768
420 306
452 1206
904 406
1340 256
1666 61
344 126
695 556
666 424
868 556
990 586
324 528
468 206
893 356
241 66
884 370
320 258
1210 546
348 403
891 126
370 255
663 478
366 458
291 66
386 121
803 421
366 486
1970 336
420 66
1030 336
1646 406
1843 575
516 584
455 528
1210 426
2003 414
370 255
319 258
761 486
769 486
470 530
367 88
667 536
324 528
516 391
950 51
1172 517
306 336
429 468
393 889
802 366
880 66
2216 336
1970 336
663 506
904 528
356 324
1506 241
919 556
370 329
2006 93
2348 536
429 307
310 236
320 296
703 442
429 468
1646 406
1550 436
720 308
324 218
486 486
408 556
376 206
356 206
1066 336
835 528
406 126
1236 306
888 307
2326 556
818 586
1940 538
491 66
870 106
2068 468
320 258
779 545
492 558
420 330
261 66
1172 517
456 336
1260 956
2368 468
855 126
520 438
530 396
1063 449
881 356
1289 406
2402 576
1966 576
779 545
902 358
663 506
420 336
1820 93
913 417
818 558
835 556
417 393
453 453
456 336
818 586
990 586
798 453
695 93
2216 256
960 566
406 206
370 329
348 403
824 527
768 555
450 66
480 402
423 310
593 417
2382 556
543 416
606 336
446 386
1404 468
420 308
1550 436
2382 556
1063 453
438 436
2093 206
745 318
520 438
516 414
325 518
1770 336
2226 556
409 251
558 97
2067 56
456 336
733 600
811 486
1506 241
606 566
1172 517
449 556
573 326
1065 353
1246 406
739 217
470 258
2382 556
430 407
919 556
906 356
319 258
829 528
1739 66
2070 556
430 421
339 146
761 93
818 558
853 385
906 456
556 546
320 1150
470 286
453 363
470 287
256 970
186 285
346 256
406 206
570 256
306 336
341 93
870 336
252 246
1566 66
2402 576
2216 336
516 391
406 206
565 386
430 421
1973 489
778 486
449 556
370 255
835 528
1290 576
420 278
1260 456
1636 366
1570 93
770 241
452 1206
745 346
206 317
1210 406
356 206
783 528
888 307
888 307
455 226
1172 517
570 237
370 255
470 258
1546 414
1755 430
516 391
1063 449
422 398
750 768
356 324
670 238
769 265
471 66
811 486
770 217
750 740
667 528
573 326
621 378
453 398
820 356
1055 353
420 286
1210 406
682 581
870 308
2126 546
811 486
1506 420
808 136
1066 336
990 558
888 307
2103 556
848 453
456 436
1770 336
706 576
703 288
1002 556
1290 576
1210 545
612 257
1104 576
306 166
336 286
