1500
1220 2440
366 66
1260 156
446 151
2402 576
176 506
2126 546
422 419
370 197
445 548
1636 116
497 66
408 136
456 106
402 889
868 93
2021 66
1870 86
518 56
784 56
300 267
456 146
409 76
420 336
404 66
2073 66
155 463
483 558
663 478
778 56
919 556
543 435
1340 310
769 66
139 413
482 86
516 391
471 66
808 136
570 891
206 56
1570 93
853 385
480 452
739 285
1040 616
470 126
856 126
2066 506
325 518
142 328
471 66
455 86
781 66
183 743
835 123
808 136
470 530
409 286
1390 466
343 156
417 116
808 136
1426 64
391 97
1550 93
853 428
639 48
341 93
950 51
690 86
506 396
1546 414
730 236
785 76
420 86
1966 206
710 93
1179 76
606 586
756 336
185 503
1170 88
892 123
2216 336
818 66
370 66
386 121
789 66
491 93
319 258
356 116
769 56
669 86
1419 56
422 548
771 137
471 66
396 106
406 106
853 385
1355 66
906 456
1398 600
768 556
881 781
888 307
1002 93
316 392
771 137
496 61
348 146
1688 106
348 403
2216 66
420 566
224 429
346 535
420 330
1550 93
1808 346
2026 66
320 258
320 303
806 286
491 93
1215 106
663 478
824 66
600 176
776 76
2190 406
1071 285
620 176
1770 93
429 468
1895 76
1251 347
667 536
1382 66
890 106
625 377
1210 426
368 66
868 93
1040 616
804 406
568 66
570 237
888 548
2226 348
888 576
456 436
320 286
324 528
419 86
491 93
855 126
1030 336
620 157
1066 336
509 76
1550 93
2005 66
356 116
449 556
565 358
388 76
881 356
2066 506
406 146
829 556
1260 456
341 93
456 121
811 66
452 1206
2382 556
198 323
835 123
506 106
635 126
2382 556
391 66
1063 453
703 288
436 458
489 98
663 506
1570 93
471 93
640 56
778 486
333 378
913 417
659 48
870 308
338 146
812 421
588 56
761 486
829 556
2426 66
2003 414
2126 546
1970 286
990 56
227 832
819 332
970 89
1659 66
283 87
406 136
798 449
1236 306
423 310
695 56
2280 66
937 66
420 308
310 236
86 288
706 206
406 146
1788 66
383 277
666 420
480 452
306 106
448 468
975 86
343 156
449 528
540 206
2048 336
808 136
520 517
1040 616
1940 538
919 528
710 241
860 74
888 307
343 156
556 64
646 86
1402 86
480 402
396 91
378 225
1636 366
835 528
568 66
639 56
528 66
540 206
1350 76
635 126
816 406
343 156
719 172
990 126
620 176
855 66
646 586
1788 66
1056 246
2216 336
873 93
931 271
392 87
556 546
848 453
291 278
600 176
975 86
2093 556
643 884
2036 566
455 528
811 486
1733 66
406 116
406 86
2426 56
474 538
1296 166
663 66
320 258
370 356
745 318
818 66
306 166
842 137
1646 406
593 417
1306 56
388 66
440 548
255 383
2016 151
565 358
1030 76
875 465
784 56
806 236
811 56
319 258
1526 606
600 93
388 72
377 56
1886 66
706 206
516 414
516 56
417 116
196 56
422 548
1056 66
344 126
142 328
889 406
2402 576
422 548
882 93
406 136
868 93
406 56
329 76
1606 426
369 204
86 489
453 398
781 48
1172 517
829 93
516 391
521 66
391 97
928 123
948 428
1210 546
406 156
1000 556
1606 66
370 356
882 86
2006 406
771 137
370 255
346 256
406 106
2382 576
750 216
56 566
496 92
423 310
2406 86
306 106
990 66
2382 556
666 146
803 170
588 256
306 126
420 106
826 66
1206 106
456 336
453 363
421 66
835 93
280 93
540 206
1520 76
990 558
406 56
445 576
320 296
553 489
931 306
391 97
840 66
453 363
1290 93
1636 366
789 137
371 66
869 86
990 586
521 93
316 392
206 56
406 156
1290 576
934 86
348 403
333 126
706 206
798 453
415 309
441 66
406 156
1526 56
1906 286
436 458
418 66
470 306
2005 106
306 179
1508 56
438 406
889 406
769 486
1553 465
412 528
419 528
835 56
391 66
329 76
676 82
612 257
870 93
904 528
898 66
876 86
1788 66
2005 66
1380 76
386 86
682 581
424 136
256 93
570 237
1210 324
870 66
769 126
927 556
670 238
409 251
420 267
906 468
870 106
1418 96
780 197
2190 406
417 116
1586 56
1006 126
220 66
2124 306
369 66
406 66
1746 66
341 93
429 468
756 556
271 93
306 179
202 894
309 87
511 66
320 76
1441 66
686 506
291 278
823 183
732 137
1210 324
176 307
2190 406
808 136
220 86
486 486
1886 66
446 151
1966 576
131 1163
1002 556
695 93
769 126
521 66
538 56
559 206
2356 106
771 137
482 86
405 162
370 255
266 106
872 86
2382 556
446 151
181 280
252 93
343 156
786 56
1241 131
174 307
1970 286
446 151
769 66
1840 106
491 93
516 306
344 126
453 453
406 56
408 136
422 548
406 106
2404 906
718 66
549 97
256 136
810 506
1131 188
703 442
406 56
2404 906
1598 246
420 106
298 66
778 66
2026 66
2216 336
667 536
806 56
2026 66
1002 93
449 106
406 156
1289 393
406 106
356 116
325 136
408 556
391 97
1506 66
261 66
439 366
1703 66
407 93
320 258
839 76
388 66
1260 326
2292 427
422 419
621 378
476 126
391 97
2406 56
406 106
491 93
1260 995
456 106
356 106
750 768
445 66
496 138
232 406
1556 66
506 66
348 403
1289 406
2288 48
412 528
981 56
486 486
530 396
888 336
978 76
600 157
812 421
423 310
1146 66
884 356
1966 56
868 556
506 176
855 126
952 746
798 453
531 66
818 126
600 157
406 146
797 188
1076 256
458 406
1636 61
651 528
261 66
842 137
241 66
870 126
406 206
600 157
170 196
606 336
2011 556
802 93
666 424
943 76
255 383
378 225
344 76
686 506
893 86
1070 106
491 93
1570 93
855 126
889 406
320 286
1646 406
1391 106
491 93
441 358
470 138
499 56
429 307
185 503
1063 449
86 239
808 136
356 93
491 93
516 391
682 581
388 72
1091 66
2326 556
467 106
325 518
420 336
291 66
869 556
769 126
304 126
497 66
692 587
781 66
846 66
562 66
406 126
448 468
324 528
1598 246
767 68
2068 468
491 93
785 126
1188 61
620 93
677 68
465 156
392 87
506 396
2068 468
1946 66
769 66
745 318
2190 406
872 61
140 537
781 556
870 106
406 156
839 86
306 179
1966 576
296 156
750 768
336 197
406 156
2106 93
523 187
1441 66
1131 306
2216 336
783 548
420 336
783 528
1210 426
452 1206
768 556
937 158
540 93
1550 436
2106 106
667 536
413 93
306 179
406 116
639 56
433 156
186 285
491 93
2406 93
700 318
399 56
1755 430
290 187
1106 61
906 93
682 581
534 61
1066 336
538 56
396 166
256 136
781 356
1390 466
686 203
928 123
324 528
420 336
476 126
663 506
806 93
835 56
797 66
158 468
291 278
2326 126
559 206
870 93
422 419
1056 61
706 66
880 66
406 116
406 86
501 66
809 61
829 93
199 356
1172 517
806 286
486 486
657 146
456 121
651 528
1260 995
388 66
2316 56
486 66
1055 353
1040 616
829 93
86 970
453 398
781 66
421 66
445 126
2103 556
268 86
406 126
470 287
1758 76
406 86
783 308
2406 66
888 336
756 556
163 417
829 528
399 56
521 66
821 93
1946 66
818 586
726 96
2292 472
663 506
1356 116
1470 106
429 307
838 176
448 468
413 156
1135 76
321 66
868 556
532 158
746 556
549 97
291 278
430 421
181 436
141 48
1755 360
797 66
959 106
252 93
491 93
449 528
379 225
888 576
232 406
1500 56
1758 66
880 56
406 106
1946 66
1056 246
1598 246
2226 556
531 66
838 176
670 575
1733 86
256 136
612 257
406 166
606 239
570 256
106 106
2266 56
708 106
181 436
343 156
1030 336
356 116
392 87
568 206
2170 142
2368 468
746 556
455 226
2326 556
663 478
386 121
791 126
417 116
325 518
2103 556
188 86
406 126
706 225
888 66
756 556
482 86
556 546
695 528
511 93
767 68
888 336
448 468
516 414
286 156
1066 336
1565 561
806 56
1770 66
163 586
855 126
491 93
1210 545
491 93
316 392
783 528
1788 356
842 86
1140 76
636 196
888 336
2288 48
783 548
343 156
86 316
543 435
1895 76
756 556
390 137
1091 66
568 216
491 93
547 56
469 106
663 187
388 86
453 398
2216 256
1926 56
784 179
1606 66
324 528
470 287
291 278
1290 576
390 86
720 308
745 126
440 548
870 126
1289 402
941 66
1271 176
556 546
501 66
824 66
812 407
220 86
2016 151
1770 336
449 106
2382 556
508 306
271 93
170 196
386 121
666 556
778 66
802 366
2226 556
819 126
333 378
798 453
666 556
769 66
620 157
2216 336
371 66
656 256
620 157
887 203
937 66
874 123
875 365
406 106
256 136
497 66
441 66
1636 366
1646 406
417 116
716 106
406 186
86 489
468 66
620 157
870 126
428 96
348 403
420 336
1025 453
471 66
695 93
663 506
1306 66
1906 106
306 93
756 556
538 56
756 56
456 121
1534 48
341 93
593 417
430 407
470 138
2326 556
858 106
456 121
1002 93
1002 93
798 453
736 107
491 93
271 93
406 116
251 93
565 66
819 356
1755 360
348 403
271 93
406 146
600 157
320 258
474 61
2402 56
516 414
370 66
420 106
981 56
781 93
420 336
270 106
806 93
283 612
776 56
2326 66
254 76
348 403
621 378
1210 426
2402 93
888 307
721 66
375 527
1881 56
1063 453
406 56
888 548
990 558
843 187
829 93
2226 556
1598 246
324 528
383 277
170 567
241 93
888 307
356 324
1962 106
1659 398
570 66
256 136
300 267
766 93
1406 66
241 66
558 97
148 535
452 1206
549 97
491 93
1659 398
1550 93
2382 556
406 91
481 93
496 135
453 398
406 126
1066 336
320 126
858 106
289 1172
190 453
540 206
1598 246
539 503
639 56
600 157
397 87
960 126
930 86
2226 556
570 237
364 68
471 66
1886 66
172 389
811 486
2046 66
558 97
206 287
1290 576
181 280
2216 336
453 398
470 287
948 246
491 66
893 86
309 97
1176 66
2064 86
1063 449
695 93
421 66
521 66
906 66
421 66
1406 66
809 86
970 567
356 176
1056 246
2190 406
252 246
445 66
66 846
813 360
256 136
395 93
486 486
306 93
261 66
402 889
720 126
366 486
868 555
456 66
406 136
406 156
600 157
366 66
2206 51
256 116
2286 48
348 403
769 486
423 310
268 76
1210 545
281 66
943 76
808 136
309 87
2190 86
356 116
406 156
433 156
256 136
567 93
745 346
760 156
895 86
333 126
320 258
456 436
796 124
421 66
509 76
406 156
611 257
1218 76
808 136
811 66
2326 556
155 463
870 336
186 285
406 56
858 66
530 61
420 66
1306 66
1556 66
769 66
487 186
830 56
1526 606
1755 430
2266 66
530 158
606 56
224 429
1206 106
543 416
356 206
341 530
333 378
356 93
2326 556
2070 93
306 146
446 151
870 336
888 307
1570 93
695 528
771 162
787 56
1570 93
1260 156
612 68
486 66
606 336
371 66
611 257
836 66
540 206
429 468
1290 576
286 86
651 528
565 126
1406 93
1070 106
406 156
781 93
420 566
2286 48
760 156
2404 906
501 66
298 66
86 316
406 106
706 206
700 318
938 381
746 556
960 66
1210 426
468 206
549 97
553 489
1066 336
730 217
540 205
163 417
477 126
356 286
406 106
178 620
1063 449
1385 86
491 93
710 196
1546 414
448 468
921 86
203 397
422 398
913 417
919 528
271 66
816 538
870 66
1550 93
1755 360
521 66
910 126
939 86
744 347
1506 66
1266 66
295 97
502 66
666 424
1000 126
1260 956
406 126
497 66
291 278
491 93
663 187
1306 64
406 56
833 307
682 581
399 56
816 616
710 76
2326 768
422 419
892 123
288 66
1391 66
881 467
2016 151
2106 306
906 76
990 586
1041 56
1506 420
2382 556
1659 398
770 56
1966 576
408 106
338 66
876 86
1390 466
842 137
1091 401
1716 93
491 93
406 56
756 556
1716 216
491 93
421 66
818 558
781 536
378 225
356 116
835 556
66 536
802 366
785 76
600 93
1098 365
888 76
422 398
768 556
406 206
206 66
371 66
406 156
506 406
356 116
319 258
596 187
486 486
304 126
338 278
1036 356
1260 86
770 217
845 126
256 288
383 277
2071 46
343 156
960 566
516 584
774 179
1995 106
2106 306
465 156
441 358
206 66
420 66
1713 116
2396 56
356 116
506 158
990 66
565 66
695 56
2026 56
906 66
1406 66
2103 556
1770 66
784 179
155 463
386 121
888 126
178 115
483 558
320 86
808 136
456 106
540 206
1870 76
406 116
769 486
241 66
798 449
786 56
904 406
628 126
2326 556
1355 66
1970 286
893 66
343 156
312 68
1289 393
406 126
890 781
2402 576
183 743
268 56
761 486
747 318
350 179
890 537
2003 414
406 66
508 206
256 136
321 66
345 535
491 93
811 66
1246 406
259 377
2036 586
745 126
2406 93
491 93
570 237
906 468
392 87
406 56
182 403
420 566
1241 131
2402 576
651 528
823 76
300 267
553 433
491 93
888 126
726 134
256 970
406 126
887 203
457 106
348 403
2326 126
370 329
1290 93
2368 468
515 56
530 406
406 116
455 226
321 66
406 126
56 218
180 453
419 528
870 336
339 126
2226 556
429 307
288 66
1050 761
990 66
421 66
1826 449
1068 286
402 889
406 106
1088 326
330 436
870 106
406 156
1665 56
1870 86
441 360
858 56
456 206
374 126
497 66
1055 66
781 66
406 106
1206 106
422 548
359 87
343 156
456 146
1770 1010
990 66
470 66
2286 48
346 535
456 156
270 106
1966 576
872 61
593 417
348 403
86 288
206 388
474 61
406 106
913 417
835 528
406 106
745 318
256 136
388 106
486 56
1170 126
309 97
1288 86
745 93
309 137
737 66
565 358
1570 406
1818 86
639 288
377 56
767 137
356 106
304 126
770 1110
750 740
726 96
445 548
1071 285
420 106
1426 71
1419 56
1616 66
839 251
258 106
406 56
306 179
356 116
455 528
611 257
620 93
