800
1220 2440
611 257
516 584
606 239
812 421
356 206
483 558
256 288
746 556
2382 556
761 486
565 358
2210 206
1336 241
818 558
769 555
829 93
446 386
839 251
733 620
2006 566
2382 556
1210 546
2190 406
743 86
1659 398
875 66
227 832
1066 336
2190 406
459 428
2036 586
818 558
570 891
666 424
474 538
1498 820
770 217
620 176
1066 336
480 452
639 288
1606 426
2326 556
868 556
2216 336
927 556
508 306
506 396
1636 366
797 328
781 486
721 356
1659 398
341 355
420 336
224 429
516 584
1066 336
456 436
833 307
812 407
383 277
804 406
768 555
320 258
291 278
506 396
366 486
906 468
783 528
2136 303
402 889
2382 556
438 436
938 106
468 206
769 265
356 286
420 278
406 206
1506 420
1055 381
1056 246
2070 556
2226 556
906 286
421 66
520 438
1390 466
446 151
906 356
1290 576
422 419
324 528
449 556
356 324
1063 453
680 581
341 530
267 106
1210 426
1290 576
1770 336
928 123
1210 406
383 277
383 277
1506 420
1376 256
506 406
565 358
420 417
666 424
406 545
553 433
1290 576
420 306
881 781
2402 576
756 556
769 265
356 324
448 468
222 433
1246 406
530 396
316 392
663 506
829 556
306 336
783 308
441 358
1538 385
1970 336
870 308
761 486
291 278
798 453
783 308
470 287
430 407
835 123
123 478
1065 353
812 421
869 556
320 1150
1550 556
870 336
788 326
646 586
1606 426
348 403
1570 406
1438 625
1970 286
1550 420
420 278
232 406
2070 93
666 424
325 518
667 536
870 548
778 486
348 403
206 388
356 558
341 353
422 419
356 324
570 237
553 433
325 518
1966 206
884 370
870 308
2048 336
835 556
2106 306
1970 286
1606 426
320 286
383 277
1406 66
406 146
448 468
1030 76
86 268
341 530
1755 360
2402 576
868 555
320 286
890 537
1028 421
770 556
860 74
1251 347
1940 538
1659 398
1906 286
480 793
746 586
420 308
316 392
319 258
937 306
565 358
1526 606
811 66
1289 406
241 577
268 56
770 241
1526 606
1066 336
1218 76
422 398
990 558
848 453
919 528
1973 489
818 586
703 288
870 576
1251 347
324 218
2226 556
324 528
325 518
480 402
1068 286
409 251
1040 616
1210 545
393 889
516 391
812 421
356 286
333 378
417 116
703 288
2326 556
316 392
1289 402
397 225
750 740
1646 406
868 556
913 417
739 285
480 402
1658 86
565 386
556 466
811 486
306 106
356 558
2382 556
1398 600
289 1172
666 424
404 486
870 420
538 56
437 528
309 237
2070 556
593 417
1598 246
448 468
453 453
453 398
783 548
1289 406
1002 556
415 307
2126 546
891 66
1210 546
1289 406
1110 236
1906 286
252 218
1210 546
1701 246
224 429
1546 414
1703 66
891 256
948 246
651 528
835 528
1172 517
420 566
1040 616
1063 449
356 286
1063 449
990 558
1546 414
492 558
438 436
593 417
2292 346
2216 336
448 468
890 781
1755 430
2190 406
891 390
667 536
2382 556
406 106
721 356
745 318
806 286
833 307
1506 241
606 586
870 420
612 257
183 743
520 517
970 567
163 417
356 556
310 236
420 330
406 156
1025 453
1290 576
341 530
491 93
324 528
1338 256
695 528
651 528
781 486
2348 536
2406 581
2126 546
456 436
948 456
1289 393
1506 420
1570 406
2210 206
370 237
720 308
319 258
1480 728
420 278
1210 426
2326 556
439 366
888 576
1088 326
445 548
2404 906
306 506
2226 348
491 93
448 468
695 556
703 288
356 286
2326 556
770 253
453 363
1556 586
750 768
682 581
393 889
2326 768
320 1150
889 406
783 528
339 66
252 246
556 546
1404 468
1210 426
379 225
1040 616
960 566
570 237
740 770
666 424
422 398
625 353
356 324
906 66
1289 393
341 530
328 256
1718 625
1906 286
470 286
455 226
593 417
1398 620
706 576
1290 576
813 360
745 318
419 528
370 255
422 398
1550 436
1556 586
1210 324
768 556
1290 576
682 581
2126 546
1550 556
1910 66
259 377
666 556
455 226
870 336
818 323
456 336
1370 406
1906 286
853 937
813 360
695 556
559 206
320 258
2394 66
1063 453
406 206
406 146
1546 414
430 407
252 246
516 306
770 61
1419 456
813 360
667 556
1550 556
682 66
745 318
813 360
758 138
453 363
2348 536
291 278
453 453
508 206
320 258
706 576
639 288
733 600
784 56
422 398
663 506
480 402
406 206
1718 625
320 258
1966 206
343 156
1646 406
906 456
445 66
1555 372
778 66
906 468
259 377
441 358
2048 336
835 556
429 307
913 417
2292 427
441 360
430 407
2382 556
288 66
406 136
1398 600
745 346
384 456
486 486
530 396
1721 56
666 124
321 66
470 287
2226 556
406 156
1071 285
692 587
1290 576
406 545
1210 324
625 377
384 456
570 256
770 241
520 438
612 257
1646 406
1390 466
259 377
445 576
2382 556
383 277
1506 420
1289 393
516 414
881 467
456 156
356 324
1056 246
406 206
422 419
829 528
910 576
2210 206
438 436
441 360
667 536
480 452
456 121
803 421
2402 576
770 296
666 556
255 383
433 156
456 336
713 106
502 66
446 151
470 287
429 468
1659 398
429 468
356 286
316 392
338 76
812 421
1526 606
2006 406
324 528
891 576
1973 489
409 251
812 421
829 556
570 256
370 356
1555 372
406 156
306 146
740 106
445 548
756 556
366 458
291 278
406 206
255 383
776 241
1526 606
1131 306
348 403
291 278
516 391
1555 372
402 889
663 506
406 545
324 528
324 528
2402 576
516 391
750 768
818 586
888 336
2326 556
1646 406
703 446
1210 545
904 528
824 527
2151 46
1506 420
206 56
408 136
1356 306
252 487
906 356
1210 546
306 336
663 478
480 793
606 336
1063 449
656 256
1210 406
1025 453
745 346
818 558
436 458
746 556
366 458
448 468
744 347
319 258
565 358
1550 556
703 288
420 278
553 489
420 278
422 548
745 318
404 66
2402 576
453 453
703 442
456 336
306 336
328 256
570 66
224 429
606 278
336 286
813 360
888 307
990 558
336 286
2326 556
781 536
422 398
888 576
376 206
422 398
706 206
2326 556
438 406
1755 430
2216 256
902 358
421 66
870 576
423 310
356 324
1289 406
870 308
781 356
271 93
906 286
746 586
370 237
680 581
682 581
420 306
1131 306
419 528
370 329
778 486
761 486
1598 246
1068 286
1556 586
868 556
496 61
1826 449
2048 336
616 126
2259 555
178 620
663 478
812 421
682 581
255 383
606 336
1030 56
453 398
356 206
769 486
1063 449
383 277
1550 420
516 306
781 486
746 586
703 442
1506 420
370 256
406 156
420 306
941 56
2402 576
2106 306
356 556
611 257
2121 581
1063 449
206 426
695 56
931 271
1246 406
436 458
651 528
1036 356
1404 468
756 56
383 277
486 486
429 307
455 206
453 398
486 486
721 356
570 891
1289 393
1553 465
910 467
486 486
2382 556
1659 398
1906 286
1289 393
474 538
348 403
1601 381
1966 206
769 486
783 528
606 278
252 246
420 336
812 421
1398 600
222 433
420 308
888 336
224 76
1290 576
1063 449
666 424
906 356
769 555
570 256
746 556
2382 556
470 287
370 256
1398 620
620 570
612 257
639 288
516 414
1598 246
798 449
328 256
2126 546
718 66
1289 402
868 556
370 255
570 237
706 206
324 528
2326 556
370 255
870 576
666 424
470 106
486 486
436 458
530 396
1770 326
429 468
870 308
516 414
756 66
422 398
348 403
1103 465
406 156
520 438
1646 406
1236 306
516 414
1843 575
706 225
1550 556
348 403
449 556
333 378
456 436
