800
1220 2440
781 486
1601 381
2326 768
406 116
471 66
783 548
1236 306
2382 556
1030 336
158 285
422 548
530 396
448 468
1570 406
341 530
455 528
516 306
2321 152
746 586
438 436
530 396
856 356
268 406
2316 56
320 258
970 567
1210 546
818 558
937 287
346 535
356 558
341 530
486 486
384 456
667 536
1659 398
620 570
437 528
702 353
319 294
888 336
553 489
1290 576
283 611
520 438
768 555
957 456
419 528
715 516
393 889
1150 236
356 206
747 328
486 486
1289 406
1040 616
612 257
375 527
812 421
445 576
221 389
770 241
1636 366
667 536
206 408
2086 66
346 535
406 206
1293 56
937 306
706 576
356 324
720 335
438 406
348 403
553 489
1546 414
820 337
906 456
1788 356
440 548
516 391
746 556
480 402
739 285
1210 324
888 66
508 306
429 468
1063 449
422 419
1088 326
1550 420
906 356
422 398
516 414
415 307
422 419
1470 106
1940 538
449 528
750 740
1721 56
746 586
1966 206
957 456
740 770
2326 556
438 406
348 403
1506 241
1906 286
470 286
516 66
682 474
1063 449
606 336
781 66
328 238
530 396
573 326
543 416
778 486
706 206
1398 620
283 612
2226 556
412 528
2048 336
990 586
455 206
370 255
1966 576
1970 336
320 296
328 256
321 66
744 347
1260 307
2106 56
163 353
429 468
393 889
2382 556
420 308
904 406
891 66
740 770
695 528
316 392
1376 256
1506 342
870 336
1289 393
1659 398
455 206
436 486
2226 556
570 237
324 528
319 258
813 360
2382 556
1755 430
288 246
667 536
2016 151
2226 556
818 558
430 421
429 307
356 116
1718 625
739 285
393 889
1066 336
1131 286
869 86
517 93
422 419
1506 342
720 308
1290 576
829 93
404 486
289 1172
835 528
891 576
2348 536
316 392
2326 126
404 486
252 246
456 336
456 336
1063 449
783 528
167 308
2006 93
2003 414
816 538
651 528
1025 453
1040 616
970 567
256 136
553 489
397 225
2106 56
870 576
565 358
438 436
1210 545
881 781
343 156
803 421
1210 426
1088 326
470 286
1340 256
612 257
497 66
667 556
379 225
356 324
383 277
310 236
1606 426
889 406
570 237
1506 241
429 468
2066 506
324 528
798 453
570 891
393 889
856 356
835 556
259 377
453 453
910 576
1210 426
516 414
345 535
818 558
356 324
446 386
436 486
1843 575
1908 86
1020 306
870 576
2226 106
429 468
252 218
496 92
747 328
553 489
445 576
931 306
1550 436
520 517
2190 406
1556 586
374 126
927 556
2292 472
2226 348
1210 324
904 406
423 310
663 506
706 225
1210 545
706 225
606 239
356 286
348 403
1289 402
540 206
720 308
336 286
2402 576
870 308
990 558
371 508
383 277
1646 406
870 336
570 237
453 363
420 336
1289 406
310 236
906 468
455 528
1966 206
2326 768
516 137
371 66
406 206
1289 393
816 183
890 537
695 528
783 308
539 503
667 536
2368 468
1289 393
1598 246
770 241
990 586
606 336
2036 566
341 530
2382 556
309 137
570 256
438 406
2326 556
289 1172
1406 93
835 556
309 237
2259 555
798 449
700 318
2402 576
420 336
2402 576
328 307
161 449
798 453
1506 241
480 452
1598 246
906 456
789 137
1210 426
670 278
666 420
888 126
927 256
2382 556
256 970
325 518
319 258
386 121
415 309
593 417
1390 466
2216 256
2226 556
420 278
320 296
952 746
1973 489
241 575
889 406
348 403
611 257
438 406
1063 449
422 419
459 428
1055 381
320 258
289 1172
625 353
625 377
746 586
383 277
448 468
811 486
1506 420
1556 106
720 308
813 360
2216 256
1210 546
2226 556
320 296
1506 420
1506 420
2226 556
324 528
2190 406
1973 489
221 389
420 336
696 56
1289 393
438 406
906 468
770 556
1236 306
356 206
797 216
448 468
948 456
406 116
1178 218
366 556
2382 556
320 258
1755 360
486 486
516 414
1210 545
1788 356
333 378
1716 216
356 206
346 256
252 246
733 600
888 336
663 478
422 398
1210 545
486 486
406 545
2106 306
300 267
341 93
611 257
1002 556
1570 406
406 156
2070 556
422 419
2402 576
356 286
376 206
1556 586
810 506
565 386
406 206
224 429
543 435
1289 406
756 556
568 66
1246 406
667 556
348 403
256 970
330 436
703 442
809 86
452 1206
2326 556
1050 761
420 336
320 258
456 156
868 555
1131 286
715 516
1506 420
646 586
666 556
348 403
781 486
480 793
798 453
453 398
441 360
455 528
680 581
818 586
397 225
778 486
516 584
366 458
474 538
1071 285
529 469
656 256
781 536
252 218
420 336
422 548
224 429
1506 420
781 508
745 318
898 278
1236 306
1104 576
320 258
882 93
1210 426
829 556
888 336
383 277
830 433
667 528
1210 324
441 360
420 267
324 218
870 308
891 576
140 537
888 336
456 156
420 308
904 406
888 307
1755 430
666 424
324 528
336 286
913 417
2382 556
1063 449
666 420
682 554
1970 336
666 424
829 556
593 417
703 288
824 527
806 236
308 106
366 458
810 428
2190 406
612 257
2093 556
556 546
888 576
816 616
319 258
667 536
422 548
804 406
448 468
1701 246
938 381
781 508
706 206
438 436
436 458
844 123
1210 426
990 66
2402 576
453 363
2126 546
421 66
2382 556
829 528
910 66
458 406
1210 406
1210 324
420 267
326 66
990 586
756 556
1340 256
422 419
902 360
221 389
530 396
1246 406
232 824
1068 286
990 586
2216 256
429 307
756 556
756 336
309 237
1752 336
829 528
1355 66
1063 449
835 528
420 566
771 137
728 556
716 206
848 453
898 278
1498 356
470 286
470 286
470 286
2382 556
747 318
1210 324
2382 576
391 97
348 403
1028 421
1066 336
348 403
769 486
486 486
348 403
486 486
429 307
2348 66
320 258
1462 306
884 370
506 396
456 436
470 377
1191 216
786 236
252 487
1063 453
952 746
423 310
516 584
1066 336
750 768
960 566
870 336
1063 449
404 486
706 225
356 206
232 824
516 414
2068 468
870 336
420 336
455 206
761 486
888 307
378 87
2348 536
1289 406
458 406
348 403
700 318
420 336
818 558
439 366
449 93
667 556
1843 575
341 530
870 308
470 530
1770 336
2292 346
449 528
769 486
783 528
960 566
2382 556
829 528
2070 556
1659 398
312 68
835 528
543 416
570 106
1025 453
371 66
682 581
486 486
422 419
255 383
818 558
320 258
703 442
378 225
756 56
816 216
756 556
458 406
706 56
1210 545
1066 336
2190 406
1570 406
835 556
744 347
565 358
927 256
341 530
438 406
890 781
756 556
1404 468
891 576
291 278
700 336
2036 586
336 286
516 414
420 308
2402 576
910 467
383 277
891 556
798 449
769 486
333 378
252 218
356 286
467 106
812 421
429 468
695 528
423 310
2292 472
1606 426
539 503
388 72
448 468
2382 556
1398 600
629 356
383 277
818 586
2006 406
573 326
320 258
289 1172
411 528
586 106
2079 66
830 433
612 257
483 558
297 56
2382 556
420 566
406 356
1002 556
540 205
770 271
356 206
486 486
650 894
570 237
516 391
429 307
706 576
1210 545
730 236
778 486
2326 556
606 586
406 126
406 106
686 506
902 358
868 556
919 556
2006 406
406 156
1066 336
833 307
625 377
1210 546
474 538
291 278
891 576
406 545
1555 372
441 360
516 391
370 255
783 179
1770 336
1066 336
255 383
2292 427
1506 420
756 556
1071 285
556 546
455 226
420 106
692 587
341 355
888 307
706 206
530 396
348 403
1970 286
232 406
420 330
839 286
906 356
480 402
1506 342
1526 606
