2500
1220 2440
321 93
252 93
2070 556
306 198
356 176
1818 86
532 158
256 136
406 186
220 86
1210 126
447 56
768 556
366 56
606 239
1659 398
769 265
942 86
2012 151
844 123
2116 61
417 116
2406 93
1296 166
1210 545
343 156
325 136
489 86
406 106
471 66
281 66
320 258
629 148
2402 56
981 56
1007 106
327 96
256 179
600 176
829 93
491 66
1206 48
172 469
489 86
530 396
1388 66
538 66
1033 93
328 256
1418 66
306 93
283 87
889 406
420 86
2106 86
406 156
388 72
163 417
388 66
456 106
178 620
810 66
556 60
876 86
741 86
341 93
2406 106
491 93
2408 56
703 442
870 308
420 308
356 206
695 93
341 93
501 46
406 56
165 553
420 306
470 106
540 206
388 72
170 567
241 66
336 286
266 106
666 86
928 123
2326 556
283 87
868 556
406 136
1550 93
491 93
1063 449
888 576
185 503
809 86
770 86
190 453
1550 436
620 157
540 205
406 156
343 156
710 66
620 176
812 56
396 166
429 468
1770 66
756 336
467 106
781 1202
990 56
468 66
783 68
829 93
543 435
531 66
477 126
939 86
346 256
220 86
519 56
2216 336
491 93
308 106
1170 66
366 106
990 66
402 889
370 197
206 66
824 106
766 93
919 126
528 56
2126 546
491 93
406 106
839 86
256 116
174 307
1731 66
1276 166
536 56
1063 76
406 156
821 93
806 93
2091 66
170 567
2026 66
185 503
770 93
576 239
1266 66
1210 93
842 137
881 781
1906 106
501 66
829 93
165 553
371 126
370 86
829 93
388 66
422 548
829 528
695 56
1319 156
990 126
163 417
1210 546
396 106
2190 86
809 86
491 93
781 66
769 66
859 86
158 285
1355 66
1556 586
842 137
185 503
341 530
1260 156
809 156
835 93
786 56
406 136
2190 406
687 184
344 126
511 66
2402 56
486 56
343 156
231 76
562 66
491 93
417 116
750 148
870 106
713 86
717 66
888 336
640 87
467 106
780 197
390 137
486 486
768 93
990 66
853 76
370 66
880 56
511 93
480 56
417 116
1041 56
1077 86
768 126
169 386
811 486
2423 93
436 66
2206 56
1836 56
938 66
990 558
343 156
853 385
1731 56
710 93
824 66
791 126
818 558
531 66
809 86
376 60
928 123
343 156
663 66
163 417
872 64
306 106
183 397
1041 56
891 86
408 136
406 96
769 66
232 824
491 93
620 93
2021 66
406 156
826 66
523 133
812 203
874 123
732 137
86 489
600 157
406 146
889 406
409 86
2348 536
202 894
1020 56
378 87
491 93
408 136
406 116
2402 576
770 253
386 121
446 151
806 286
806 93
656 256
417 116
860 67
957 66
422 398
828 126
966 86
298 66
556 546
379 225
491 93
2266 66
558 97
781 486
1421 106
388 72
445 66
628 126
409 76
422 126
123 936
960 66
1170 126
2070 93
496 76
708 106
1206 93
2070 93
491 93
450 56
1255 156
324 218
2382 556
740 106
321 66
747 318
241 66
271 93
905 198
199 356
429 468
271 93
399 56
320 86
1135 76
406 156
2382 556
406 106
620 157
341 93
1030 56
1920 91
344 126
928 123
406 126
706 86
356 558
710 196
300 1068
406 156
663 156
690 86
2106 56
356 176
402 173
758 146
140 537
756 88
750 93
370 106
497 66
267 106
396 106
123 936
767 137
2151 46
1870 86
1241 131
1326 66
789 137
306 106
291 278
1770 66
446 151
271 93
424 136
746 56
465 156
839 86
420 278
392 87
420 66
1526 606
306 179
470 106
1546 414
978 76
2266 66
890 781
1470 136
1326 66
870 66
393 126
859 86
620 157
808 187
304 126
420 93
406 183
950 106
406 126
781 66
206 66
448 468
829 93
470 286
2226 106
1406 93
391 97
406 156
123 66
1000 93
870 126
516 66
178 115
356 236
356 93
406 156
870 126
1210 546
1550 93
1586 56
2026 66
786 236
1203 66
506 94
106 106
1506 420
406 186
769 66
695 93
406 156
676 106
860 67
486 106
406 91
220 86
843 187
2116 56
1870 76
726 134
870 66
380 76
1382 66
370 66
2070 126
396 106
456 146
491 66
1380 76
158 285
446 151
746 56
406 126
1406 66
343 156
1895 76
321 66
1260 156
406 156
396 106
1266 81
975 86
324 218
320 126
830 86
870 56
338 66
516 66
413 156
808 136
1135 76
406 136
600 157
452 86
306 146
937 158
791 126
482 86
283 612
356 286
808 136
421 66
839 76
1131 286
2071 46
760 56
1390 98
570 237
406 66
798 449
268 76
185 503
893 86
703 442
511 93
845 126
770 61
406 156
1970 286
406 106
876 106
797 126
251 66
600 176
1733 86
657 146
809 61
172 363
402 173
333 378
367 86
439 56
406 166
775 166
123 918
502 66
501 66
456 106
161 450
2070 126
620 157
271 93
2126 46
406 136
906 286
1802 76
732 137
938 106
1406 66
740 770
1506 66
1416 176
338 66
391 66
343 156
1406 93
1382 66
2116 56
726 66
981 66
325 136
2066 506
491 93
409 76
1063 449
1593 106
624 175
906 66
606 278
769 486
455 206
769 56
370 197
680 581
1601 381
1002 556
286 136
1534 48
386 121
421 66
536 56
309 137
799 76
663 66
839 76
431 66
838 176
148 535
339 66
1006 86
2292 346
808 136
596 187
2286 48
1406 66
805 56
768 556
256 136
784 179
1030 86
406 116
695 56
241 66
406 56
1406 93
393 889
406 126
390 86
356 131
888 126
338 66
406 126
291 278
456 121
565 66
855 66
441 66
2021 56
486 56
470 66
396 91
1236 306
344 126
651 528
823 76
1030 56
756 66
1290 576
2026 56
417 116
620 93
1438 625
2406 581
458 66
388 72
1135 76
511 66
785 76
1251 347
491 93
741 91
298 66
386 121
1326 66
406 136
320 86
626 126
667 528
2021 66
2326 556
2005 66
528 86
406 156
818 558
1210 406
1770 93
1391 106
386 121
447 106
1506 106
404 66
396 106
356 93
481 93
320 56
2292 472
1606 66
948 66
889 406
981 286
558 97
444 137
516 66
406 56
779 545
939 86
406 156
812 203
441 358
356 66
271 93
231 76
178 115
291 66
2406 106
898 106
594 66
186 285
547 56
489 98
788 66
835 556
937 158
406 66
158 305
741 56
341 93
783 179
1701 86
1056 246
405 162
639 48
386 121
682 581
421 66
406 186
1418 96
2070 126
1170 66
398 93
663 126
770 106
1055 66
868 555
556 61
452 86
509 76
491 93
803 170
491 93
538 56
806 286
470 377
959 66
486 486
408 136
458 86
261 66
252 93
549 97
338 146
2266 66
506 106
720 336
1770 326
406 156
839 86
928 123
406 136
306 146
406 116
565 66
1063 449
489 98
1788 66
406 186
1606 66
371 66
732 137
891 66
2288 48
316 66
659 56
252 93
828 66
1441 66
491 93
990 66
456 146
530 106
174 553
406 86
338 146
424 136
2402 48
796 106
2288 48
431 66
811 56
308 106
406 106
456 106
271 66
770 356
868 93
733 600
769 126
406 156
108 427
185 503
406 156
456 156
948 126
2326 93
420 86
910 126
491 93
420 336
1387 66
392 183
506 66
491 93
409 76
232 824
421 66
868 126
750 126
489 98
842 137
746 586
851 137
809 61
868 93
2406 86
256 126
438 406
2406 56
344 126
2005 106
422 419
370 106
620 176
1056 246
356 131
1466 88
1221 56
891 126
1260 66
281 66
406 106
1688 106
1076 66
447 56
406 156
528 66
491 93
291 66
1872 106
895 86
2382 556
378 87
896 203
456 156
470 76
540 205
456 156
870 106
816 183
397 87
338 56
390 86
506 406
163 417
803 170
270 106
182 338
1382 76
428 96
920 76
785 66
341 355
421 66
1288 86
1788 66
588 66
496 61
758 106
891 66
1000 93
446 151
770 126
309 137
1956 66
741 61
342 166
1906 286
540 205
438 436
402 173
406 136
835 556
1010 307
469 106
870 106
1746 66
745 93
445 548
930 86
870 86
835 56
456 156
2036 566
806 93
391 97
356 116
241 93
937 66
406 156
1752 93
206 66
855 126
534 61
491 93
542 86
181 436
445 576
383 277
1020 66
206 56
776 56
1870 76
291 66
835 93
1953 86
2406 66
420 106
990 66
199 356
283 87
1665 86
717 126
657 146
251 66
306 179
806 93
470 286
1406 66
356 106
1770 66
406 106
806 161
870 66
420 106
769 126
1108 57
600 157
2406 93
1030 56
540 206
406 93
791 126
559 206
306 179
860 74
256 136
406 116
441 66
1426 64
1656 56
325 136
855 126
2370 106
471 66
891 126
930 61
906 93
990 66
1582 86
406 93
870 308
770 126
540 206
778 66
1210 426
366 66
842 66
518 66
1881 56
819 66
258 106
1007 106
178 620
2316 56
910 66
406 91
1210 93
657 146
570 86
770 86
526 66
406 126
870 106
1260 66
720 126
718 399
406 146
480 56
769 126
491 93
392 87
530 158
388 86
261 66
1713 116
913 417
86 268
680 554
840 66
406 116
421 66
580 76
486 56
783 179
549 97
406 56
445 66
441 66
424 136
366 66
781 56
366 66
497 66
491 93
322 97
778 56
1936 426
406 106
256 136
2396 56
990 586
981 76
1050 761
600 157
1895 86
1131 188
802 93
1419 56
420 566
913 417
835 56
808 136
291 66
456 106
391 66
511 66
446 151
1806 66
256 136
389 87
406 146
406 156
656 126
2316 56
456 106
391 97
271 93
681 106
768 93
521 66
2316 56
448 468
388 86
406 106
810 66
2286 48
736 107
445 173
835 93
344 136
2286 48
2170 142
321 66
876 86
383 277
445 173
396 106
869 86
686 203
499 56
378 87
417 116
888 336
565 93
356 131
2106 56
882 86
2316 56
186 285
2402 56
408 106
1582 86
491 93
496 76
930 86
1135 76
388 106
2288 66
766 93
163 353
802 366
855 66
491 93
1416 176
286 136
471 66
424 136
1606 426
386 121
565 66
908 61
663 66
309 137
458 66
471 66
202 894
232 824
390 137
396 106
687 184
937 66
2326 126
798 449
570 66
1616 66
656 126
919 93
466 126
2406 93
872 61
1870 76
556 60
568 66
406 136
406 156
406 156
251 66
511 66
1088 326
870 126
1416 176
448 468
366 66
745 126
2067 56
812 86
930 106
2036 586
966 106
497 66
1659 66
290 206
1385 86
1260 86
562 66
2266 66
416 76
767 137
525 173
913 417
768 126
306 93
703 442
406 106
288 66
506 406
406 136
745 66
163 417
741 61
320 76
659 56
499 56
761 93
804 406
695 56
786 88
880 66
538 66
558 97
870 93
388 106
511 66
746 86
86 239
1666 61
390 86
406 146
849 66
269 66
388 72
860 156
347 66
769 486
1506 106
406 126
306 146
202 894
774 179
1820 93
768 93
320 258
796 95
406 126
1385 76
366 66
2156 60
436 66
874 123
1140 76
768 93
921 86
506 48
845 126
391 97
663 506
256 136
392 183
639 288
811 66
291 66
606 66
1030 56
747 318
680 66
409 76
1746 66
975 86
391 66
343 156
2316 56
393 126
406 166
486 56
531 66
421 66
716 90
1486 56
1550 93
656 196
356 106
2106 106
808 136
367 86
1251 61
2402 48
1070 61
391 66
329 136
359 87
326 66
270 106
224 429
396 106
521 66
2026 56
491 93
324 528
646 66
2044 106
420 106
220 66
1908 86
356 176
261 66
406 106
471 93
2348 66
1391 66
2292 472
1820 93
629 148
870 126
306 179
506 176
499 56
868 93
811 66
778 66
1651 106
388 106
668 166
806 93
2066 506
778 66
486 56
1356 86
497 66
404 66
808 136
798 449
306 106
456 156
771 137
868 126
588 256
919 93
508 126
421 66
2406 106
261 66
606 239
163 586
447 106
491 93
1546 414
256 136
906 468
808 136
181 436
547 56
306 146
2070 93
312 68
491 93
158 468
406 156
761 106
540 205
438 436
339 146
856 126
286 56
2121 88
406 156
739 285
549 97
2326 556
743 86
271 93
241 66
781 66
981 56
651 528
620 93
783 548
163 417
1260 346
778 66
1426 71
818 586
906 156
845 126
957 456
567 93
888 66
2070 126
1402 86
417 116
202 894
1970 156
612 257
950 51
532 86
86 489
904 528
481 93
470 76
356 106
682 581
1406 76
356 558
1526 56
406 106
402 173
491 93
888 307
430 407
536 56
806 106
420 330
471 66
853 385
422 398
1385 86
406 186
291 66
2406 93
2406 93
306 106
556 66
261 66
392 183
298 66
2326 126
388 72
1041 56
444 137
421 66
570 66
888 76
1000 93
1709 56
141 431
811 486
306 198
469 106
2406 66
366 56
438 436
306 126
594 66
819 93
666 424
818 126
446 151
1076 66
600 93
420 66
1266 66
1326 66
716 106
887 203
1770 66
356 116
612 257
439 66
606 336
910 126
406 116
251 66
696 176
1962 61
326 66
1206 93
86 239
340 93
389 87
446 151
456 66
558 97
1713 116
1752 336
1143 198
406 136
620 93
1179 76
565 66
458 66
456 121
66 802
706 56
439 56
797 328
528 56
256 136
170 567
501 66
771 137
844 123
1288 86
600 93
870 336
2382 576
341 93
316 392
893 66
491 93
1651 106
487 186
398 93
1271 176
1528 86
620 157
270 106
1306 66
256 146
1170 88
139 413
344 136
356 236
306 126
761 93
163 417
842 137
713 86
491 93
406 106
241 66
771 137
491 66
870 66
2116 61
456 106
1419 56
626 126
1843 575
2216 95
320 258
456 146
1441 66
906 93
745 126
491 93
1608 106
2060 66
1709 56
406 86
810 66
1950 46
770 86
656 256
778 66
322 97
406 156
470 66
386 121
286 156
2190 86
532 158
1421 106
870 126
797 66
2406 88
486 56
921 86
1598 246
309 137
853 428
1167 76
309 137
1871 66
695 93
356 116
549 97
389 87
1140 76
408 136
186 285
549 97
784 179
1040 616
341 93
1008 46
458 66
785 76
600 157
2064 86
588 256
1701 246
417 116
756 56
2439 93
568 66
1528 86
163 417
845 126
368 86
497 66
429 468
670 575
874 123
406 126
811 66
640 56
1866 61
1241 131
247 93
1770 93
549 97
920 76
377 56
2012 151
758 72
486 486
469 106
556 66
868 93
406 116
516 66
406 126
710 196
422 398
606 336
797 66
306 146
838 176
868 126
497 66
743 86
482 86
799 76
286 156
456 106
639 56
746 586
268 56
808 136
856 88
188 86
470 287
785 76
540 206
306 93
842 137
700 136
415 66
811 66
2382 556
111 395
908 61
370 66
611 257
1752 93
2070 93
491 93
789 126
770 93
770 126
1526 88
496 92
182 397
1041 56
306 126
347 66
339 68
415 66
306 146
758 138
611 257
931 271
406 156
220 66
568 56
558 97
835 123
359 87
359 87
2259 555
953 86
696 56
421 66
888 336
343 156
891 66
1550 86
480 452
1206 66
2382 556
406 106
320 107
1731 66
663 66
487 86
845 66
840 66
441 66
810 66
252 246
719 172
241 66
406 136
1002 93
888 66
445 548
1056 86
521 66
392 87
290 206
2406 56
780 197
1155 156
803 106
471 66
390 137
320 88
455 86
471 93
391 97
796 56
491 66
174 545
811 66
325 136
256 146
829 93
202 894
547 56
1382 76
1201 66
893 356
1713 116
453 398
406 156
616 66
1658 86
769 66
811 66
456 106
453 453
1260 48
620 106
1570 93
491 93
888 336
136 185
1306 64
830 86
445 576
456 336
1048 86
465 156
547 56
356 324
501 66
406 136
540 206
655 66
469 106
1091 66
446 151
1550 93
706 206
530 158
1656 66
2208 66
2016 151
908 86
310 236
348 146
370 66
1486 56
829 528
830 76
271 93
383 277
669 86
406 156
706 225
2406 56
406 86
356 106
663 66
809 86
1000 126
806 93
304 126
808 136
2326 556
696 88
778 56
339 146
856 356
1002 93
419 86
2326 556
565 358
2326 126
319 258
306 93
531 66
406 156
1000 126
656 126
453 398
248 66
906 66
348 403
710 241
828 93
506 176
445 66
1241 131
1612 93
340 93
1556 93
880 66
1007 106
842 137
390 137
2316 56
470 126
528 66
2048 336
1770 66
256 136
406 156
808 136
508 126
441 66
2206 56
750 138
256 116
482 86
320 107
745 66
139 413
506 406
406 106
414 76
172 363
1210 324
910 66
620 157
553 433
406 156
515 56
446 151
113 427
406 86
286 136
2070 93
2426 56
667 536
788 88
842 137
606 336
890 106
406 136
309 137
1886 66
256 146
406 86
934 198
439 66
202 894
224 429
720 308
421 66
785 76
1666 86
1970 286
1956 191
1290 93
981 76
320 258
406 56
406 156
406 56
202 894
706 576
2056 93
1716 93
1419 66
1962 61
895 86
639 48
456 66
467 163
540 93
835 93
421 66
424 136
286 56
516 391
667 556
241 66
406 156
549 97
308 106
700 136
1063 449
1306 56
797 188
406 106
491 93
767 137
2073 66
888 66
202 894
2423 93
1002 93
506 66
703 288
406 156
452 1206
2321 152
1752 93
565 66
148 535
256 93
668 166
491 93
1900 98
2064 86
468 66
248 66
370 66
1755 430
198 323
2406 88
750 126
776 76
839 76
1570 93
163 417
620 157
1946 66
816 183
931 93
406 56
798 449
320 76
990 66
1406 56
1030 56
695 556
123 478
906 156
406 106
386 121
359 87
921 86
406 156
388 76
594 66
696 88
547 56
853 76
682 581
1870 86
770 86
785 76
111 638
256 136
769 56
289 1172
470 286
2161 56
771 137
146 466
406 106
271 93
444 137
891 126
302 126
2210 206
570 66
471 66
1570 93
261 66
937 66
445 86
341 93
919 556
2026 66
511 66
620 157
1063 449
456 121
256 116
456 106
791 126
423 310
202 894
791 126
888 307
501 66
2070 126
496 61
86 352
178 620
396 106
1500 56
232 824
406 136
586 106
906 66
402 173
256 116
808 136
2348 536
720 336
449 556
718 399
326 66
457 106
491 93
150 56
663 478
521 66
639 48
2012 151
1218 76
386 121
540 206
880 66
424 136
377 56
1616 66
471 66
562 66
756 556
872 66
341 93
420 93
1007 106
491 66
1820 66
491 93
771 162
406 106
429 468
530 406
456 146
2070 93
420 106
1956 66
540 205
842 137
1210 406
286 156
306 146
696 176
407 93
651 528
805 56
1895 86
870 93
620 157
853 76
470 287
803 421
158 468
620 93
341 93
1410 126
406 166
870 66
456 121
516 414
180 453
1616 106
430 421
781 66
2106 106
444 137
406 116
882 93
1206 61
2402 56
1416 176
163 417
182 403
870 126
350 179
941 66
486 56
386 121
1007 106
663 66
183 743
316 66
706 225
446 126
491 93
374 126
325 136
769 486
56 506
406 116
2402 576
206 66
1829 138
824 106
86 489
226 196
729 86
870 548
2005 66
516 306
406 146
326 66
558 97
417 116
333 126
892 123
625 353
1863 56
456 66
406 106
860 56
519 56
1826 66
786 56
808 136
600 157
805 56
870 106
745 346
906 66
321 66
420 278
449 93
920 76
818 66
156 788
306 179
651 528
481 93
379 225
306 126
2402 93
420 308
420 106
511 66
477 126
1718 625
1416 176
347 86
876 106
781 93
1418 66
366 556
1289 406
393 889
975 86
888 126
816 538
471 66
874 123
400 86
2280 66
359 87
446 151
397 87
406 156
491 93
378 87
482 86
486 56
288 66
771 137
417 116
356 206
1770 66
849 66
155 463
2408 56
370 255
830 86
1126 56
839 86
359 87
928 123
1498 356
281 66
2005 66
471 66
406 106
540 206
148 535
481 93
406 106
338 76
491 93
328 66
420 336
471 66
471 66
440 548
436 66
206 66
339 146
666 86
806 286
482 86
558 97
887 203
829 93
2044 106
471 66
343 156
406 116
809 86
280 93
2070 93
521 66
906 66
696 156
420 126
180 453
2121 56
406 166
666 424
491 93
491 93
333 378
406 106
870 66
736 107
386 121
396 91
470 106
766 93
1598 106
486 56
1155 156
320 126
343 156
750 768
868 93
789 137
1536 66
406 156
855 126
2326 93
656 196
174 307
586 106
161 450
2156 60
778 66
888 126
978 76
758 146
666 424
1556 106
1406 93
663 66
368 86
344 136
835 93
860 156
371 126
948 61
486 56
341 93
396 91
750 93
506 106
811 66
835 93
506 61
769 86
666 146
406 136
458 66
456 66
717 66
169 386
256 136
870 106
639 288
501 66
1356 306
887 203
406 126
613 86
181 280
366 56
732 137
406 106
716 106
511 66
1556 66
406 56
1380 66
786 56
256 136
348 403
508 126
446 126
950 51
2121 61
356 116
420 66
486 56
486 486
1733 106
470 76
413 106
760 74
356 93
910 467
506 396
1270 66
892 123
291 93
2371 66
371 66
600 157
1155 156
406 156
695 93
1508 56
2382 556
445 66
1966 206
356 116
1995 106
486 106
970 66
309 137
354 121
1616 66
393 126
1106 61
406 106
341 93
538 66
1411 336
860 74
1872 61
557 86
1910 66
1306 64
1000 93
367 88
808 136
1167 76
1066 336
2064 86
406 156
421 66
1836 61
516 66
746 56
406 156
2106 56
408 136
1802 76
406 106
710 93
202 894
1048 86
663 66
767 137
388 76
386 121
540 206
123 918
769 56
868 555
370 86
486 66
978 76
1498 820
422 126
1167 76
906 66
406 156
356 286
506 106
409 86
409 86
325 136
760 156
606 56
870 126
1055 126
829 93
455 206
774 179
1063 453
470 530
241 93
1651 66
1826 66
339 68
771 137
328 256
745 66
547 56
811 486
1752 126
408 136
516 414
636 196
788 66
536 56
413 156
379 225
406 156
823 76
1033 93
695 528
456 146
2406 88
1290 576
729 86
703 442
1385 86
306 166
808 136
371 536
402 126
540 206
329 76
1406 93
406 86
808 187
2326 93
371 126
291 66
565 126
470 66
1246 406
511 66
291 278
470 106
919 126
826 66
1703 66
791 126
870 336
1870 86
1406 66
990 66
251 66
538 66
348 146
366 556
1370 93
406 93
1953 86
769 66
421 66
291 66
876 86
817 93
188 86
600 157
406 66
446 86
324 528
468 66
889 406
370 329
56 218
888 548
320 86
531 66
474 61
1290 93
511 66
446 151
306 166
898 106
1606 426
449 106
695 93
367 106
1973 489
2436 56
868 556
1556 66
768 126
1056 106
470 287
1870 76
456 156
198 323
1002 93
1688 106
717 126
406 156
420 93
818 558
2068 468
1953 86
870 126
180 453
818 323
808 136
567 93
421 66
872 66
267 106
1416 106
341 93
758 146
422 398
458 86
888 66
251 66
420 278
341 530
404 56
422 126
338 146
1665 56
496 135
818 66
806 56
666 146
321 66
957 66
341 93
341 93
835 93
538 56
446 151
356 106
1890 61
1506 342
2026 66
446 151
1108 57
377 56
456 146
870 126
421 66
855 126
517 93
232 824
1241 131
587 56
1382 66
356 116
406 96
521 66
1007 106
424 136
501 46
1071 285
86 316
406 156
2411 58
1355 66
565 126
680 76
769 486
168 353
888 307
844 123
294 156
739 285
1406 66
406 106
482 86
269 66
456 106
167 308
506 48
606 586
338 146
1210 93
283 612
2439 93
2011 66
716 90
819 356
356 176
870 93
829 528
375 126
256 126
161 449
343 156
458 406
450 56
511 66
873 93
238 76
688 66
