1000
1220 2440
779 545
251 93
408 556
393 889
397 225
1570 158
354 121
779 545
870 106
1056 61
336 286
906 456
2026 66
336 286
420 336
702 355
1970 156
869 556
1788 356
812 421
990 586
1210 545
906 456
371 66
2326 556
1566 66
1940 538
470 258
2382 556
220 66
1970 336
420 278
241 66
516 306
422 548
348 403
390 86
366 556
252 246
309 137
2292 472
163 417
881 467
298 66
310 236
258 106
369 356
2402 576
1506 241
606 336
816 538
320 258
348 403
420 336
356 324
2216 336
769 486
325 518
906 66
1770 66
1755 430
888 307
957 456
534 61
306 126
256 146
2210 206
750 768
406 206
1670 106
322 97
667 536
732 137
695 556
386 121
769 486
348 403
480 402
182 403
611 257
469 106
178 620
1210 546
406 106
348 403
750 768
803 383
904 406
508 306
1068 286
1210 324
406 106
456 106
383 277
818 323
516 414
309 237
220 86
429 307
888 336
818 558
783 528
781 1170
890 106
450 66
356 324
614 218
406 156
720 335
325 518
448 468
745 318
430 421
810 66
1036 316
784 179
1210 406
1289 406
370 356
421 66
1036 356
667 556
420 306
2070 556
370 255
437 528
829 528
2406 581
261 66
348 403
543 416
769 66
750 740
1506 420
682 581
429 468
506 66
393 889
611 257
474 457
1755 430
319 258
2190 406
2068 468
695 93
339 146
1546 414
621 378
320 286
1438 625
565 66
465 156
1246 406
1066 336
430 421
1260 456
309 137
1290 576
2402 576
870 548
781 66
706 66
700 318
455 226
756 556
803 383
2106 306
695 556
720 308
745 346
2406 581
829 556
406 116
2226 556
849 66
881 781
188 86
1966 576
497 66
1241 131
888 76
1808 346
565 358
388 86
990 558
486 56
1506 420
2216 336
309 137
2093 556
606 239
348 403
406 206
1416 176
2068 468
438 406
406 206
1210 545
870 336
508 126
848 453
491 66
733 600
520 517
620 157
206 317
227 832
506 406
2116 86
320 258
856 356
448 468
2064 86
1570 406
1598 246
470 106
161 449
406 126
740 770
802 366
868 556
429 307
858 76
2348 536
441 66
364 68
415 309
422 419
406 86
835 556
456 436
483 558
520 438
2206 56
1659 398
611 257
430 421
771 137
370 237
491 93
663 506
356 286
1752 336
2121 581
255 383
1526 606
1973 489
769 265
367 88
251 66
1188 86
306 106
319 258
1289 406
1966 206
324 528
290 187
391 97
646 66
1636 366
529 469
769 486
2382 576
743 337
320 296
252 246
806 286
888 576
397 225
741 56
848 453
872 66
470 66
889 406
2216 256
767 137
942 86
438 406
874 123
588 56
1036 356
420 286
643 884
1055 66
948 126
1570 93
420 336
412 528
1063 76
853 403
1063 449
892 123
1406 93
959 106
406 126
1246 406
453 398
2382 556
1970 336
341 530
252 246
288 246
1306 66
570 237
491 93
849 66
818 586
756 66
1770 1010
667 536
558 97
1755 430
606 239
819 356
1210 406
888 307
816 538
547 56
1555 372
2382 556
420 566
371 536
770 241
663 506
930 56
639 56
1770 326
570 237
1843 575
787 86
516 391
2044 106
409 251
1418 96
300 267
1406 66
1570 93
913 417
420 308
2368 468
486 486
1556 93
538 66
185 503
356 206
1526 606
480 793
405 162
746 556
616 66
366 486
553 489
629 148
356 324
1752 93
420 306
785 66
869 86
768 556
430 421
761 93
452 1206
453 453
383 277
2382 556
449 556
453 398
1210 126
756 336
530 396
1063 449
471 66
995 307
330 436
663 66
919 528
783 528
383 277
396 166
812 421
875 465
884 370
856 356
835 95
241 575
1498 820
406 156
2067 56
417 116
406 106
2406 106
319 258
1512 66
855 126
252 218
288 246
568 66
761 486
1973 489
471 66
445 173
824 527
891 256
798 453
2068 468
456 336
420 336
1550 436
291 66
796 124
745 318
746 556
663 478
291 278
919 528
483 558
343 156
764 176
309 87
491 93
880 66
506 61
319 258
556 546
950 51
163 417
745 318
990 558
669 86
1570 406
430 407
990 586
455 226
990 586
324 528
2121 88
458 86
406 136
455 226
306 166
666 424
2093 206
975 86
511 66
853 385
2206 56
1306 66
1056 246
256 136
540 205
1973 489
2326 556
1056 246
516 391
890 781
2226 556
666 424
320 258
2388 86
1110 236
336 286
612 257
706 66
1236 306
570 256
320 217
142 328
746 556
720 336
1636 366
1210 426
774 86
721 356
663 506
306 126
651 528
123 936
2048 336
1104 576
306 166
1030 336
593 417
396 91
835 123
811 486
893 356
851 137
844 123
797 328
516 414
1506 106
491 93
341 93
406 106
761 486
471 66
528 86
938 66
482 86
870 93
803 421
2236 86
2190 406
420 308
1419 66
429 468
706 225
298 66
383 277
324 218
449 528
378 87
1944 91
680 581
2006 406
306 126
370 255
429 307
573 326
750 768
1025 453
2439 93
2060 93
338 66
870 106
856 356
746 586
681 106
868 555
1236 306
593 417
1063 449
553 489
1970 336
1007 106
819 332
565 93
470 286
406 356
612 257
480 793
957 428
1289 393
437 86
441 66
320 296
1806 66
721 356
1550 436
905 198
919 556
1973 489
406 106
919 126
1659 398
1063 453
328 256
2126 546
2046 56
1063 76
370 329
429 307
813 360
549 97
383 277
439 366
304 126
1002 556
1611 859
810 428
600 93
538 66
1210 546
783 548
1506 241
470 287
835 76
747 318
856 126
366 486
1172 517
868 556
783 68
2402 576
1966 576
760 74
406 156
1498 356
1646 406
1066 336
1210 93
131 1163
324 528
388 106
870 93
668 166
1565 561
2216 336
2326 768
781 536
745 318
452 1206
539 503
348 403
406 56
186 285
511 66
406 206
458 66
888 336
1063 449
781 356
449 556
756 66
172 363
404 56
429 307
333 378
406 206
777 203
1048 106
1586 56
534 61
404 486
839 286
446 151
2036 566
1843 575
845 66
420 106
695 556
1550 420
338 66
938 381
612 257
356 556
319 258
1659 398
663 156
990 586
779 545
346 126
538 66
1550 93
1210 545
906 356
422 398
990 586
421 66
376 206
1063 449
990 586
458 406
1172 517
703 442
2426 76
424 136
378 225
990 66
252 218
1398 600
1586 63
397 87
1355 66
2292 472
556 546
319 556
332 68
1088 326
86 489
870 206
906 356
888 307
889 406
1498 356
1526 88
910 467
379 225
808 136
415 309
453 363
306 336
838 176
770 241
706 206
825 86
356 206
2104 705
2006 93
868 555
2348 536
224 429
300 267
1659 398
406 206
66 846
420 566
356 324
2402 576
588 256
1550 556
706 86
1550 436
890 537
219 86
436 66
186 285
422 548
492 558
606 566
422 398
359 87
256 970
612 257
1659 398
320 296
651 528
606 566
420 306
309 237
1056 246
682 76
440 548
870 106
768 555
908 86
384 456
1065 353
768 555
324 528
1402 86
829 556
487 186
406 156
497 66
1030 336
770 356
366 458
919 556
928 123
348 403
1289 393
1172 517
420 278
320 316
808 187
516 391
1260 956
511 66
388 72
348 403
516 391
367 106
666 556
470 258
819 66
888 307
706 206
898 278
516 391
378 225
356 116
1188 66
771 137
344 76
833 307
341 93
406 106
811 486
333 378
806 286
181 280
875 66
612 257
306 106
816 616
906 356
745 318
206 870
1390 466
370 329
657 146
420 330
1970 286
870 308
565 358
884 370
330 436
1508 56
446 126
306 506
1636 366
781 556
348 403
333 378
406 156
835 556
506 158
2216 256
1390 466
1404 468
497 66
2216 256
396 106
770 217
758 146
170 567
516 414
750 740
255 383
511 66
319 258
556 66
346 535
797 328
438 406
913 417
811 66
720 336
768 556
2003 414
1506 420
818 66
343 156
420 106
348 403
745 346
346 256
1390 466
420 93
666 341
417 393
520 517
1946 66
406 156
960 566
540 205
1606 426
1498 356
785 76
1410 486
356 116
178 620
258 106
540 205
682 581
1210 426
1550 86
1135 76
2093 556
692 587
1556 586
1040 616
449 556
283 611
1616 66
1731 66
406 136
666 420
437 86
158 305
306 336
480 452
703 288
310 236
783 528
769 486
1338 256
1788 66
106 717
420 336
1071 285
1808 346
155 463
2326 768
422 398
702 353
856 356
406 116
1659 398
816 216
882 86
486 486
556 546
480 402
2402 576
417 116
456 336
816 216
818 323
1920 91
692 587
570 891
1826 449
1063 449
368 66
1498 356
409 76
842 137
1820 93
1055 381
458 66
798 453
370 256
324 218
568 66
833 307
888 548
206 66
741 61
420 566
1276 166
818 586
530 158
2348 536
325 518
870 93
1091 401
1733 66
2348 536
198 323
770 556
756 336
1570 406
781 486
452 1206
430 407
320 1150
2210 93
957 456
1615 76
318 508
2070 93
906 356
621 378
370 197
1221 56
441 358
1063 449
813 360
486 486
396 106
1666 61
888 576
344 126
778 66
343 156
348 403
406 206
1556 386
1172 517
768 93
501 66
745 346
777 203
356 286
252 487
708 106
415 66
241 66
710 241
1289 406
1172 517
283 611
1416 176
970 567
423 310
1616 66
891 126
1565 561
1290 576
252 218
769 265
1410 246
1066 336
366 486
291 66
386 121
904 406
891 548
770 126
835 93
937 287
420 66
756 556
1246 406
291 278
981 286
371 126
1550 436
990 586
1103 465
509 76
491 93
1150 236
680 581
453 453
170 567
1739 66
2066 506
