1000
1220 2440
420 417
306 179
486 486
810 506
639 288
771 137
1701 246
420 330
543 416
769 66
1570 406
788 66
1170 126
482 86
746 586
453 398
1802 76
1246 406
255 383
359 87
703 442
402 173
667 536
437 528
320 296
348 403
732 137
816 538
1076 66
370 256
1718 625
1895 86
870 336
927 256
787 86
1063 449
419 528
324 218
639 288
1595 421
370 356
491 93
904 406
1210 324
436 66
1526 606
383 277
391 97
612 257
975 86
1506 420
990 558
1088 326
553 489
224 429
436 458
224 429
455 226
913 417
1002 206
429 468
2003 414
2036 586
720 308
565 126
420 336
783 528
206 66
1843 575
667 536
1170 66
797 66
2368 468
919 556
706 206
721 356
2326 556
1546 414
516 414
2216 336
356 206
2382 556
780 197
224 429
888 76
348 403
811 66
816 183
356 206
356 324
378 87
798 449
2348 536
437 528
1826 66
770 86
856 356
797 356
666 424
406 106
720 308
310 236
606 566
813 360
1770 336
1970 156
646 586
700 318
290 206
406 156
1106 61
1063 449
379 225
406 156
565 66
2382 556
324 528
392 87
1752 93
163 417
966 86
539 503
406 106
588 256
1063 449
1289 406
818 586
530 396
2126 546
938 106
2326 556
1390 466
2226 556
406 156
453 363
808 187
1066 336
716 206
367 206
745 346
809 156
1370 93
1000 556
2048 336
670 238
798 453
1210 426
1438 625
870 336
816 183
888 336
406 136
289 1172
1872 61
333 378
606 239
620 157
565 358
868 555
2070 126
656 196
553 433
928 123
480 452
746 586
741 61
990 586
441 66
620 570
733 620
547 56
516 391
1056 246
2226 556
781 486
770 241
553 489
990 558
743 86
2326 768
2226 556
687 184
1556 586
450 428
1906 286
875 365
319 258
2402 576
706 576
328 256
1289 393
227 832
408 136
1550 420
666 86
593 417
456 156
183 397
350 179
291 66
620 157
756 556
442 527
356 206
406 156
325 518
420 308
506 396
1167 76
1206 61
868 555
456 146
499 56
770 271
241 66
594 66
333 378
1241 131
356 206
1172 517
703 288
1172 517
593 417
319 258
2116 56
1906 286
1290 93
320 258
356 286
1266 81
716 90
470 530
2036 566
324 528
2408 56
809 86
1398 620
1172 517
1251 347
611 257
888 307
606 336
1470 136
471 66
543 435
346 535
406 136
456 106
325 136
970 567
906 468
1050 761
888 307
470 286
404 66
378 225
491 93
1170 66
2216 256
482 86
1550 420
888 307
788 307
256 288
611 257
2404 906
913 417
745 346
898 106
803 170
320 258
356 558
781 486
419 528
1570 406
341 530
1770 336
202 894
316 392
750 740
770 556
366 66
1290 576
2292 427
2348 536
324 528
320 296
406 156
377 56
568 56
517 93
1063 449
420 278
2093 556
1966 206
639 288
441 360
424 136
682 581
700 336
612 257
181 436
391 97
256 136
1550 420
1063 453
767 137
1555 372
720 308
422 126
491 93
343 156
798 453
511 66
516 584
406 326
398 93
348 403
422 548
1063 453
2056 93
341 530
516 391
870 56
470 286
1000 93
429 307
1550 556
324 218
456 356
2402 56
1020 306
612 257
682 581
520 438
830 76
830 433
1167 76
889 406
438 406
486 486
606 336
424 136
990 66
1659 398
747 318
706 86
430 421
530 158
1040 616
530 396
422 126
508 206
540 206
1289 402
530 396
516 584
1770 336
480 452
882 86
406 106
252 218
2382 556
356 116
406 156
811 486
1906 286
506 406
829 528
565 358
770 126
369 356
1770 1010
448 468
1570 406
1063 449
474 457
716 206
348 403
348 403
803 421
202 894
769 486
1398 620
620 106
1260 156
818 586
1063 449
420 286
182 338
480 402
2402 576
348 403
320 258
1210 426
256 136
839 251
1906 286
1020 66
783 548
811 486
543 416
356 556
761 486
2423 93
356 93
860 67
568 66
1908 86
876 86
406 156
1556 386
1755 360
1546 414
802 366
2402 48
806 286
829 528
706 576
320 258
474 538
948 126
1000 93
1843 575
170 567
480 793
310 236
819 356
306 93
1404 468
241 575
270 106
453 398
2156 60
2021 66
781 556
875 465
2068 468
2070 556
453 398
868 555
721 356
206 66
2136 303
1550 436
422 398
540 206
333 378
480 452
717 126
345 535
667 536
330 436
1172 517
570 256
309 237
1940 538
813 360
1406 66
769 555
376 60
447 56
420 308
797 126
779 545
990 558
1770 66
990 558
417 116
620 93
406 106
570 256
783 308
930 61
874 123
2382 556
746 556
300 267
343 156
891 390
870 336
747 328
769 486
2326 556
1906 286
316 392
1486 56
420 308
781 486
455 226
422 398
406 116
680 554
1210 324
703 442
904 406
296 703
396 106
1030 56
491 93
384 456
486 56
446 126
896 203
456 336
1040 616
927 256
241 66
891 576
556 66
508 306
406 106
611 257
1210 426
438 406
370 256
1555 372
2026 56
356 286
1246 406
356 206
781 486
747 328
406 93
870 126
256 970
2226 348
449 528
1550 420
256 146
888 307
587 56
906 356
402 173
439 56
1555 372
686 506
2070 93
2326 556
259 377
890 537
651 528
845 393
547 56
703 442
2068 468
421 66
1659 398
320 296
376 206
530 106
420 336
720 336
306 126
2048 336
746 556
1770 1010
981 76
1048 86
959 66
320 296
706 225
474 538
870 126
1406 93
420 278
341 93
516 391
1246 406
853 385
438 436
1289 402
1709 56
2382 556
990 66
2348 536
492 558
452 1206
811 486
600 93
904 406
818 586
286 156
222 433
695 556
445 548
870 86
312 68
706 225
1701 246
370 329
422 419
474 61
2326 768
1546 414
310 236
2326 556
884 370
745 318
1040 616
746 56
1906 286
2382 576
1251 347
1088 326
888 548
408 136
739 217
851 137
491 93
966 106
220 86
663 66
808 136
740 770
1210 545
657 146
1030 336
733 600
663 126
420 336
1770 336
695 528
750 730
444 137
680 554
1210 545
778 66
422 398
802 366
670 575
1326 66
769 56
86 489
721 356
402 889
1546 414
667 536
706 576
797 328
927 556
370 197
341 93
283 87
747 318
1380 66
2382 556
319 258
1010 307
573 326
829 528
1391 406
870 206
895 86
531 66
2292 427
2012 151
2026 56
818 558
2070 126
406 136
408 556
813 360
406 156
872 61
657 146
620 570
750 138
870 576
853 428
300 1068
343 156
842 137
1289 406
1770 1010
651 528
1636 366
720 336
853 76
781 606
491 93
888 336
797 328
328 256
1441 66
750 126
271 93
232 824
252 218
409 76
356 66
651 528
406 116
2406 93
2068 468
768 556
667 528
445 576
1659 398
391 1047
1289 402
316 392
445 86
356 206
319 258
539 503
1755 360
695 528
486 486
456 436
785 76
1836 56
431 66
1290 576
845 66
336 286
320 88
163 417
2406 56
1289 406
803 170
1289 406
1056 246
419 528
1030 336
1289 393
906 468
165 553
1135 76
667 536
808 136
2048 336
565 386
328 66
170 567
1260 66
620 157
919 528
289 1172
789 137
687 184
756 336
256 126
406 116
1056 246
1616 66
830 433
383 277
172 363
812 421
856 356
1155 156
906 468
960 66
516 306
386 121
1966 576
1970 286
870 126
406 206
306 336
600 157
1246 406
1063 449
1770 336
341 93
421 66
455 528
1970 286
453 398
268 56
291 278
420 308
471 93
256 136
320 258
389 87
1289 406
429 468
811 66
370 256
310 236
534 61
553 433
456 436
845 126
843 187
271 93
396 91
746 556
248 66
420 566
870 126
429 468
345 535
2036 566
891 256
960 566
809 86
1063 449
1131 306
802 366
819 356
706 56
663 156
471 66
396 106
2266 66
491 93
1290 576
456 121
770 296
770 356
486 486
491 93
758 146
816 216
471 66
420 566
256 136
2382 556
477 126
406 106
761 93
2216 256
320 107
420 336
835 93
415 309
1063 449
1636 366
1290 576
481 93
756 336
1289 393
682 474
695 556
511 66
1150 236
306 179
256 136
1546 414
874 123
2292 427
310 236
429 468
325 518
477 126
1340 256
2370 106
565 66
629 356
1103 465
182 397
829 528
406 146
1091 66
2003 414
906 286
2226 556
529 469
1040 616
486 56
366 458
928 123
423 310
1382 66
516 391
1289 393
324 218
558 97
745 126
1500 56
1210 545
516 414
1290 576
516 391
511 93
370 255
456 146
306 93
445 576
486 486
383 277
870 66
828 66
663 478
906 66
913 417
612 257
1391 106
1546 414
1055 381
870 66
415 66
761 486
808 187
455 528
1419 56
703 442
2326 556
1172 517
2044 106
413 106
695 528
531 66
720 336
378 225
556 60
1752 93
392 87
489 98
2402 576
422 548
889 406
750 768
448 468
406 106
570 256
306 179
1536 66
692 587
327 318
66 802
804 406
386 121
319 258
320 296
202 894
868 93
573 326
702 353
226 196
1172 517
667 536
931 306
486 438
320 286
438 406
383 277
383 277
370 256
453 453
324 528
2070 126
281 66
785 66
2288 48
835 528
420 308
1506 241
2216 336
745 346
356 324
383 277
1210 324
316 392
420 336
1063 453
467 106
185 503
783 548
327 318
1025 453
367 206
692 587
1063 449
811 486
438 406
1076 66
406 146
182 403
1966 576
2068 468
516 391
519 56
593 417
1071 285
891 576
1570 406
818 558
657 146
621 378
778 56
620 176
516 66
819 332
2226 348
1556 586
348 403
2048 336
744 347
404 486
565 93
232 824
666 556
455 226
420 106
448 468
339 68
