1500
1220 2440
891 66
406 136
202 894
486 66
1966 576
486 56
506 106
406 156
2326 768
406 106
1966 206
366 66
1289 402
766 93
370 66
406 146
343 156
511 66
781 93
491 93
783 308
884 356
768 93
2116 56
370 356
797 188
830 86
812 421
593 417
163 417
220 86
316 66
393 889
406 116
910 126
620 176
497 66
784 56
321 66
486 56
696 61
770 61
593 417
496 61
471 93
366 106
163 417
1266 66
486 56
402 889
1002 556
306 106
492 558
111 395
606 278
366 486
413 156
406 156
456 146
123 478
718 66
913 417
663 506
593 417
913 417
174 566
1895 76
880 126
818 586
523 187
835 528
1701 246
767 137
406 136
366 56
256 146
438 406
456 121
501 66
1406 56
491 93
781 93
2292 427
816 183
406 116
324 528
496 135
770 217
1236 306
261 66
1002 93
565 66
611 257
959 66
456 146
458 106
747 328
829 528
872 61
486 56
521 66
1236 306
706 576
1940 538
1526 606
558 97
732 137
756 556
1410 126
491 93
842 137
458 66
868 556
343 156
455 226
406 116
1480 728
391 97
516 391
300 267
422 398
406 186
870 66
376 60
1728 66
271 93
908 61
902 358
180 453
486 486
256 146
324 528
874 123
1290 576
771 137
606 239
990 66
408 556
248 66
908 86
421 66
369 66
178 620
286 136
422 548
1550 436
788 66
280 93
480 452
769 126
481 93
2104 705
1010 307
491 93
190 453
806 56
386 66
366 66
769 66
232 406
474 538
750 740
449 556
703 288
695 93
791 126
2103 556
2003 414
868 556
1441 66
290 187
812 56
178 620
663 506
2106 93
417 116
406 166
320 258
1752 93
441 66
206 66
291 278
890 66
480 452
453 398
812 407
853 428
746 556
681 106
180 453
178 620
1788 66
884 338
2070 93
1266 66
328 66
380 76
370 256
881 467
1755 430
806 236
465 156
778 486
556 546
2036 586
366 556
320 258
438 406
1506 241
420 566
409 86
2361 46
406 156
703 442
2382 556
756 66
1808 346
919 126
220 86
2292 472
319 294
256 136
1970 286
371 126
829 556
906 93
398 93
547 56
178 620
2190 406
470 66
803 383
356 206
1808 346
348 403
170 226
309 137
1703 66
406 106
806 236
86 268
1000 93
1063 449
1506 420
356 116
868 93
406 56
341 530
470 106
2382 556
1260 995
506 48
341 93
474 538
1970 336
420 86
1340 256
1555 372
1010 307
643 884
422 419
1289 393
547 56
376 206
2326 556
337 106
324 218
393 86
823 76
325 136
456 106
356 286
1721 56
346 256
339 66
417 116
950 106
1506 420
172 469
695 528
950 51
341 530
447 56
1103 465
868 555
549 97
858 66
1306 56
663 506
2326 66
406 156
729 556
770 126
465 156
816 616
2402 576
441 360
908 86
390 137
420 308
1688 106
1946 66
565 358
183 743
458 66
856 356
1526 606
680 581
409 286
348 403
506 396
1586 56
2036 586
402 173
1962 106
421 66
491 66
486 56
716 106
1636 61
320 258
540 93
453 398
141 431
386 121
858 106
392 87
406 156
802 366
371 508
811 66
238 76
532 158
1506 66
870 420
1076 256
439 56
750 126
1550 436
990 558
1036 316
480 86
844 123
2093 556
509 76
663 66
256 116
833 309
341 93
606 336
1406 66
1002 93
406 146
2216 95
870 126
326 66
1895 206
206 56
1246 406
1143 198
420 106
2292 346
1246 406
716 106
2402 48
450 56
1404 468
330 436
491 93
423 310
1030 56
482 86
2070 93
420 106
540 205
306 93
261 66
438 406
2216 336
931 306
406 116
611 257
183 743
491 93
1290 576
2348 66
1402 86
309 87
2326 556
1406 66
306 106
797 188
406 206
446 126
421 66
797 188
553 489
438 406
1391 106
739 285
756 556
1836 61
2026 56
356 324
406 156
606 586
356 324
182 397
1582 86
808 136
1131 286
769 126
540 205
320 286
540 206
491 93
383 277
558 97
538 136
1770 336
151 56
366 458
1570 406
990 56
616 126
406 126
1752 93
491 93
1406 66
1826 449
406 156
747 318
796 56
783 528
565 358
491 93
288 66
806 236
302 126
565 386
203 397
286 136
306 126
343 156
1416 176
756 66
568 66
202 894
1419 66
2382 556
393 889
2326 556
1506 420
1770 1010
294 66
1658 86
320 296
2190 86
655 66
1251 347
1659 398
1382 76
746 556
898 66
706 141
526 66
2382 556
849 66
1007 106
406 156
453 398
1733 86
870 308
1390 466
1002 93
429 468
881 356
700 336
747 328
320 107
409 86
781 56
491 93
981 76
2316 56
829 528
399 56
289 1172
142 328
404 486
805 56
720 335
370 66
346 256
468 66
306 336
756 336
540 93
1966 576
174 545
2162 106
756 66
1289 406
368 86
306 166
2016 151
1608 106
516 414
406 136
798 449
356 206
165 553
740 106
487 86
1755 360
2326 93
271 93
309 237
656 196
703 442
1441 66
2026 66
1770 336
781 486
743 86
398 93
836 66
325 136
796 56
696 66
818 586
422 548
406 156
174 307
356 558
1752 93
1270 66
1338 328
696 176
178 620
348 403
876 66
806 93
430 407
530 158
1210 406
758 138
406 86
856 156
172 469
291 278
1570 93
2266 66
183 397
828 66
453 453
185 503
771 137
346 535
324 528
255 383
404 66
491 93
2124 86
158 305
990 558
453 363
1179 76
348 403
420 336
392 183
924 66
161 449
1063 453
486 486
808 136
400 86
1570 406
818 558
511 93
400 76
695 528
639 288
781 556
960 566
181 436
356 93
281 66
486 486
338 76
570 891
319 258
456 121
1188 86
348 403
835 528
406 146
1526 606
391 66
470 287
1770 93
646 86
835 93
436 458
1000 556
489 86
421 66
1071 285
663 126
787 56
222 433
348 146
321 66
872 61
1755 360
768 126
1739 66
756 556
783 179
818 66
769 56
501 66
810 428
756 88
1002 206
306 146
783 528
558 97
1598 246
888 576
316 66
2036 586
163 417
1390 466
646 86
455 528
300 267
1063 449
406 136
420 417
445 576
186 285
2121 56
1398 620
920 86
445 126
1419 66
251 66
406 156
1788 356
880 66
456 146
942 86
860 353
2066 506
370 356
756 56
321 66
325 136
1646 406
256 146
406 106
474 457
620 157
406 116
663 66
708 106
106 106
1260 156
806 56
990 558
371 66
870 106
320 258
437 528
2316 56
232 824
540 206
408 556
422 398
406 106
441 66
419 86
356 116
341 93
320 126
406 186
906 456
348 403
813 360
449 528
396 106
706 86
420 106
356 93
1470 106
938 386
570 66
1659 398
1350 76
420 306
1546 414
491 93
2071 46
341 93
419 528
931 306
870 308
919 528
428 96
206 408
2402 56
1091 66
446 151
870 336
319 258
1260 325
489 98
433 156
491 93
486 56
890 126
402 889
1385 76
621 378
2426 56
870 66
540 206
870 126
421 66
1290 576
506 406
798 453
438 406
906 93
378 87
178 620
770 241
1390 466
516 56
2086 66
429 307
158 468
304 126
406 156
446 126
538 56
981 66
666 420
870 106
639 56
516 391
666 86
182 403
421 66
1565 561
174 307
390 86
449 93
710 76
657 146
606 239
1606 426
321 66
1659 398
2012 151
875 66
553 433
251 66
2026 66
860 74
1582 86
482 86
341 93
806 93
330 436
366 556
651 528
363 172
666 146
2288 66
1565 561
2326 126
396 106
436 486
540 205
1030 56
942 86
646 586
306 146
1293 56
256 136
319 258
721 356
771 162
1179 76
880 66
919 126
1289 406
417 116
422 126
803 421
486 438
458 406
620 157
2280 66
470 286
758 72
769 555
456 106
2216 256
680 474
845 126
906 286
363 172
870 106
1140 76
444 137
406 156
345 535
1598 246
1066 336
906 93
868 556
1210 546
809 86
448 468
855 126
438 436
838 176
310 236
506 176
155 463
139 413
713 86
695 56
726 134
206 56
316 392
256 136
123 918
1055 66
620 93
1550 93
455 206
1241 131
2068 468
708 106
816 183
86 316
703 288
490 66
474 538
2216 336
1995 106
860 353
990 586
1290 576
370 255
1665 86
1206 106
1615 76
588 66
456 436
452 86
2216 256
320 296
990 558
356 206
635 126
568 66
811 486
1210 426
549 97
219 86
906 66
2408 56
446 151
829 93
1260 66
1210 546
332 68
227 832
406 146
937 287
888 307
1506 342
408 136
1606 506
251 66
521 93
255 383
904 406
406 156
797 188
185 503
1006 93
346 256
556 466
868 555
2005 66
370 356
2259 555
1416 176
808 136
458 106
330 66
771 162
1636 61
785 76
938 106
383 277
2402 576
1406 93
630 93
606 239
453 453
695 556
870 308
600 93
530 158
1020 56
506 176
2206 56
502 66
446 126
174 553
1406 66
406 106
986 66
1608 106
553 433
325 518
306 106
798 453
406 91
256 970
359 87
506 396
461 86
868 93
321 93
376 206
1063 453
429 468
347 86
1030 336
717 66
182 403
2402 56
466 126
283 611
1246 406
1416 176
2402 56
970 567
771 137
758 146
747 318
874 123
876 106
1906 286
370 329
530 61
1582 86
810 66
346 256
690 76
720 308
1390 466
306 336
957 456
406 156
399 56
491 66
910 66
778 66
706 86
336 286
491 93
888 576
889 406
491 93
853 76
1391 106
111 638
298 66
238 76
206 66
516 306
350 179
1172 517
567 93
1718 625
720 335
768 556
1406 66
298 66
406 146
1659 66
667 536
370 66
320 258
224 76
1550 556
2126 546
2093 556
806 286
406 86
708 106
1172 517
890 196
521 66
1340 256
703 446
663 187
1289 393
1786 56
869 86
536 56
291 278
1910 66
743 86
808 136
696 176
1382 66
2301 186
682 66
941 56
1598 246
2394 66
1546 414
406 116
86 288
2210 93
855 126
870 336
1210 546
417 116
2070 126
2151 46
570 891
1270 66
383 277
770 556
1646 406
1886 66
860 56
919 556
741 61
483 558
746 56
2061 556
870 308
2402 93
746 586
596 187
271 93
882 86
1872 61
429 307
2382 556
1289 402
386 121
726 56
501 93
420 106
1565 561
497 66
453 363
406 545
1970 336
666 171
491 93
1550 556
1066 336
199 356
1000 126
2382 556
736 107
319 258
1506 420
471 66
870 336
471 66
1808 346
268 56
1030 56
870 106
891 86
283 611
108 427
1826 449
393 126
1755 360
1266 81
835 93
486 486
430 421
666 124
224 76
343 156
539 503
884 66
732 137
523 133
928 123
2226 556
1528 86
420 278
1289 393
441 66
366 486
1289 402
1940 538
813 360
808 136
741 91
447 56
695 93
745 318
429 307
802 366
406 156
2086 66
256 179
761 486
1659 398
386 121
2326 556
870 86
516 391
348 403
620 106
356 176
2226 556
486 66
580 56
441 360
486 486
1288 86
497 66
869 86
329 76
1534 48
740 86
730 236
256 136
523 133
2226 556
438 406
2301 176
341 93
516 414
868 556
2402 56
470 66
256 136
558 97
1246 406
456 156
2106 56
853 76
506 406
888 66
799 76
286 86
1940 538
746 556
370 237
453 398
978 76
781 536
406 156
1966 206
1770 66
767 137
758 72
845 126
393 86
342 166
288 66
1210 546
232 406
736 107
1406 93
666 124
565 93
1520 76
937 158
1598 106
271 93
808 136
956 66
1970 336
2266 66
300 267
2326 66
695 93
1866 61
388 72
990 586
868 93
975 86
506 106
321 66
384 456
1255 56
449 556
666 424
960 566
326 66
891 548
2326 556
170 567
306 146
1131 188
448 468
193 66
835 123
870 308
1550 420
470 258
252 93
680 581
170 567
1555 372
1506 66
123 66
556 60
1340 256
256 136
227 832
420 66
169 386
455 226
1068 286
438 406
111 395
768 555
887 203
396 106
370 106
1029 76
449 528
1611 859
1063 453
256 136
172 469
220 93
438 406
324 218
1255 56
470 138
343 156
789 137
516 137
910 126
446 151
797 356
406 156
784 179
1659 398
286 56
491 93
565 386
1030 76
402 173
1970 336
1210 545
1570 93
1110 236
1290 93
1398 600
870 66
346 535
823 76
1506 241
1910 66
390 137
756 556
470 377
406 156
2316 56
306 179
271 93
2216 256
325 518
870 66
221 389
420 66
422 419
316 392
338 66
420 336
491 93
750 768
1718 625
1646 406
692 587
797 328
457 106
1872 61
1688 106
1206 48
202 894
370 256
778 66
678 66
835 528
1218 76
480 402
937 66
383 277
429 468
2126 546
423 310
783 68
721 356
538 66
511 93
1659 398
1656 66
366 556
319 258
370 256
2406 86
706 576
1140 76
990 66
298 66
876 106
761 106
639 288
1404 468
690 86
420 278
367 106
718 66
1007 106
687 184
528 66
491 93
306 106
406 156
520 438
220 93
2226 106
812 421
396 91
695 556
348 403
1966 206
480 793
404 486
224 429
869 86
1210 324
888 307
181 280
770 356
2121 56
687 184
417 116
670 575
470 106
336 286
920 76
721 66
1172 517
2382 556
409 86
491 93
1615 76
784 56
406 86
448 468
1260 48
480 793
565 386
406 156
1550 556
884 66
489 86
781 486
267 106
255 383
2326 556
559 206
761 486
663 506
1000 126
600 176
2206 51
869 556
186 285
470 138
2326 556
1355 66
1820 93
413 156
185 503
771 137
338 76
1210 426
181 436
703 446
778 66
1098 365
388 72
286 156
406 126
2368 468
611 257
1029 76
2292 427
713 106
904 406
812 407
888 307
1752 336
870 308
892 123
232 824
1030 336
178 620
1167 76
158 285
770 61
458 66
906 468
369 66
356 324
501 66
506 396
271 93
491 93
651 528
422 126
202 894
170 567
409 76
845 66
805 56
333 378
890 781
486 56
374 126
745 318
420 126
870 336
775 166
521 66
1188 61
348 403
858 56
506 396
2348 536
802 366
1646 406
325 518
829 528
491 93
771 137
2406 93
746 586
406 146
324 528
456 106
1406 66
252 93
1970 336
445 66
872 86
158 468
438 436
396 106
2026 66
803 383
255 383
643 884
937 66
320 66
663 126
491 93
446 151
408 136
1528 86
1066 336
2426 66
817 93
1900 98
2301 66
2055 66
744 347
791 66
174 553
421 56
406 126
639 288
