2500
1220 2440
1506 106
521 93
176 506
348 146
141 508
881 781
1450 76
844 123
474 538
1733 86
516 66
1210 545
781 356
366 66
491 93
344 76
436 458
465 156
398 93
306 106
447 106
547 56
771 137
325 136
406 116
796 124
1076 66
511 66
252 93
306 106
1836 56
406 116
271 93
421 66
1728 66
703 288
501 66
448 468
1962 61
758 72
404 66
1108 57
449 93
406 183
256 116
616 66
756 88
839 76
1733 86
2206 56
421 66
321 66
391 97
1006 86
316 66
1030 56
330 166
948 126
1385 76
429 307
460 126
2190 406
406 86
2070 93
491 93
824 66
406 106
1140 76
406 156
516 56
348 146
2028 66
337 126
1593 106
1288 86
256 136
783 308
769 56
399 56
471 66
540 205
531 66
796 106
406 126
445 173
663 126
2003 414
356 93
406 86
343 156
406 96
2021 66
844 123
824 527
406 156
570 256
1416 176
386 121
1289 393
1055 66
908 61
1550 93
508 86
568 66
1271 176
553 489
845 126
835 123
348 403
1030 86
612 257
628 126
486 486
409 86
1406 66
343 156
681 106
990 586
770 1110
882 93
1906 106
1441 66
389 87
417 116
448 468
975 86
797 66
919 528
2196 66
388 66
823 183
811 56
1973 489
149 486
778 66
183 397
652 66
417 116
620 157
796 95
774 86
449 106
497 66
491 93
536 56
491 93
760 56
1534 48
261 66
600 157
1210 426
870 106
368 66
816 406
422 398
320 258
406 66
491 93
271 93
540 205
2016 151
824 106
306 179
406 106
781 93
406 156
1606 66
422 548
869 86
1419 56
421 66
1172 517
141 66
368 86
768 93
2005 106
163 417
1246 406
509 76
421 66
803 170
1836 61
868 93
764 126
2226 556
1416 176
2382 556
620 570
181 280
780 197
2026 66
161 449
516 391
256 136
543 435
306 146
482 86
547 56
222 433
600 93
944 86
1534 48
756 56
406 96
406 156
404 486
391 97
356 131
888 76
174 553
306 179
406 96
2070 93
855 126
406 56
663 156
788 66
304 126
491 93
768 126
142 328
339 146
2321 152
1143 198
491 93
588 56
870 93
415 309
860 156
449 528
491 93
406 136
470 106
931 271
2226 106
428 96
441 66
750 138
1406 66
1770 66
606 66
408 106
706 56
706 56
1290 93
1266 81
267 106
471 66
449 93
402 173
828 66
471 66
737 66
1258 106
414 173
659 56
1155 156
858 56
281 66
620 106
220 86
849 126
930 61
1260 156
1550 93
606 586
251 66
808 136
389 87
406 156
766 56
716 106
396 166
231 76
695 56
406 106
486 66
1210 546
339 68
408 136
271 93
517 93
256 116
2126 546
371 126
178 620
406 156
2368 468
620 93
231 76
185 503
338 66
870 420
586 106
778 66
356 196
1546 86
321 93
1419 66
849 126
756 56
406 156
523 187
406 106
2326 66
695 93
1870 76
1170 66
1402 86
1172 517
422 126
781 66
516 137
406 106
750 126
990 66
1536 66
286 156
870 106
678 66
406 116
663 66
808 136
803 170
779 545
491 93
391 97
806 286
868 93
764 126
538 66
458 86
803 170
769 486
163 417
1210 324
829 93
870 66
406 156
491 93
906 356
456 146
458 406
333 126
321 66
620 106
816 183
470 287
781 556
139 413
486 56
1260 156
1788 66
269 66
406 156
186 285
139 413
167 308
511 93
344 126
1000 126
86 288
406 156
1076 256
178 620
341 93
692 587
321 66
306 126
809 86
843 187
421 66
870 106
320 258
474 457
421 66
206 66
304 126
540 205
540 93
1106 61
406 86
870 126
540 205
440 548
995 307
530 158
491 93
458 66
321 66
476 126
480 402
771 137
251 93
706 141
481 93
86 489
990 586
283 611
646 86
343 156
957 66
2091 66
781 56
806 93
953 86
468 206
420 566
406 156
970 89
446 126
1976 86
646 66
818 126
761 93
2292 427
256 136
241 93
320 217
309 87
818 586
1063 453
256 179
491 93
663 187
816 123
420 66
1553 465
496 92
606 56
406 126
444 86
1188 66
844 123
470 287
486 486
467 106
456 146
220 86
420 330
325 136
2067 56
406 116
378 87
808 136
556 546
528 56
506 66
2067 56
356 93
406 126
771 137
458 66
421 66
746 56
663 156
491 93
695 93
796 186
420 267
682 66
256 93
248 66
856 356
354 121
758 138
356 176
309 137
406 86
719 172
163 353
406 116
668 166
158 285
1326 66
1007 86
758 146
501 66
470 66
1241 131
269 66
290 206
1601 381
356 131
558 97
371 536
713 106
1570 406
141 508
2216 95
366 66
666 556
2316 56
206 66
1056 66
486 56
927 556
769 66
1131 188
839 86
826 66
444 137
406 116
455 86
1665 86
421 66
542 86
2348 66
1659 398
501 66
470 66
309 137
518 56
306 146
1055 126
791 126
2086 66
666 86
1970 286
870 126
809 86
695 93
406 156
481 66
1448 66
2070 93
863 56
1970 336
2106 106
56 506
406 136
480 56
406 136
524 173
406 126
741 86
420 566
180 453
181 436
966 106
421 66
1550 86
657 146
835 76
288 66
696 56
406 66
491 93
556 60
386 121
682 76
2402 576
532 86
406 166
538 56
291 66
816 616
178 620
870 336
446 151
1870 76
252 246
324 56
2093 206
406 116
406 166
290 187
523 133
1886 66
413 136
676 56
528 86
406 56
406 186
2326 556
538 66
1064 46
716 106
320 88
487 86
1063 76
780 197
870 106
456 121
526 66
388 66
269 66
613 86
1512 66
893 66
496 86
281 66
471 66
290 187
1179 76
769 66
783 68
763 76
161 449
406 136
271 93
870 93
1538 385
347 86
487 186
268 86
386 66
406 116
181 280
839 86
785 76
319 258
777 203
366 66
326 66
248 66
528 66
506 106
368 66
371 66
1418 66
404 66
106 486
306 146
436 286
663 66
420 93
356 106
767 137
2196 66
469 106
386 121
860 156
516 391
1570 93
252 218
2012 86
439 366
254 76
406 156
337 106
341 93
2292 427
186 285
990 66
519 56
450 56
396 166
570 237
829 93
768 126
406 156
306 179
456 106
1340 310
348 403
420 336
910 126
781 66
491 93
1570 406
760 56
663 187
327 96
1293 56
1758 76
558 97
1570 93
666 146
422 398
256 136
1450 76
781 66
870 106
356 116
350 179
931 93
948 126
2286 48
413 106
1973 489
456 106
202 894
328 238
366 66
178 620
1006 86
1370 93
890 196
341 93
406 156
343 156
1326 66
283 87
406 106
1752 126
406 156
486 56
565 93
910 66
388 72
508 86
421 66
190 453
446 151
163 417
2316 56
1450 76
406 106
1206 48
1000 93
333 378
241 66
1063 453
231 76
1398 600
908 61
309 97
1020 56
1688 106
1382 66
696 196
703 288
108 427
1728 66
406 156
456 121
756 66
1721 56
304 126
241 66
888 76
371 66
148 535
858 86
870 93
456 121
768 93
202 894
470 138
530 158
640 87
386 121
321 66
1303 106
403 163
456 66
1350 76
506 66
86 239
784 56
960 126
758 146
663 66
612 257
420 306
1338 328
1326 66
789 66
1570 93
496 61
420 336
2326 126
371 66
491 93
333 378
829 93
1236 306
1040 616
456 146
2402 48
937 66
180 453
745 346
406 106
298 66
341 93
706 56
497 66
406 156
388 72
1406 93
261 66
797 188
586 106
836 66
399 56
547 56
501 66
158 285
206 66
860 74
835 93
1565 561
710 93
447 56
906 56
839 251
558 97
406 106
266 106
706 225
928 123
785 76
256 116
842 137
981 66
893 86
732 137
281 66
680 76
870 106
491 93
378 66
470 106
855 126
267 106
326 66
1326 66
888 307
181 280
1709 56
406 106
491 93
241 66
663 66
369 204
816 183
990 126
333 126
944 61
388 66
1063 453
256 136
829 93
2026 66
241 66
343 156
339 66
486 56
887 203
818 558
2016 151
471 66
784 179
1210 546
456 106
2406 581
2005 106
511 66
756 61
446 151
341 530
882 86
390 137
611 257
491 93
744 347
158 468
258 106
1895 76
1355 66
745 126
456 106
508 126
319 258
356 116
1582 86
291 66
2436 66
620 157
406 106
220 93
600 93
1020 66
1290 93
146 466
746 586
606 86
320 136
1651 66
406 106
86 352
406 126
720 126
309 137
528 66
288 66
496 135
306 93
1271 176
403 163
1380 106
606 336
356 116
378 66
181 280
1266 66
1506 66
1063 449
511 93
1871 56
526 66
471 66
391 97
56 218
491 66
771 137
370 66
444 137
1419 56
288 66
276 106
366 56
2216 106
1103 465
593 417
486 56
1946 66
826 66
620 157
1416 176
66 802
400 76
241 575
521 66
2326 768
729 86
161 450
409 251
531 66
890 781
788 66
1820 93
182 365
491 93
413 93
491 66
1534 66
165 553
446 151
788 88
342 166
2396 56
1953 86
421 66
570 66
783 68
639 288
872 61
406 156
406 56
797 126
304 126
481 93
870 126
682 581
429 307
768 93
726 96
784 179
612 68
1380 66
348 403
168 353
448 468
1966 206
380 76
835 95
455 528
890 196
508 86
306 126
750 93
1326 66
2190 406
486 486
528 66
500 126
919 93
86 268
406 116
1355 66
226 196
406 126
990 56
290 206
388 66
364 68
161 450
768 93
406 106
797 126
1063 76
919 93
298 66
868 93
656 93
744 347
816 123
256 136
1338 256
482 86
1055 66
1636 116
288 66
1636 366
768 93
106 106
406 146
446 86
241 66
676 82
487 86
1470 106
789 137
1906 286
919 556
1210 426
356 116
66 578
808 136
646 586
696 176
868 93
2326 93
456 156
409 76
1703 66
256 116
406 126
791 66
1550 420
2016 151
108 427
565 66
1293 86
1210 426
639 288
829 93
2423 93
489 86
809 156
906 66
251 93
256 146
1108 57
2106 56
480 86
990 56
354 121
420 106
325 518
456 336
783 179
396 106
496 86
321 93
252 93
1872 61
700 336
870 86
198 323
501 66
1546 414
528 56
553 165
467 163
540 206
2012 151
366 66
390 137
829 556
838 176
186 285
456 106
180 453
506 66
516 66
733 620
758 138
417 116
271 93
835 93
2206 56
266 106
808 136
1770 336
888 66
1041 56
811 56
251 66
817 93
1255 74
2236 86
534 61
406 156
377 56
1441 66
406 86
181 280
388 66
1056 246
477 126
2162 106
913 417
849 66
1962 61
785 76
449 106
506 406
406 56
291 66
2190 86
870 106
839 251
677 68
786 566
781 66
844 123
123 936
1355 66
2070 93
774 179
406 156
445 66
506 176
491 93
758 106
378 87
758 72
413 106
906 456
808 136
406 116
356 176
1870 86
2406 56
291 66
256 136
785 76
224 429
155 463
388 72
876 106
890 106
439 56
452 86
417 116
405 162
456 156
1406 93
523 133
1406 56
388 76
158 305
1946 66
838 176
406 166
880 66
471 66
736 107
321 66
420 106
1550 93
686 203
406 156
66 802
521 66
1953 86
676 106
509 76
446 151
656 126
756 556
646 66
656 196
392 87
835 56
2406 93
739 285
422 419
779 66
206 66
146 466
449 106
511 66
981 66
680 66
343 156
1055 353
390 97
2266 66
785 76
593 417
309 137
1636 61
758 146
420 93
1615 76
680 76
2406 93
406 156
203 397
268 56
2012 151
570 106
540 93
488 76
528 86
1737 56
818 66
491 93
1895 106
324 528
1646 406
271 93
756 556
366 66
870 126
1651 66
446 151
422 398
806 56
406 156
750 93
528 56
844 123
1528 86
251 66
338 56
741 56
706 66
884 370
388 76
501 46
2073 66
2316 56
491 93
158 468
769 126
745 66
421 66
1659 398
150 56
368 66
1752 93
540 205
692 587
1048 86
256 288
870 106
2301 66
908 86
341 93
182 403
1170 66
456 356
420 278
497 66
1246 406
457 106
458 66
406 126
438 406
406 126
1755 430
447 106
408 136
690 76
600 176
343 156
686 203
396 91
860 67
780 197
978 76
2056 93
439 56
668 166
341 93
860 67
232 824
406 156
616 86
666 146
2048 336
891 576
2016 151
415 66
2266 56
220 86
811 486
2241 106
259 377
890 126
717 66
321 93
406 56
2046 56
271 66
2326 126
429 307
540 205
291 66
406 126
489 98
1055 66
149 486
855 66
676 106
726 134
1206 93
594 66
2326 126
1406 93
870 106
828 66
455 226
663 156
1203 66
770 93
540 206
706 206
491 93
838 176
332 68
356 324
306 179
342 166
1606 426
706 576
565 126
1215 61
123 936
181 436
491 93
2016 151
2406 93
248 66
2326 556
406 156
521 93
106 106
1066 336
471 66
400 86
860 74
870 93
872 86
2026 66
1406 56
310 236
808 136
1188 86
990 66
823 76
1956 56
2216 256
501 66
456 156
497 66
356 324
445 66
2068 468
356 116
1788 48
196 56
2402 56
406 156
163 417
682 581
356 93
1470 136
501 66
172 469
606 86
1126 56
378 87
1056 66
780 197
868 126
663 66
163 417
858 106
845 126
339 146
1470 106
768 556
1963 66
446 151
467 106
491 93
123 478
356 106
2174 66
501 66
1766 106
806 286
438 406
181 436
928 123
378 87
872 61
356 236
456 436
1036 356
497 66
449 556
851 137
695 93
421 66
960 126
706 56
406 116
613 86
620 157
778 66
1255 156
2402 56
142 328
356 116
682 66
338 66
1371 66
202 894
750 730
491 93
1002 93
258 106
756 66
1251 61
316 66
1306 66
337 126
1752 336
565 93
390 86
343 156
600 157
872 61
636 196
646 586
406 56
456 121
2116 86
930 61
549 97
256 146
1210 546
570 256
549 97
1570 93
1534 66
86 268
1172 517
261 66
2311 40
256 146
565 66
231 76
809 86
823 76
2070 93
851 137
2079 66
786 56
506 106
568 66
429 307
113 427
467 163
186 285
520 438
2206 56
1402 86
467 106
556 106
325 136
570 66
2286 48
2064 86
416 76
131 1163
458 66
416 76
726 134
606 586
2286 48
520 517
884 370
803 170
2292 472
1000 528
2382 556
663 478
990 586
406 116
839 76
568 56
320 107
606 239
1616 66
809 106
320 126
309 137
359 87
406 186
344 136
1251 61
390 137
388 76
1002 93
86 268
474 61
367 206
174 307
406 86
1895 76
1008 46
302 126
453 453
343 156
445 66
406 116
1770 93
1188 66
1056 66
811 56
491 93
1210 93
456 106
849 66
651 528
452 86
845 126
320 258
206 56
1550 93
386 121
1374 66
663 126
2326 126
436 458
646 66
359 87
855 126
1380 106
406 136
2346 66
600 176
306 179
413 156
869 86
417 116
444 86
445 86
482 86
888 126
391 97
816 406
1276 166
416 76
960 66
1500 56
406 126
868 93
990 126
568 66
781 93
339 146
811 66
406 166
403 163
516 391
456 66
2316 56
386 121
1382 76
491 93
406 206
860 56
2048 336
891 556
811 56
386 121
406 116
2064 86
1091 66
406 156
838 176
406 93
2406 581
824 106
306 126
486 56
2006 93
1030 336
2106 106
363 172
657 146
496 135
745 318
320 88
491 93
391 97
420 106
406 156
338 66
770 66
806 56
516 66
1290 93
356 206
406 206
370 66
163 353
870 336
491 93
978 76
469 106
919 126
396 106
981 66
1788 66
417 116
600 93
789 137
1218 76
1010 307
378 87
399 56
796 106
840 126
1550 93
406 126
1188 61
430 421
884 370
306 126
397 87
330 166
892 123
542 86
159 567
374 126
491 93
549 97
1179 76
283 612
930 56
1651 106
271 93
421 66
2292 346
445 66
888 66
325 136
499 56
356 106
781 48
291 93
406 136
422 548
511 66
446 151
256 146
2036 566
842 137
812 203
1962 106
2266 66
820 93
320 286
1910 66
920 86
445 548
680 581
448 468
1007 86
868 93
320 258
981 76
2348 66
816 183
406 156
746 586
1606 66
1006 93
511 93
1570 93
320 86
396 166
256 136
291 66
391 66
868 555
1064 46
990 66
455 226
650 894
163 353
950 106
2236 86
769 66
1030 56
843 187
406 156
241 66
481 93
1870 86
491 93
348 403
690 86
420 126
880 66
774 179
593 417
182 338
406 56
646 86
1666 86
1870 76
321 66
271 93
406 126
178 620
1393 88
769 126
406 156
538 56
639 56
306 146
291 66
406 116
927 256
256 179
406 156
106 338
320 76
183 743
812 203
706 86
174 566
421 66
629 148
271 93
1056 66
1950 46
819 66
1636 366
309 137
420 106
758 72
2266 66
919 126
1293 56
356 176
486 56
855 66
343 156
391 97
796 124
905 198
1975 64
404 486
393 889
696 66
356 116
1870 76
948 246
437 528
809 86
558 97
857 86
2146 66
620 93
471 66
639 288
511 93
870 66
480 402
341 93
1556 106
341 530
870 106
521 66
1788 66
855 126
270 106
521 66
497 66
446 126
291 66
406 106
868 555
158 305
767 137
1179 66
678 66
891 66
1406 93
406 106
1556 66
797 66
409 86
809 86
540 93
338 146
1293 56
406 156
855 66
341 93
247 93
486 56
1418 66
750 93
402 126
785 76
406 86
406 106
934 198
291 93
281 66
86 316
1906 66
842 137
1406 93
1555 372
1651 106
1338 256
424 136
348 403
1615 76
308 106
441 66
486 486
1048 106
1076 66
1135 76
745 66
1688 106
700 318
312 68
2402 56
271 93
682 76
491 93
420 336
1210 126
158 305
2326 66
891 66
339 126
950 51
870 336
420 106
898 106
256 116
1258 106
406 186
600 157
868 126
534 61
470 138
163 417
521 93
944 61
386 66
2026 56
1656 56
746 586
1306 66
1406 93
482 86
2326 126
835 95
420 306
283 87
1659 398
781 66
1570 93
288 66
2301 186
161 449
406 146
1556 93
990 66
1556 106
321 66
186 285
497 66
491 93
366 56
388 66
600 176
406 126
424 136
2426 56
406 126
1895 76
480 793
835 528
86 489
797 66
565 358
356 176
406 156
453 398
528 86
1131 188
306 93
286 156
860 56
910 66
2326 768
620 157
891 86
406 56
776 66
446 151
2121 88
1406 93
1170 126
320 136
140 537
456 146
629 148
343 156
482 86
620 93
406 156
1210 545
406 106
818 66
784 56
180 453
1598 246
404 56
511 66
174 307
406 156
1056 86
324 528
271 93
1179 76
521 66
775 166
703 442
420 336
530 158
1659 398
783 308
1063 449
1006 126
887 203
2426 66
444 97
258 106
420 306
2346 66
1658 86
406 156
501 46
540 206
1962 61
220 93
884 356
1406 93
326 66
789 137
1210 93
447 106
882 86
540 93
343 156
480 793
470 86
2086 66
663 187
506 106
797 126
896 203
406 56
747 318
549 97
906 66
957 66
178 620
367 206
2068 468
141 508
2382 556
406 126
594 106
1863 56
845 126
406 96
620 176
252 93
203 397
202 894
808 136
406 156
1006 86
840 126
486 486
540 93
306 179
767 68
2373 66
339 66
806 61
1406 76
406 136
558 97
1570 93
769 66
521 66
769 56
501 66
256 116
449 93
806 93
745 66
596 187
741 56
690 86
1418 96
758 138
1020 306
2121 56
402 126
2241 61
956 66
324 56
224 429
406 156
420 106
791 126
406 156
696 66
2028 66
1829 138
420 66
808 136
1739 64
830 76
378 87
231 76
1131 188
86 489
937 287
1260 326
341 93
491 93
306 126
356 116
456 121
531 66
2106 56
506 94
806 93
1340 310
872 61
306 106
1350 76
2208 66
811 66
528 66
238 76
1953 86
136 185
231 76
1289 406
409 86
2070 93
1586 63
421 66
809 106
1403 66
846 66
406 86
1659 66
620 176
845 126
1076 66
271 93
406 156
445 86
471 93
388 72
892 123
769 66
720 308
540 93
770 128
781 66
1966 576
677 68
182 403
1486 56
441 66
446 151
487 186
232 824
496 61
1406 66
842 137
1908 86
844 123
1385 76
2011 66
445 126
420 66
309 137
1752 126
491 93
1908 86
409 76
606 586
803 421
750 148
326 66
904 528
480 56
341 93
1658 86
480 793
746 56
486 56
406 136
891 66
508 126
2036 586
802 366
256 136
420 106
828 66
1556 66
1570 93
856 126
741 91
139 413
256 126
458 66
1025 453
444 137
286 56
2106 56
474 61
163 586
163 417
429 307
2402 576
256 136
567 93
290 187
449 93
354 121
1380 66
477 126
446 151
528 66
306 146
1070 61
720 335
241 93
470 258
829 93
1206 106
2286 48
558 97
2288 66
1829 138
767 68
2156 60
437 528
666 176
906 356
959 66
769 86
491 93
341 93
718 66
802 93
294 156
399 56
421 66
406 56
1670 106
439 56
186 285
406 156
406 136
406 156
141 48
297 56
880 66
2316 56
812 56
291 66
950 106
1770 93
803 106
556 61
960 566
620 176
470 377
406 56
838 176
1870 76
695 93
458 66
370 86
796 56
398 93
417 116
388 72
497 66
406 156
534 61
906 66
1210 93
2086 66
438 406
486 66
906 468
359 87
2106 106
2326 66
356 116
406 156
188 86
876 86
778 66
396 91
849 126
1953 86
471 66
406 106
2406 86
2070 556
1598 246
769 66
406 156
695 93
771 137
676 56
858 56
271 93
2371 66
818 66
798 453
531 66
258 106
2216 95
406 106
338 146
870 86
470 76
1172 517
516 66
406 86
696 56
706 576
183 743
2406 66
1550 93
766 93
1388 66
446 126
880 66
785 76
468 66
383 277
1251 61
1895 76
2071 46
1770 66
808 136
960 126
413 156
750 126
1406 93
667 556
530 106
406 156
390 137
872 86
1290 576
906 156
356 286
708 106
370 86
421 66
538 66
406 126
1106 61
256 106
760 156
565 358
906 93
396 106
1251 347
2079 66
870 93
680 76
726 66
758 66
686 203
393 86
306 146
2396 56
818 126
456 106
391 76
509 76
876 106
256 116
1895 76
369 204
870 308
2226 556
818 66
1241 131
851 137
468 66
835 93
148 739
2241 106
406 156
2126 546
769 66
726 66
438 406
470 126
86 239
496 138
784 56
456 66
1002 93
516 66
942 86
863 56
271 93
185 503
819 93
1063 76
750 93
808 136
743 86
1419 456
291 66
241 66
812 86
784 179
806 93
1066 336
333 126
1926 56
780 197
1506 106
406 156
206 66
960 566
283 87
470 106
1973 489
456 356
202 894
1556 106
708 106
421 66
913 417
784 179
1303 106
455 226
338 56
540 205
1385 86
1340 256
855 66
161 450
2005 66
616 66
396 106
480 402
344 126
388 72
406 126
470 66
399 56
870 106
320 56
1606 426
656 256
316 392
341 93
2106 56
371 66
920 76
1963 66
258 106
1721 56
300 1068
2288 48
320 258
966 106
1770 66
252 93
1970 156
406 126
1570 93
256 136
406 136
2316 56
470 76
906 93
2190 86
172 363
346 535
876 106
2226 556
198 323
286 86
2046 66
750 126
1170 88
471 66
521 66
306 106
406 106
406 56
895 86
656 256
710 196
370 86
829 93
406 545
888 336
1788 66
695 528
420 66
2286 48
818 66
1103 465
558 97
829 93
829 556
858 76
333 68
808 136
421 66
501 93
338 66
744 347
374 126
959 106
370 356
252 93
251 93
558 97
657 146
785 66
568 66
990 66
1556 66
808 136
556 66
406 156
486 106
568 66
421 66
390 86
455 86
271 66
406 106
398 93
386 66
1266 81
404 66
178 115
838 176
306 106
390 137
477 126
970 89
812 421
797 66
172 469
870 106
2126 546
768 93
783 528
470 106
391 66
393 126
959 106
769 56
