1000
1220 2440
1556 586
739 285
320 296
499 56
1068 286
736 107
420 86
781 536
783 308
406 156
430 407
888 336
343 156
222 433
420 308
2316 56
1550 556
906 93
843 187
438 406
1416 176
438 406
491 93
321 93
283 612
1251 347
231 76
406 186
990 66
1659 398
486 486
2382 556
480 793
2036 586
726 66
268 86
406 206
328 66
797 328
811 66
446 151
376 206
411 528
458 406
888 307
406 206
319 258
720 335
889 406
621 378
913 417
1970 336
729 556
252 218
1512 66
523 133
309 87
422 398
1931 66
529 469
663 506
406 126
371 66
422 398
910 126
1770 336
220 86
811 66
1659 398
417 116
417 116
453 453
516 306
344 76
646 586
309 137
406 166
1040 616
1755 360
891 556
1788 356
990 66
703 446
646 586
483 558
1002 556
740 770
686 203
532 406
1290 576
606 336
686 506
612 257
1131 286
1606 66
568 206
183 743
952 106
682 581
442 527
1731 56
906 356
356 286
486 56
889 406
1601 381
1289 402
558 97
700 318
2382 576
516 391
420 93
241 66
639 288
404 486
818 558
1289 393
354 121
356 93
489 98
2216 336
420 417
768 555
553 489
327 96
811 486
306 106
2226 556
1606 426
1758 76
430 421
321 66
406 156
458 406
326 66
396 91
853 937
338 66
516 391
467 106
480 402
458 406
320 258
288 56
606 278
781 486
420 308
356 116
320 258
874 123
449 556
651 528
1260 307
297 56
1210 324
163 417
395 93
319 258
771 137
565 66
948 246
746 586
651 528
1598 246
391 66
501 66
703 288
406 136
406 206
593 417
606 336
770 86
1020 278
919 528
1246 406
470 287
2216 256
593 417
316 392
1172 517
1526 56
853 428
1371 66
1506 66
770 356
423 310
2036 586
350 179
588 256
241 577
206 870
666 424
868 93
666 556
415 309
224 429
913 417
356 558
1066 336
760 74
910 576
422 419
1752 126
703 288
492 558
1048 66
703 446
366 486
818 323
371 508
990 586
438 406
300 1068
470 306
188 86
856 356
316 392
383 277
319 258
747 328
1063 449
995 307
750 768
348 403
888 307
888 307
408 106
429 307
802 366
870 93
400 86
870 336
429 468
766 93
538 66
2070 556
471 93
1866 61
388 66
576 239
516 391
1546 414
553 489
747 318
730 236
1063 453
289 1172
565 358
2121 581
325 518
860 156
536 66
486 56
320 296
445 548
256 106
630 93
639 288
1886 66
1870 86
516 414
570 256
356 558
316 392
811 486
824 106
703 442
348 146
158 468
406 146
1808 346
338 66
2382 556
990 558
695 93
1391 106
420 306
256 970
448 468
370 329
928 123
506 406
1251 347
397 87
769 126
1271 66
796 56
256 136
356 558
391 66
282 66
868 556
256 146
806 106
420 330
786 566
2406 581
1506 66
1906 106
990 558
733 620
356 93
833 307
1260 48
255 383
870 336
316 392
895 86
913 417
840 66
868 556
448 468
844 123
224 429
816 183
328 238
639 288
1289 406
402 889
870 420
456 146
429 468
406 156
612 257
892 123
445 66
458 86
1246 406
2382 556
1788 356
370 256
446 151
818 558
868 93
341 353
406 56
422 398
621 378
700 336
224 429
528 56
306 336
1210 545
769 265
750 93
2070 93
456 336
621 378
783 528
766 93
458 406
769 66
1966 576
491 93
600 157
448 468
436 66
497 66
338 146
406 146
2382 556
448 468
480 793
1973 489
449 106
745 346
420 308
1104 576
319 258
1076 66
816 216
851 137
453 363
593 417
1071 285
2048 336
606 566
1135 76
325 518
178 620
404 56
797 328
348 403
306 146
667 556
680 581
798 449
910 66
417 393
676 106
565 386
2396 56
441 360
639 288
2292 472
556 466
491 66
397 225
906 468
346 256
268 56
761 486
56 566
188 86
808 136
356 286
406 106
1709 56
516 66
456 106
406 86
823 76
853 385
706 576
573 326
774 86
420 308
1636 366
369 204
889 406
1290 576
970 567
2206 56
2316 56
316 392
406 545
779 545
1063 453
888 576
291 278
1210 406
448 468
750 768
629 356
710 241
320 296
1066 336
482 86
422 398
700 318
769 486
470 287
309 137
845 393
224 429
450 66
453 398
810 66
271 93
502 66
2402 576
291 278
1290 576
356 116
256 136
1076 256
1098 365
320 286
898 306
1289 406
333 378
2190 406
2066 506
889 406
437 528
422 419
424 136
1636 366
663 66
835 95
1770 336
348 403
2406 106
422 398
813 360
420 278
756 66
728 556
319 258
320 258
1598 246
770 217
835 123
1737 56
448 468
440 548
781 48
1770 336
1030 336
2286 48
291 66
913 417
1404 468
706 206
2382 556
224 429
540 205
771 137
530 406
206 408
1806 66
429 307
2292 346
802 366
470 106
663 478
1063 449
1788 356
406 106
406 56
750 740
371 536
835 556
1526 606
913 417
1595 421
1260 956
2326 556
366 66
256 146
781 56
1210 545
2266 66
778 56
319 258
1056 246
1000 556
1056 246
420 286
406 136
888 576
1970 336
651 528
2272 91
433 156
858 106
838 176
420 278
420 308
540 205
393 889
482 86
806 286
371 536
1570 406
839 251
356 556
453 398
438 436
1340 310
818 558
783 308
474 538
406 356
870 308
816 616
420 66
2382 556
778 66
348 403
406 545
456 146
356 176
429 307
324 218
306 93
1721 56
356 558
839 86
486 486
791 126
142 328
1788 66
256 126
1398 620
2046 56
370 66
778 486
453 398
448 468
406 206
559 206
458 406
532 86
396 106
363 172
465 156
333 378
663 506
429 307
948 246
1010 307
938 381
319 294
256 970
747 318
306 106
758 146
2368 468
269 66
565 93
480 452
283 611
612 257
870 576
283 612
429 468
2292 427
2326 556
1210 324
252 246
1288 126
406 166
1056 246
396 106
2348 536
521 66
206 426
480 793
813 360
978 76
404 486
812 421
406 156
890 537
783 548
682 474
870 126
291 278
268 56
369 332
1770 336
474 457
769 486
497 66
1188 66
750 768
511 66
424 136
370 256
2382 556
378 87
1218 76
876 86
392 87
606 336
333 378
330 436
291 278
1570 406
890 537
1546 414
769 56
1050 761
1966 206
319 258
906 456
666 556
316 392
438 406
471 66
486 438
938 386
348 403
288 66
393 889
421 56
1598 246
422 419
1926 66
1340 256
2151 46
706 576
779 545
667 536
828 93
486 486
202 894
252 246
2216 256
453 398
787 56
872 86
1289 402
182 403
321 66
449 556
406 206
1506 420
2210 206
981 76
1000 93
700 318
1289 402
816 406
367 206
455 226
880 66
441 358
455 226
367 206
543 416
202 894
960 566
486 486
829 528
721 356
1040 616
1944 91
873 93
1871 56
470 286
330 436
356 176
420 566
1172 517
1906 286
1210 546
1255 56
781 66
593 417
2406 66
406 106
429 307
1906 286
881 467
682 581
178 620
670 575
888 307
1063 453
811 66
750 740
812 421
348 403
2216 336
511 66
906 93
306 146
470 258
429 468
1088 326
830 433
2326 556
2226 556
436 286
346 278
606 239
606 278
420 278
1385 86
356 236
600 157
2226 556
378 225
1659 398
483 558
1370 406
508 306
870 86
476 126
453 398
1063 449
2402 576
870 308
587 56
680 76
1550 93
520 517
415 528
1506 241
680 581
833 309
781 536
298 66
271 93
713 86
489 86
356 116
1210 546
399 56
1056 246
588 256
291 278
2382 556
1131 188
769 66
1210 545
456 436
870 336
803 421
453 398
1179 206
570 66
341 93
2036 566
366 486
309 137
860 358
511 66
695 93
321 66
747 328
392 87
174 307
808 136
2382 556
325 518
78 338
348 403
1246 406
576 239
643 884
553 433
241 93
1064 46
370 256
756 336
921 86
1390 466
606 586
406 156
839 286
447 106
1289 393
482 86
283 87
406 156
422 398
2216 106
2190 406
345 535
271 93
781 486
467 106
402 126
383 277
496 61
1179 66
336 286
370 255
756 61
1040 616
600 176
491 93
783 308
1701 246
621 378
783 308
455 86
1028 421
423 310
2003 414
770 126
320 258
521 66
1556 586
960 566
706 206
2060 93
438 406
511 93
1755 360
888 307
221 389
891 256
422 548
420 417
835 528
366 556
756 336
888 126
1236 306
2028 66
2136 303
2216 336
703 446
252 246
163 417
2402 56
387 131
606 586
393 889
781 66
1570 406
891 548
663 506
540 206
573 326
170 567
2402 576
606 336
1636 366
1546 414
516 306
919 528
406 126
913 88
404 486
813 360
1340 256
438 406
656 256
812 421
2286 48
769 486
256 970
816 216
990 586
379 225
341 530
1076 256
835 556
2216 256
388 66
422 398
344 76
348 403
745 318
1210 546
356 131
376 60
497 66
620 157
606 336
486 486
413 156
516 391
750 768
306 126
256 136
1063 449
620 93
938 386
904 528
408 556
776 66
1550 436
594 66
319 258
706 576
1770 93
480 793
384 456
206 870
781 536
657 146
756 556
2226 556
1448 66
565 358
1355 386
422 398
1556 586
769 66
639 48
1659 398
356 116
1755 430
440 548
906 468
420 278
769 56
703 288
744 347
441 358
678 66
1063 449
516 391
348 403
1246 406
420 278
366 66
1041 56
781 536
406 156
746 586
888 336
1289 406
232 824
558 97
480 402
726 56
625 353
384 456
453 398
881 467
888 307
606 239
960 126
346 256
366 486
516 278
528 66
612 257
406 136
667 536
806 93
2292 427
2426 56
