1500
1220 2440
1251 347
2326 556
1870 86
271 93
2006 93
797 188
805 56
406 106
657 146
1843 575
1550 436
456 121
268 56
943 76
868 556
438 436
420 106
146 466
695 56
1406 66
456 436
445 548
256 136
700 318
1179 66
538 66
540 205
710 76
620 157
1534 66
770 356
888 336
337 106
491 93
320 258
639 288
422 548
1546 414
390 137
703 442
470 287
383 277
1055 66
1188 66
813 360
267 106
329 76
298 66
835 123
2151 46
715 516
1048 86
433 156
491 66
870 126
1900 98
2126 46
1550 93
420 86
1055 381
320 258
330 66
2216 256
764 136
1210 426
1970 336
2286 48
2326 556
810 506
739 285
2036 566
1770 336
247 93
375 527
456 66
338 66
1390 466
706 206
422 419
181 280
784 56
2190 86
481 93
406 116
570 237
656 126
295 97
706 576
271 93
411 528
553 489
870 106
770 56
448 468
806 56
221 389
868 555
553 489
770 128
2266 66
1355 66
271 93
860 56
593 417
892 123
449 106
788 66
874 123
593 417
855 126
397 225
320 88
798 449
456 436
889 406
786 88
570 256
140 537
913 417
636 196
185 503
356 558
809 86
2382 556
449 528
404 66
390 137
449 556
389 87
256 146
506 176
1260 48
1755 360
470 286
256 116
453 398
298 66
881 467
739 285
366 556
486 486
970 106
880 56
1550 93
882 86
1063 449
471 93
942 86
408 136
1659 398
1088 326
530 406
1326 66
480 86
856 556
482 86
810 428
1752 93
2006 93
839 76
2106 56
491 93
745 346
1210 546
811 56
769 56
1188 66
420 306
501 66
1356 306
343 156
1404 468
271 93
497 66
406 106
422 548
620 157
2104 705
2070 93
508 126
421 66
720 278
341 93
1406 66
695 556
406 126
181 436
2066 506
436 66
420 66
816 183
678 66
286 156
881 781
913 417
406 86
842 66
402 173
206 56
888 336
356 206
718 399
771 137
1703 66
812 407
413 136
452 86
364 68
1646 406
2382 556
868 556
422 419
539 503
1416 176
429 307
1716 93
497 66
474 538
804 406
480 402
1108 57
1411 336
453 398
530 396
446 151
786 56
469 106
812 86
806 286
476 126
2316 56
256 106
379 225
888 307
474 538
2301 186
391 66
910 66
321 66
565 126
141 508
1498 356
770 556
781 93
1068 286
2402 576
406 66
744 347
170 196
816 538
1289 393
456 436
1390 98
547 56
1546 414
540 206
2426 56
823 76
808 136
2292 427
491 93
1665 86
429 307
356 286
1416 176
232 824
887 203
2106 86
1550 93
910 576
111 395
320 76
417 116
975 86
1260 156
570 256
703 288
316 66
700 318
406 156
491 93
666 86
1906 286
538 66
540 206
491 93
516 391
1498 356
474 457
482 86
393 889
721 356
1646 406
420 278
842 137
532 86
558 97
2382 556
406 116
990 586
1418 96
1088 326
374 76
2003 414
471 66
448 468
927 556
429 468
491 93
406 106
1646 406
2067 56
206 317
1450 76
402 889
811 486
370 237
1802 76
430 421
931 93
556 61
726 66
440 548
392 87
486 438
1210 545
919 556
188 86
835 123
1091 66
341 353
771 137
406 146
1071 285
366 486
158 468
666 171
1406 56
482 86
511 93
747 328
123 66
1326 66
445 548
682 76
811 486
456 106
1103 465
1251 347
703 288
745 346
449 106
1088 326
402 173
202 894
870 336
406 156
798 453
898 106
268 56
338 146
1002 206
570 237
553 433
486 486
406 156
779 545
746 586
1970 286
887 203
1506 342
562 66
758 72
788 88
123 918
406 86
470 106
388 72
148 535
241 66
370 237
891 576
406 156
480 56
906 93
406 136
1306 56
1210 546
406 106
1002 556
849 126
465 156
2236 86
1498 356
306 198
1241 131
1570 406
356 116
255 383
1688 106
1215 61
306 93
501 66
298 66
884 338
356 106
424 136
778 66
491 93
492 558
366 56
406 106
779 66
717 66
500 66
327 318
747 318
2402 576
2406 86
919 93
729 86
178 115
629 148
1752 93
304 126
882 86
1289 402
797 216
960 66
480 452
910 126
783 528
702 355
884 370
491 93
570 256
718 66
406 156
1070 106
1066 336
310 236
1210 546
518 66
540 93
606 336
270 106
1556 586
446 151
486 66
319 258
320 303
431 66
799 76
356 116
491 93
910 126
348 403
256 136
2226 556
163 417
1733 66
870 126
781 66
393 889
891 86
1733 86
783 179
1659 66
830 86
888 336
695 93
530 396
540 205
1290 93
2226 348
1002 556
406 116
321 66
294 156
2316 56
2348 66
1179 76
392 87
406 106
767 137
224 429
855 66
761 486
268 406
666 86
531 66
539 503
436 66
221 389
376 206
839 251
2406 66
286 136
812 407
487 186
776 241
913 417
379 225
783 308
455 226
481 93
438 436
680 66
324 528
350 179
868 126
456 206
521 66
391 97
406 156
181 280
733 600
521 93
2216 336
781 48
366 56
600 176
2176 106
880 66
786 566
325 518
898 66
508 206
2226 556
1390 466
856 356
406 186
565 358
1260 48
2068 468
580 56
417 116
740 86
760 156
1546 414
2190 406
888 576
2070 93
1406 66
870 336
882 86
181 280
2162 106
1288 126
470 258
348 403
404 66
842 137
692 587
490 66
516 414
695 93
344 76
268 86
406 545
1210 545
421 66
2006 406
1404 468
316 392
348 146
406 206
565 386
420 278
720 336
2292 427
789 66
1534 66
2216 336
797 328
812 421
2286 48
1555 372
956 106
1556 586
444 137
580 56
406 56
829 93
830 76
1246 406
808 136
1716 93
1651 66
2316 56
930 61
1973 489
406 136
298 66
139 413
536 56
429 307
1406 66
600 176
446 151
477 126
1007 86
798 453
502 66
1416 176
836 66
420 308
1970 336
330 66
186 285
455 528
1326 66
429 307
421 66
406 106
802 366
232 406
808 136
587 56
445 548
306 179
186 285
383 277
426 93
441 360
2044 106
913 417
768 93
406 56
2382 556
1416 176
1701 246
516 414
356 236
446 151
1188 66
950 106
456 336
769 265
251 66
406 156
586 106
252 93
399 56
855 126
487 186
796 95
2226 556
553 433
306 336
291 93
706 225
324 528
366 66
1973 489
1906 286
797 328
1020 66
366 556
180 453
1000 126
856 156
1926 56
838 176
406 545
406 186
1506 106
456 436
491 93
2326 126
1570 406
2226 556
456 336
391 97
370 66
1179 206
206 56
356 93
741 56
695 56
739 285
758 138
306 106
620 157
703 446
870 206
806 93
1390 466
439 366
771 137
1755 430
172 469
570 86
768 126
1970 286
406 66
341 93
1970 336
170 226
781 356
708 106
796 95
1826 449
1289 393
1566 66
534 61
626 126
406 66
1390 98
829 93
442 527
474 538
446 151
491 93
543 416
812 421
378 225
823 76
2326 556
1534 66
528 66
549 97
1956 56
990 66
726 66
438 436
328 256
2005 66
449 106
480 793
740 770
409 251
1170 66
778 66
870 126
891 556
1167 76
860 74
2382 556
480 793
1970 336
538 66
549 97
366 66
356 116
2402 576
113 427
458 66
406 156
797 216
291 278
768 556
746 556
547 56
776 66
829 556
816 616
706 576
480 793
1616 106
528 56
163 417
891 256
406 116
516 391
248 66
657 146
2361 46
383 277
620 157
370 356
322 97
720 308
491 93
2116 61
565 358
798 449
747 318
1612 93
396 91
937 66
502 66
449 93
680 554
606 278
486 56
1555 372
178 620
174 76
470 286
455 226
2070 126
937 158
830 56
2012 151
667 536
199 356
506 396
1260 156
1055 126
2382 556
161 449
491 93
898 66
2286 48
1788 66
306 106
930 56
2382 556
706 206
391 66
1066 336
1206 106
1406 93
283 87
342 166
509 76
341 93
438 406
720 335
2196 66
429 468
2292 472
341 93
696 56
417 116
320 76
108 427
960 566
1895 76
526 66
789 137
747 318
2388 86
818 558
769 126
182 397
1391 106
469 106
309 137
489 98
2011 66
1271 176
390 137
594 66
970 106
556 546
320 126
393 126
811 486
663 156
420 336
492 558
141 48
848 453
870 106
406 56
511 66
1251 61
2326 556
388 66
316 66
321 93
457 106
406 156
1290 576
769 126
856 126
558 97
1306 66
750 768
2402 56
325 518
424 136
556 66
151 56
906 356
1172 517
406 156
948 428
486 486
600 93
328 256
663 66
695 56
1843 575
1506 66
406 206
66 578
874 123
2236 86
430 421
1906 66
2070 126
406 206
733 620
1870 76
1512 66
496 135
2326 126
2326 66
1406 56
1450 76
2226 348
768 556
182 433
1179 206
390 97
576 239
366 56
1659 398
306 106
319 258
174 545
391 66
746 88
716 126
990 558
399 56
525 173
320 296
1506 241
406 106
286 156
2048 336
667 528
406 116
1500 56
470 287
798 453
342 166
835 556
1131 286
528 56
186 285
858 56
247 93
415 307
835 93
888 576
816 406
183 743
316 66
639 288
66 536
1391 66
890 106
420 566
2226 556
185 503
853 937
356 116
910 66
1550 93
811 486
406 156
882 86
2026 56
1506 342
970 567
570 86
142 328
370 66
421 66
756 556
1546 414
682 474
1606 66
409 76
606 336
406 86
370 356
344 126
1210 406
1940 538
768 555
829 93
497 66
1063 76
421 66
530 158
960 126
366 458
766 93
320 303
320 258
386 121
320 286
291 278
370 66
419 528
952 746
906 456
1570 406
1048 66
480 452
163 417
163 417
417 116
1550 93
808 136
458 106
2006 93
439 66
1550 556
356 66
1508 56
406 56
483 558
283 611
516 66
1586 63
370 86
547 56
816 406
320 258
322 97
256 179
356 93
471 93
769 126
690 76
420 66
1770 336
1826 449
390 137
888 336
370 255
283 611
320 258
828 66
429 468
406 156
540 93
291 278
2091 66
1056 66
781 556
818 586
453 398
1306 66
516 414
346 535
388 76
988 106
813 360
421 66
1556 586
325 518
406 146
281 66
448 468
808 136
492 558
457 106
1970 336
840 66
406 126
593 417
812 421
348 403
808 136
113 928
798 453
810 506
222 433
1788 66
1534 48
438 406
1236 306
320 316
445 328
470 138
370 256
770 356
1215 61
1701 246
339 146
388 72
453 398
356 556
256 116
417 116
797 66
745 126
1306 66
1076 66
1788 66
823 183
663 506
66 846
2382 556
606 586
1206 93
259 377
656 256
417 116
1002 556
870 93
511 93
606 336
341 355
2396 56
587 56
1218 76
829 93
456 121
2026 66
388 72
402 889
588 66
957 456
306 106
1218 76
2288 66
809 86
2070 126
438 66
1570 93
728 845
1966 206
480 402
1770 336
359 87
839 76
606 239
123 66
453 398
775 166
347 66
860 353
491 93
309 87
436 66
888 336
620 570
290 206
470 106
2439 93
1258 106
406 156
2091 66
1210 426
791 66
446 126
600 157
706 86
183 397
163 417
990 558
306 336
356 116
428 96
718 66
511 93
420 66
692 587
406 116
1041 56
516 391
783 548
2036 586
565 386
596 187
533 61
745 66
282 66
429 307
717 126
839 286
359 87
728 556
456 121
808 136
696 88
1636 366
356 206
785 76
523 133
840 66
437 86
1040 616
532 86
123 66
386 121
750 768
784 179
785 76
86 970
1260 86
378 87
291 66
663 506
496 61
420 306
888 66
1289 406
142 328
769 56
256 136
348 403
486 56
449 528
241 66
1260 956
506 176
291 93
746 556
768 93
593 417
294 66
430 421
480 793
1210 546
870 66
406 156
359 87
501 66
328 238
406 56
812 421
657 146
706 576
306 126
838 176
348 403
656 93
486 56
458 66
269 66
764 126
565 386
422 419
2116 56
298 66
429 468
445 173
320 258
600 157
320 296
651 528
406 106
568 56
248 66
413 136
325 518
808 136
2126 546
906 456
768 556
406 166
870 308
812 86
906 286
406 136
780 197
806 93
456 206
1385 76
396 91
910 576
185 503
445 66
838 176
320 258
296 703
1246 406
1881 56
406 126
2406 56
420 66
328 256
659 48
906 66
797 328
880 126
468 206
851 137
1836 61
532 86
2070 126
508 306
1290 576
356 116
376 60
324 218
1007 106
406 126
370 356
206 408
818 66
1546 414
497 66
487 186
532 158
811 486
1020 56
2439 66
995 307
448 468
860 358
255 383
406 126
676 82
818 558
180 453
1601 381
406 156
2272 91
406 106
420 66
356 176
811 486
1788 48
816 406
356 206
1406 93
756 336
418 66
391 97
386 121
474 538
803 421
1666 46
391 97
2216 256
1340 310
422 398
593 417
2026 56
386 121
506 61
796 124
252 93
232 824
2016 151
1172 517
906 66
1002 93
429 307
818 66
290 187
2093 556
781 508
2121 56
469 106
651 528
533 61
696 88
2402 48
183 743
441 66
720 336
456 156
2126 546
2346 66
1895 86
797 328
1966 206
421 66
369 323
390 86
745 66
1402 86
386 66
823 183
1376 256
928 123
706 576
1953 86
470 286
422 419
750 138
829 528
306 106
869 86
506 406
345 535
471 66
429 307
420 336
756 336
406 126
528 66
600 157
321 93
232 406
2382 556
202 894
2106 306
2036 586
182 403
1970 156
870 576
422 398
291 66
1556 586
906 456
536 66
480 56
870 336
750 126
2131 56
481 66
506 48
747 318
406 136
202 894
1480 728
818 66
474 61
1314 93
348 403
325 518
491 93
891 576
2091 56
470 377
1659 398
406 186
781 556
1733 66
880 66
957 456
745 66
396 91
282 66
420 308
809 86
952 746
256 93
1962 61
1555 372
934 198
750 126
746 556
1290 93
1956 191
486 56
1289 393
593 417
1104 576
330 66
155 463
413 93
540 206
444 86
481 93
695 528
1007 106
446 126
296 156
695 528
612 257
769 126
356 116
356 286
549 97
1659 398
438 406
870 93
593 417
366 56
875 465
453 398
553 165
565 358
309 137
306 336
291 278
1419 456
487 86
406 156
1636 116
406 146
1966 56
306 126
910 576
281 66
797 66
1290 93
860 156
1055 353
296 156
497 66
1550 93
86 316
2046 56
470 286
269 66
343 156
1659 398
420 66
486 56
1355 66
744 347
812 407
480 402
593 417
158 305
