1000
1220 2440
768 555
891 390
168 346
346 256
1843 575
1025 453
406 156
448 468
816 406
492 558
491 93
549 97
489 98
456 156
255 383
429 468
2292 427
1404 468
1808 346
1906 286
406 116
888 307
543 435
325 136
2068 468
1266 81
780 197
1970 336
770 296
851 137
178 620
456 336
1000 528
1056 246
1570 406
556 546
406 156
783 548
506 396
406 206
86 489
856 356
851 137
682 66
516 306
406 156
891 576
1356 86
1788 356
397 225
422 548
2006 93
1290 576
682 474
2292 427
809 86
934 198
768 555
1806 66
2326 556
330 166
2292 472
1172 517
553 489
747 328
870 206
429 307
392 87
383 277
256 136
1606 56
325 518
612 257
919 528
1103 465
465 156
291 278
1040 616
2404 906
388 76
2070 93
1570 93
291 278
252 246
667 536
324 528
1236 306
811 486
1659 398
747 318
1210 545
420 566
898 306
770 216
870 126
1002 556
470 286
491 93
538 66
2382 576
370 256
369 356
306 336
750 768
1210 546
1010 307
769 555
356 116
430 421
620 93
283 611
261 66
480 793
491 93
2326 768
66 506
1251 61
370 256
570 256
320 258
835 528
902 385
1970 336
1210 545
309 87
851 137
420 308
849 126
1770 336
769 265
906 286
746 556
896 203
2382 556
881 781
1028 421
448 468
181 280
256 288
453 398
746 56
232 824
651 528
445 548
872 61
718 399
359 87
1246 406
455 528
1246 406
2292 427
288 66
420 417
620 157
487 186
319 258
252 246
948 428
2326 556
419 86
429 468
553 489
241 66
2126 546
1066 336
813 360
1390 466
320 258
870 548
406 106
421 66
1480 728
839 251
286 136
888 336
348 403
1170 126
436 458
913 417
978 76
516 584
770 271
706 576
1546 86
320 303
441 360
520 438
369 204
224 429
948 246
429 307
232 406
756 336
620 157
445 356
305 56
868 556
291 278
750 768
456 436
1998 86
1550 420
798 449
719 172
2006 406
430 421
746 586
840 66
812 421
1155 156
288 246
420 336
516 414
593 417
1498 820
328 66
1973 489
420 566
511 66
1550 420
666 556
256 288
348 403
356 324
345 535
471 66
1210 324
677 68
1289 393
710 196
1826 449
1836 56
764 126
470 287
1538 385
1506 241
978 76
833 309
1040 616
768 555
1246 406
222 433
420 308
491 93
785 76
438 406
224 429
266 106
1390 466
2292 346
516 414
1025 453
309 137
860 353
797 328
611 257
2382 556
330 436
2106 86
2190 406
853 428
758 106
289 1172
420 336
556 60
1063 453
419 528
1659 398
667 536
252 218
329 136
377 56
2292 472
1556 586
420 308
530 106
206 56
455 226
320 286
453 453
486 486
470 287
291 278
450 428
480 402
838 176
453 398
186 285
1000 556
491 93
388 76
453 363
348 403
439 56
516 306
1002 556
919 556
2005 66
422 419
1566 66
781 536
456 146
1002 556
1565 561
221 389
341 93
706 86
803 421
370 237
906 356
458 66
1326 66
2326 93
511 66
1498 356
1210 406
913 417
858 86
330 66
1546 414
540 93
422 398
797 328
2326 556
769 555
1586 63
543 435
482 86
978 76
720 336
406 126
422 419
348 403
391 97
1895 76
2316 56
316 66
330 166
1170 66
480 793
2070 93
406 56
238 76
356 106
1103 465
456 206
802 93
870 106
526 66
681 106
2382 556
783 308
406 86
453 398
356 206
319 258
791 66
829 93
486 486
1404 468
756 556
438 406
417 116
2259 555
532 86
342 166
1659 66
875 465
891 556
492 558
1770 66
1755 430
339 146
2026 56
870 336
884 370
758 146
625 377
806 93
882 86
745 318
480 452
474 457
774 179
960 566
720 336
420 66
770 217
306 179
666 124
651 528
881 781
486 56
396 166
406 106
185 503
898 66
516 414
2326 768
470 377
406 106
453 398
1000 126
406 106
639 288
670 575
703 288
370 255
321 66
174 307
388 72
232 406
626 126
770 556
1289 406
920 76
420 330
1406 66
486 486
860 74
448 468
888 336
809 86
919 528
406 186
333 378
232 824
185 503
2382 556
906 356
256 136
1210 545
320 76
1172 517
781 66
919 556
430 407
556 546
770 93
700 318
868 555
2070 556
222 433
606 278
390 137
283 87
417 116
1290 576
1406 93
769 555
486 486
656 196
1266 81
206 56
344 126
593 417
141 431
835 556
1480 728
835 123
919 528
770 556
221 389
1063 449
420 66
406 183
804 406
1290 576
745 66
570 237
256 970
370 66
766 93
620 157
1055 381
320 286
2226 348
745 346
256 970
420 106
570 256
1546 414
474 538
2068 468
406 206
188 86
530 396
953 86
2368 468
356 286
1131 188
56 566
2326 556
667 556
1770 66
761 486
1236 306
1336 241
291 278
868 555
383 277
733 620
919 528
2402 576
531 66
1556 586
970 567
1063 449
868 555
486 66
406 136
420 278
406 186
1390 98
1063 449
1210 546
606 336
1056 246
1210 324
516 414
453 398
1025 453
2068 468
1028 421
406 116
746 586
869 86
565 386
720 308
306 93
1290 576
919 556
206 388
328 256
291 278
1030 336
580 56
422 548
1970 286
2326 768
438 406
1498 820
745 93
2326 556
1550 436
2226 556
491 93
530 396
881 467
1040 616
420 278
1006 126
889 406
509 76
333 378
231 76
508 306
356 66
2106 106
570 891
1056 246
1586 56
835 556
306 336
2402 576
406 136
406 156
750 126
891 126
366 486
2402 576
456 336
812 421
856 356
1646 406
750 740
620 157
600 157
576 239
497 66
565 386
2292 427
486 438
783 548
497 66
341 93
1966 206
835 56
356 93
320 258
781 486
348 403
543 435
2404 906
839 286
420 566
1956 191
2210 206
499 56
420 417
406 96
333 378
202 894
1536 66
1606 66
370 256
2126 546
453 398
449 556
448 468
291 278
474 538
397 87
856 126
682 581
324 528
829 556
321 66
346 535
1002 556
667 536
422 419
256 136
881 356
819 356
2048 336
870 86
2382 556
732 137
2026 56
1390 98
491 93
889 406
2048 336
703 288
868 556
421 66
343 156
406 156
798 449
1010 307
441 360
480 452
568 216
1970 336
540 205
2048 336
220 86
1659 398
818 323
2036 566
406 126
501 66
812 421
255 383
161 449
1246 406
348 403
771 137
406 156
823 76
746 556
553 489
422 548
904 528
1210 126
1726 66
568 206
868 556
1881 56
1210 426
1755 430
181 436
420 278
1172 517
430 421
1966 206
516 414
927 556
256 126
744 347
888 307
1570 406
1786 56
268 406
406 106
96 106
543 416
784 56
1656 66
319 258
1380 66
256 136
288 246
651 528
402 889
523 133
430 407
1210 546
540 205
750 768
1066 336
611 257
1290 576
366 66
1441 66
348 403
1210 545
816 616
306 336
1236 306
870 86
286 156
761 66
453 453
2190 406
1236 306
703 288
442 527
1338 256
720 308
486 66
888 336
813 360
558 97
906 66
621 378
516 391
429 307
324 528
950 126
696 56
856 356
406 545
656 93
1260 956
2382 556
651 528
620 93
2070 93
2104 705
906 356
306 146
252 246
1404 468
818 323
829 528
1135 76
1666 46
700 318
516 391
1506 106
506 396
446 386
600 157
338 146
371 126
1615 76
406 156
2103 556
306 146
655 184
776 76
593 417
420 417
324 218
990 56
818 558
706 206
703 288
1931 66
203 397
390 86
1550 436
486 66
2348 536
611 257
786 566
910 576
1066 336
695 556
470 286
540 93
798 449
1056 61
528 66
856 356
808 136
288 246
667 528
420 566
588 256
2394 66
439 56
291 66
467 106
420 308
421 66
470 106
1565 561
388 72
491 93
448 468
155 463
517 93
706 206
320 258
1002 556
227 832
849 66
370 255
1063 449
1055 381
2382 556
2226 556
436 458
470 286
820 356
826 66
333 378
1752 126
747 318
881 467
1010 307
2326 556
616 126
413 106
745 318
409 251
919 556
202 894
667 556
1131 188
842 137
426 93
420 66
252 218
480 402
2190 406
423 310
656 256
663 506
338 66
938 386
990 586
791 66
306 336
486 486
1586 56
667 536
682 554
283 611
491 93
1550 436
1172 517
606 336
111 395
429 307
612 257
768 556
306 336
990 586
703 446
206 66
491 93
446 386
420 336
406 116
888 336
682 581
695 556
816 216
1659 398
1565 561
508 206
2292 472
356 116
769 486
789 137
1506 342
438 436
1556 106
943 76
1808 346
1606 56
499 56
1006 86
320 296
1598 246
720 335
1068 286
1028 421
829 556
2006 406
474 538
491 93
740 770
458 66
325 136
436 66
824 66
1752 336
703 288
1246 406
629 148
1906 286
430 407
470 287
422 398
788 66
356 324
1788 66
1659 398
819 356
1404 468
904 406
2093 556
306 336
324 528
2216 256
1843 575
835 556
2292 427
453 398
455 528
695 528
508 306
1406 66
252 487
808 136
328 256
422 126
736 107
1150 236
639 288
891 66
750 740
1970 336
420 417
835 528
406 106
558 97
856 356
898 306
960 126
1110 236
506 176
411 528
1246 406
1210 426
1338 328
306 336
409 251
406 56
346 256
1390 466
348 403
1426 64
593 417
798 453
2156 61
666 556
906 286
778 56
404 486
406 116
826 66
458 66
420 278
781 556
646 66
420 336
570 256
1006 86
1210 426
775 336
1755 430
829 556
421 66
1550 436
770 241
553 489
1659 398
829 528
370 66
747 328
379 225
1131 286
391 97
224 429
848 453
346 535
422 419
1289 406
870 336
369 204
1950 46
480 402
406 56
238 76
