1500
1220 2440
528 86
1480 728
556 546
743 86
406 126
784 179
413 106
356 93
740 770
491 93
391 97
1170 66
1210 93
252 93
271 93
356 206
269 66
2216 256
1755 430
308 106
106 106
663 126
424 136
798 449
1340 256
406 56
667 536
258 106
656 256
348 403
819 66
406 86
206 66
781 508
1382 66
449 93
928 123
739 285
2156 60
1970 286
611 257
768 556
1066 336
1289 393
406 106
1570 406
319 258
818 558
1506 420
2266 66
1188 66
818 586
271 93
486 486
2226 556
2126 546
203 397
391 1046
553 489
855 66
511 66
406 106
316 392
959 66
761 486
1106 61
666 424
397 87
386 121
1056 246
813 360
1973 489
783 528
341 530
378 225
696 56
758 72
913 417
1010 307
1010 307
482 86
1570 93
420 566
1210 426
1402 86
538 56
944 61
1651 66
521 66
872 86
248 66
341 93
2326 126
1970 336
695 93
486 486
506 106
497 66
600 157
480 56
870 336
291 66
429 307
453 398
383 277
808 136
565 358
2402 56
406 93
281 66
668 166
692 587
348 403
663 66
438 436
465 156
297 56
891 556
905 198
2012 86
420 336
1416 176
356 176
593 417
2391 66
620 176
785 76
288 246
2321 152
486 66
818 66
480 793
990 56
290 206
429 468
1056 246
1966 206
356 93
2348 66
453 398
456 146
456 436
1615 76
1526 606
309 137
1303 106
161 449
781 486
508 126
620 570
2006 93
256 136
491 93
1030 56
520 517
420 336
356 286
158 305
406 206
1210 324
682 66
420 286
370 256
320 136
710 93
820 337
888 307
758 72
2382 556
716 106
1966 206
851 137
1598 246
1666 86
893 328
436 458
870 93
281 66
1546 86
321 66
142 328
870 576
283 87
384 456
406 116
429 468
779 545
806 856
853 428
268 86
726 66
526 66
1895 76
320 88
256 179
2326 556
1258 106
397 225
2382 556
448 468
409 86
842 137
869 86
549 97
283 612
406 116
497 66
2404 906
779 66
2190 406
1410 126
556 546
1703 66
565 66
406 156
429 307
316 392
1416 176
406 116
875 365
888 66
400 76
666 424
1659 398
880 66
1140 76
517 93
891 548
140 537
756 556
870 126
813 360
2216 95
408 136
888 307
163 417
1063 449
320 258
2292 472
786 56
990 66
779 545
241 66
371 66
388 72
835 95
2266 66
306 146
981 76
186 285
406 136
1555 372
420 566
158 285
406 136
1550 556
356 176
181 280
439 366
386 121
56 506
818 586
745 346
796 106
868 93
957 66
1556 66
823 76
338 146
486 106
123 478
486 486
948 246
338 66
269 66
797 66
1210 324
750 768
2216 256
341 93
784 56
1441 66
522 389
491 93
677 68
415 307
356 116
319 258
570 66
421 66
970 567
406 106
806 93
898 106
320 286
829 93
2026 66
2048 336
158 468
499 56
1526 606
491 93
845 126
565 358
324 528
806 93
785 76
990 66
1404 468
809 86
803 421
930 56
747 328
339 66
1246 406
439 366
913 417
224 429
2216 256
172 469
406 66
630 93
720 308
318 106
970 89
406 86
491 93
470 258
1355 66
1066 336
797 126
231 76
452 86
785 76
2116 86
316 392
174 553
835 93
2048 336
681 106
667 528
345 535
1418 66
2021 66
449 556
1206 48
343 156
771 137
1826 449
868 555
337 126
778 66
1251 347
421 66
226 196
320 258
768 556
406 106
458 66
812 86
283 611
1956 56
530 396
769 66
528 56
516 278
720 336
750 126
1002 556
656 126
528 66
888 336
1870 76
728 556
449 93
868 93
565 358
508 86
1398 620
406 126
1251 347
789 66
471 66
471 66
659 56
892 123
474 538
1251 61
1126 56
838 176
1055 66
324 528
868 556
422 398
148 535
318 66
682 554
839 86
289 1172
868 93
913 417
406 545
816 123
726 66
2316 56
600 93
467 163
828 66
356 66
2402 576
224 429
531 66
785 76
919 93
621 378
406 166
409 76
456 106
271 93
769 555
778 486
888 307
456 146
1289 406
324 218
1236 306
586 106
421 66
306 106
818 586
1546 414
445 66
496 86
769 86
927 256
788 66
370 66
421 66
816 216
1646 406
406 126
1970 286
1829 138
328 256
491 93
1470 106
856 126
483 558
417 116
811 486
467 106
446 386
296 703
1355 66
651 528
486 56
858 106
1953 86
304 126
835 76
356 106
251 93
2103 556
680 76
328 256
501 46
2406 93
420 267
370 256
863 56
266 106
556 546
812 407
2048 336
720 126
2005 106
695 56
341 530
888 307
241 66
1512 66
1570 406
663 156
483 558
445 66
341 530
869 556
2124 306
1370 93
913 417
2216 336
356 116
802 93
471 66
806 286
769 126
474 61
1556 386
408 556
406 116
320 296
750 740
568 66
456 356
366 56
325 518
181 436
809 86
2241 106
516 56
306 126
718 126
1966 576
1556 586
1556 106
981 66
2210 206
716 106
320 296
224 429
470 76
309 137
2368 468
183 743
2016 151
1970 336
888 307
1788 48
1210 406
252 218
509 76
377 56
430 421
1290 576
146 466
420 566
1210 545
306 93
309 137
870 106
667 528
406 186
556 466
756 66
391 76
1570 406
1251 61
446 386
356 116
345 535
185 503
255 383
869 86
1289 406
319 258
667 556
378 87
1895 76
501 66
429 468
2086 66
534 61
774 86
2402 576
256 116
768 93
916 66
438 436
1606 426
829 93
818 558
159 567
420 106
86 288
420 267
2106 56
286 156
341 93
2003 414
695 93
320 286
796 95
770 253
1066 336
406 136
469 106
256 136
1063 449
1570 93
320 86
378 87
330 436
1289 393
271 93
480 452
406 156
978 76
888 126
706 576
429 307
1593 106
756 336
2126 546
1066 336
1008 46
747 318
290 187
611 257
1063 453
870 126
682 581
811 56
231 76
484 576
348 403
895 86
186 285
458 66
2326 768
446 151
2326 556
206 56
2048 336
1404 468
703 446
86 489
320 126
745 346
844 123
393 889
1970 156
346 535
288 66
321 66
1670 106
341 93
521 93
611 257
959 106
356 286
1659 398
1895 76
576 239
1131 188
931 93
486 486
241 66
320 258
1063 449
769 56
1963 66
406 156
480 452
839 251
406 116
797 216
1470 136
680 76
339 66
629 148
202 894
202 894
663 126
406 56
470 287
406 166
1908 86
403 163
880 66
768 93
146 466
491 93
1546 414
1398 620
890 537
1616 66
291 66
456 106
778 486
2103 556
1290 93
760 56
457 106
375 527
1406 93
1406 93
565 358
2402 576
456 106
256 146
1172 517
938 386
448 468
255 383
406 96
420 126
343 156
888 576
910 467
528 66
516 414
783 528
656 93
471 66
508 86
663 66
202 894
1755 360
341 93
343 156
324 528
501 66
348 403
1104 576
326 66
409 86
327 318
530 158
663 156
183 743
1404 468
776 66
326 66
553 489
769 66
470 286
2382 556
406 126
309 87
220 93
309 137
309 137
696 196
844 123
338 66
855 126
354 121
423 310
467 106
500 126
836 66
558 97
390 86
1260 156
396 166
1755 360
108 427
666 420
404 486
521 66
391 97
534 61
888 336
2066 506
356 556
406 156
206 66
247 93
347 86
456 436
1755 430
744 347
458 406
290 187
913 417
870 336
268 56
882 93
934 198
486 56
1826 449
306 106
248 66
393 889
420 330
835 556
1210 546
808 136
356 176
913 417
439 56
570 106
908 61
596 187
516 414
255 383
486 486
593 417
324 56
306 106
1582 86
2064 86
783 308
371 66
327 96
1000 126
818 558
700 318
406 206
415 66
1210 546
406 126
706 206
491 93
853 428
806 93
906 468
2104 705
491 93
497 66
406 106
453 363
1289 393
396 91
613 86
267 106
906 93
833 307
440 548
682 581
770 241
768 556
2190 406
325 518
439 66
416 76
256 146
781 536
1441 66
870 308
2326 66
341 93
406 126
906 66
1131 286
781 556
283 611
2190 86
511 66
1289 402
1970 286
780 197
1555 372
1498 820
182 403
868 93
818 66
1108 57
783 68
768 93
666 146
676 56
777 203
1210 545
386 121
990 66
944 61
629 356
706 56
868 556
336 286
640 87
1007 86
950 126
456 146
849 66
406 106
420 308
161 450
2070 93
1598 246
625 384
913 417
470 286
343 156
420 286
606 86
858 86
2326 126
666 424
406 156
456 156
343 156
506 406
1091 401
291 278
324 56
406 136
695 556
829 93
161 450
1721 56
206 408
2106 56
855 126
163 417
842 137
891 66
480 56
2226 556
453 398
680 76
2048 336
1010 307
756 56
2006 406
803 383
890 537
1048 106
1962 61
1550 556
511 66
316 392
966 106
2292 427
558 97
366 486
422 548
2316 56
256 116
1064 46
567 93
256 970
1028 421
540 205
456 106
1646 406
430 407
2061 556
391 97
769 486
399 56
849 126
1266 81
1398 600
440 548
1293 86
406 156
1071 285
788 88
406 156
2226 106
620 157
1534 66
480 402
542 86
1030 336
1289 393
888 307
453 453
888 307
919 126
781 66
399 56
818 558
163 417
309 137
530 406
491 93
429 468
516 66
1326 66
406 156
1975 64
663 66
391 66
440 548
816 183
252 246
2402 576
750 93
1063 449
449 528
760 56
356 286
408 106
320 296
181 280
835 556
1526 606
763 76
663 506
2326 66
870 86
1665 86
781 486
256 136
2070 93
1063 453
813 360
2106 106
328 256
768 126
364 68
516 391
345 535
690 86
516 584
453 398
1733 86
158 285
66 802
405 162
316 392
256 136
506 66
420 286
398 93
811 66
399 56
398 93
870 106
1063 453
271 66
1385 86
2402 48
393 889
491 93
893 66
449 106
375 527
491 93
404 66
406 116
417 116
888 336
868 556
540 205
797 188
1070 61
656 256
870 93
390 137
863 56
745 346
316 66
1076 66
453 398
818 558
1210 426
666 86
703 442
446 126
784 179
1406 93
892 123
2266 56
341 93
695 93
406 136
2006 93
1076 66
1546 414
1289 393
309 237
565 358
1006 93
455 86
359 87
182 338
480 402
391 97
516 66
646 86
839 76
1390 466
328 238
86 489
806 56
2104 705
823 76
491 93
756 56
422 419
471 66
1006 86
343 156
348 403
746 56
420 566
516 306
455 226
686 203
786 566
390 137
456 206
333 378
2286 48
406 156
808 136
366 66
1006 86
829 93
270 106
783 179
770 356
1306 66
198 323
1788 356
378 66
891 66
470 76
540 205
306 93
2396 56
444 137
378 87
470 66
540 93
806 236
789 66
341 530
2005 66
1203 66
2348 66
538 66
2056 93
486 486
369 204
486 56
2236 86
516 66
181 280
319 258
620 176
870 106
1055 66
1006 86
530 396
388 72
491 93
789 126
312 68
448 468
2070 556
1210 545
611 257
267 106
420 336
516 414
1260 346
339 126
406 545
291 93
471 66
506 396
491 93
420 106
888 307
271 93
651 528
811 56
2126 546
320 258
269 66
870 308
767 137
888 336
402 173
888 336
471 66
1056 66
406 206
370 329
593 417
420 308
1755 360
2326 126
1063 449
1063 449
2382 576
178 620
180 453
1871 66
2326 93
526 66
420 336
2016 151
769 126
421 66
703 442
1191 216
486 486
406 116
356 116
320 258
438 406
746 586
447 106
1210 93
416 76
1953 86
606 239
2126 546
818 586
848 453
1326 66
558 97
333 378
1733 86
558 97
449 528
710 196
812 407
1188 66
848 453
429 468
163 353
2026 66
600 157
833 309
346 535
486 56
540 93
471 66
970 567
1000 93
846 66
1406 66
2068 468
359 217
824 106
1374 66
508 306
326 66
420 566
291 66
256 136
1210 545
86 268
306 106
168 353
944 86
221 389
1770 1010
547 56
341 530
468 66
1606 426
893 328
789 137
106 106
872 61
142 328
413 156
446 86
256 136
612 257
456 436
496 92
256 136
391 66
769 555
356 116
838 176
856 356
486 438
1055 66
258 106
371 66
356 286
1826 449
374 126
558 97
1752 126
720 308
286 86
2067 56
474 61
538 66
406 156
406 96
669 556
816 216
586 106
2216 106
406 545
339 66
231 76
437 528
719 172
430 421
406 106
2079 66
290 187
141 508
467 106
1506 106
890 66
529 469
887 203
366 66
406 156
839 251
806 286
1534 48
1403 66
406 356
406 116
406 156
1752 336
2316 56
336 286
990 558
366 486
558 97
1946 66
445 126
1030 56
356 324
1970 286
851 137
388 76
1002 93
540 93
497 66
325 136
383 277
769 265
406 116
283 611
906 56
333 378
302 126
508 206
781 66
948 126
781 486
456 156
1556 386
516 391
446 151
356 324
123 936
1236 306
288 66
726 134
891 256
438 436
1770 66
565 93
568 216
300 267
928 123
420 278
386 121
813 360
501 66
511 93
960 126
415 309
883 66
339 146
1290 93
487 86
167 308
806 856
1025 453
663 187
913 417
1963 66
870 308
139 413
406 126
818 66
706 206
2382 556
252 246
516 137
612 68
180 453
2106 56
750 93
1886 66
1002 556
1056 246
2174 66
1188 86
448 468
1376 256
424 136
888 307
366 458
678 66
310 236
406 545
86 268
1908 86
717 66
568 66
338 56
438 406
829 93
399 56
406 156
348 403
406 106
853 385
346 256
1063 449
421 66
421 66
666 556
771 137
356 93
952 746
2368 468
1030 86
686 203
2241 61
491 93
870 126
390 137
838 176
870 576
769 265
310 236
2070 93
1206 106
783 68
1770 1010
888 307
252 93
393 126
1418 96
445 548
1340 310
396 106
420 308
797 66
248 66
346 535
371 66
366 66
1091 66
2382 556
1586 63
251 93
406 56
2346 66
341 530
1770 66
720 308
620 157
2196 66
1390 466
620 157
1406 56
780 197
321 66
745 318
406 545
491 93
808 136
406 106
1056 66
506 406
1556 386
784 56
477 126
445 66
348 403
760 156
783 548
429 307
872 61
251 66
808 136
860 56
853 385
824 527
417 116
670 575
1293 56
356 206
726 96
855 66
1550 556
501 46
606 336
816 216
870 336
910 66
1895 76
348 403
343 156
1106 61
286 156
876 106
891 66
523 187
747 328
758 146
809 106
910 126
1210 546
1063 76
422 419
678 66
1338 256
