800
1220 2440
1970 336
588 256
960 566
798 453
1260 995
320 217
1172 517
366 486
483 558
783 548
420 308
783 308
348 403
453 453
516 414
1088 326
378 225
1404 468
456 66
516 414
470 286
771 137
516 391
706 206
756 556
611 257
781 486
348 403
812 421
910 576
706 576
906 356
1289 406
588 256
1010 307
703 446
781 556
480 793
486 486
593 417
480 793
1770 336
445 548
483 558
703 288
733 620
429 307
1636 366
818 586
2103 556
408 556
406 106
1098 365
829 556
835 528
888 548
818 558
750 740
404 486
1966 206
2326 556
1636 366
1246 406
412 528
1498 820
455 226
904 528
356 324
1246 406
913 417
470 530
576 239
486 486
906 456
811 486
784 56
1210 546
320 296
2048 336
256 970
289 1172
606 336
516 391
516 414
906 356
745 346
508 306
1506 241
439 366
770 241
356 206
779 545
492 558
383 277
378 225
720 308
420 336
448 468
2011 556
651 528
406 136
2036 586
356 286
371 508
1526 606
891 256
453 398
798 453
829 556
835 93
221 389
559 206
888 336
1063 449
422 398
1555 372
2106 306
667 556
570 237
291 278
1210 324
706 576
952 746
491 66
612 257
1030 336
420 278
1556 66
300 1068
1356 306
888 336
310 236
388 106
843 187
1546 414
797 188
1210 426
888 307
781 356
556 546
750 768
333 378
781 536
406 106
848 453
870 336
422 419
806 286
252 246
1506 241
1236 306
1289 402
486 486
1826 449
2226 556
420 336
1718 625
319 258
486 486
667 536
336 286
2382 556
445 576
319 258
384 456
356 206
756 556
1289 406
810 428
1063 453
870 576
803 383
429 307
458 406
430 421
875 365
568 216
565 386
1843 575
406 156
320 258
2382 556
486 486
1210 324
366 556
937 66
437 528
680 581
695 56
646 586
470 138
516 414
870 336
813 360
371 536
1063 449
621 378
2190 406
320 296
420 566
700 336
913 417
747 318
783 548
356 558
1076 256
420 306
670 238
750 740
1906 286
252 93
1030 336
391 97
2326 556
2068 468
651 528
384 456
516 391
695 556
320 258
819 332
2226 348
319 258
430 421
348 403
386 121
471 66
290 187
606 566
888 336
383 277
1030 336
1066 336
1546 414
320 258
356 558
2048 336
1659 398
745 346
420 308
1970 336
798 449
695 556
1063 449
291 278
356 206
370 256
345 535
324 218
252 218
768 555
256 116
2216 66
330 436
345 535
383 277
420 308
570 237
324 528
291 278
570 256
224 429
570 237
1050 761
420 566
573 326
1251 347
383 277
1338 328
486 486
2036 586
663 478
388 66
1063 449
430 407
768 556
952 746
474 61
333 378
1030 336
408 556
420 417
423 310
422 419
798 453
706 576
1040 616
781 66
448 468
906 93
291 278
855 126
667 528
666 146
802 93
888 307
1506 241
1289 402
448 468
703 442
639 288
453 398
374 126
445 576
1063 449
1002 556
480 452
2066 506
829 556
1895 206
422 398
516 391
345 535
770 241
2126 546
682 581
1556 386
593 417
813 360
420 308
448 468
829 556
1636 366
639 288
1260 326
456 206
341 530
224 429
341 530
960 566
1595 421
870 336
756 556
423 310
870 308
2126 546
839 286
809 61
747 328
289 1172
438 436
703 288
325 518
448 468
808 136
943 76
1391 406
650 894
491 93
486 438
835 123
839 286
2068 468
438 406
406 206
818 558
2104 705
818 558
1210 426
1289 393
300 1068
593 417
829 556
720 336
1570 406
2070 556
682 581
952 746
306 336
606 566
1550 436
1970 286
1150 236
2348 536
770 217
781 486
816 538
486 486
904 406
853 385
888 336
1646 406
369 323
1701 246
316 392
1636 366
448 468
1636 366
931 271
568 206
706 206
1063 449
744 347
181 280
320 286
452 1206
1040 616
1565 561
530 396
761 486
417 116
835 556
516 391
470 286
356 206
889 406
778 486
891 576
429 307
449 556
508 306
356 206
2070 556
393 889
680 581
419 528
320 258
516 391
328 256
824 527
370 237
970 567
927 556
919 528
1210 545
1606 426
2103 556
320 286
420 336
388 76
516 391
910 576
1338 256
232 824
872 86
1843 575
366 556
870 576
810 506
1970 336
650 894
565 358
553 433
680 554
568 206
606 566
397 225
611 257
829 528
2402 576
913 417
408 556
384 456
422 419
1110 236
781 66
391 66
720 335
417 116
348 403
2005 106
283 612
2348 536
1071 285
746 586
486 486
1606 426
406 91
2036 566
170 196
747 318
320 258
888 336
383 277
768 556
798 453
224 429
453 398
888 76
377 56
639 288
884 338
816 406
938 386
222 433
1210 545
1826 449
1030 336
306 179
565 386
347 506
612 257
745 318
706 576
1290 576
348 403
810 506
663 506
848 453
497 66
520 438
483 558
356 236
2402 576
1550 93
1973 489
430 421
356 176
778 486
455 226
553 489
621 378
516 391
1550 420
625 377
1770 326
371 508
370 255
516 414
1172 517
1091 401
438 436
670 575
990 586
1936 426
568 216
667 536
458 406
1570 406
700 318
474 457
345 535
786 566
1966 576
1523 606
1755 430
990 558
720 308
438 436
1770 336
990 126
606 586
1290 576
891 548
422 419
1063 449
429 307
2326 556
781 486
1296 166
768 555
806 286
429 468
611 257
406 545
706 206
745 126
910 576
858 66
420 566
2382 556
256 136
2216 256
919 528
420 306
818 558
480 452
902 360
818 558
530 396
875 465
422 398
1355 386
420 308
306 166
797 216
438 436
2216 256
1973 489
703 442
1570 406
356 324
870 336
1966 576
870 336
1251 347
148 535
888 336
348 403
170 196
1636 366
1025 453
509 76
771 137
818 586
812 421
406 206
1066 336
2326 556
600 176
1550 556
255 383
222 433
2216 336
1340 256
868 556
835 123
319 258
651 528
1236 306
606 566
453 363
663 187
875 465
283 612
1065 353
1290 576
868 556
813 360
393 889
320 258
370 356
875 465
324 528
320 286
910 576
990 558
829 556
356 286
1506 241
2066 506
1068 286
392 87
919 556
2292 427
919 556
420 306
422 398
733 620
256 136
438 406
1172 517
422 419
404 486
870 420
600 157
2121 581
1438 625
470 377
291 278
750 768
703 446
438 406
530 396
1506 342
449 528
422 419
393 889
397 225
1659 398
1306 66
2292 427
776 241
453 398
344 126
456 436
720 308
868 556
1246 406
1506 420
1770 326
320 258
406 126
453 453
252 246
388 72
806 286
1906 286
300 267
506 396
808 136
1688 106
680 581
2126 546
606 586
829 528
336 286
875 365
1210 426
448 468
1210 426
1570 406
870 576
891 576
975 86
570 237
300 267
745 318
455 528
770 253
870 336
1210 426
1550 436
439 366
1550 556
324 528
456 336
1179 76
720 336
356 337
856 356
667 536
2066 506
456 336
470 286
341 530
888 576
720 336
306 336
420 566
888 336
593 417
781 508
888 548
1050 761
768 556
406 156
728 508
422 419
283 612
839 286
797 328
320 258
1210 546
570 237
1210 545
415 309
621 378
819 332
2104 705
695 556
769 265
906 356
348 403
813 360
366 458
695 528
2068 468
371 508
420 278
325 518
422 548
750 768
745 346
346 278
347 506
553 433
781 508
783 308
438 436
291 278
1210 324
625 353
666 556
516 391
904 528
2326 768
438 406
813 360
769 555
888 307
798 453
1290 576
142 328
611 257
823 76
1606 426
420 566
620 570
445 356
325 518
703 442
745 318
422 419
324 528
440 548
224 429
328 256
770 216
781 486
220 66
1370 406
429 307
706 576
2326 556
420 278
1555 372
695 528
1970 286
516 584
