1000
1220 2440
1701 246
438 406
687 184
320 126
316 66
2404 906
325 518
872 61
2348 66
875 365
256 136
320 258
611 257
756 66
1733 86
2216 336
931 271
888 576
1646 406
706 206
818 586
928 123
913 417
348 403
506 396
666 124
206 56
483 558
717 66
781 486
291 278
898 278
870 576
835 123
796 56
706 576
906 356
406 156
1555 372
870 548
663 478
2348 536
1606 426
870 336
2124 86
1398 620
937 306
429 468
203 397
393 889
588 256
1040 616
174 307
182 403
280 93
306 146
190 453
906 93
183 743
1110 236
1398 600
682 581
720 308
356 324
2326 556
445 66
528 66
750 126
1598 106
436 458
1570 406
1770 66
812 421
456 121
511 93
420 336
415 307
320 296
771 137
1210 546
1210 324
396 106
745 318
970 567
696 176
383 277
884 370
920 76
639 56
783 528
721 356
1659 398
1770 326
995 307
409 251
470 287
570 256
891 576
1210 324
1002 93
341 353
783 528
758 138
480 402
819 356
291 278
1290 576
559 206
406 545
232 824
406 106
1966 206
346 278
606 239
769 555
2326 556
2048 336
174 566
663 66
1063 453
784 56
2402 56
1611 859
480 402
1550 93
887 203
402 889
2402 576
570 237
174 553
770 296
2226 556
700 318
429 468
2068 468
732 137
538 66
445 576
860 74
948 456
158 285
86 316
1290 576
441 358
480 86
651 528
406 106
224 429
565 66
448 468
588 256
1526 606
2005 66
347 86
417 116
1270 66
1646 406
870 66
781 356
1398 600
1356 306
448 468
480 452
252 246
716 106
1906 286
404 486
884 370
420 308
2106 56
818 323
384 456
1553 465
423 310
1398 620
733 600
853 76
520 517
461 86
268 56
406 86
2326 556
376 60
1055 381
255 383
606 586
320 258
570 256
804 406
1063 453
888 66
348 403
706 206
805 56
797 216
1659 398
1210 546
324 528
746 556
1179 76
406 126
521 66
446 151
356 324
486 486
910 126
1063 449
769 56
453 398
291 278
383 277
406 206
2348 536
1940 538
429 468
1191 216
2368 468
453 363
910 576
446 151
441 360
496 135
2006 406
2382 556
370 256
656 256
1416 176
539 503
325 518
2326 556
806 236
990 558
667 536
1002 556
1556 586
1088 326
670 278
252 246
1601 381
1210 546
406 206
369 356
2086 66
421 66
540 205
1036 356
692 587
1688 106
1406 66
1398 600
341 530
516 391
1040 616
271 93
2048 336
419 86
1063 453
496 61
406 545
870 126
1289 406
769 555
798 449
406 156
682 581
553 433
325 518
158 305
501 66
1755 430
888 307
682 581
718 66
267 106
818 323
421 66
170 567
106 106
920 86
870 308
420 417
178 620
1210 545
306 126
853 76
635 126
1718 625
824 527
420 330
526 66
220 93
1755 360
1068 286
206 388
438 436
818 558
835 556
904 528
180 453
348 403
422 548
1406 66
491 93
706 206
523 133
348 403
1658 86
1441 66
1030 76
743 86
538 56
366 106
324 528
455 226
750 740
516 584
663 126
286 156
1550 556
470 287
2190 406
651 528
1910 66
990 558
870 576
2106 93
1088 326
356 558
1404 468
565 358
2292 427
667 536
670 238
1289 393
906 456
486 56
919 528
1598 246
408 136
459 428
320 1150
288 66
1290 576
516 391
1843 575
1398 600
695 528
474 538
251 66
348 403
1206 106
740 770
256 136
919 528
1293 56
370 237
448 468
1030 56
406 156
625 353
516 391
778 66
486 56
787 56
902 358
370 66
1506 420
1506 420
890 66
870 576
986 66
1404 468
1506 420
990 558
1150 236
291 278
908 61
948 456
1210 426
491 93
888 548
708 106
1906 286
1826 449
320 258
406 116
540 205
1826 449
516 414
1550 420
384 456
1703 66
333 378
695 56
391 66
320 296
811 66
2326 556
2116 56
453 398
383 277
2006 566
746 586
606 336
406 106
450 428
870 106
1550 556
745 346
710 241
874 123
818 586
206 317
370 255
690 86
1550 420
539 503
371 126
1131 306
1178 218
328 256
406 156
1966 206
891 66
1406 93
458 406
1000 126
1260 456
625 377
700 318
791 126
2259 555
739 285
1570 406
420 278
2402 93
2292 427
316 392
776 241
745 318
706 576
516 137
1290 576
2326 556
656 256
1598 246
422 419
744 347
839 251
219 86
2382 556
399 56
1820 93
446 126
2382 556
420 278
356 324
2402 48
756 56
868 556
406 126
1210 546
320 258
1246 406
393 889
291 278
695 93
420 267
2206 51
448 468
663 506
1701 246
436 458
646 586
1872 61
1030 56
321 66
1210 545
259 377
791 66
309 87
404 486
406 206
1251 347
326 66
1970 336
491 93
530 396
1376 256
430 407
1289 406
470 106
1076 256
1068 286
919 556
1550 556
383 277
516 391
1906 286
1210 546
696 66
390 137
1659 398
888 307
1010 307
420 336
941 56
539 503
829 528
378 225
1752 93
470 66
769 555
486 66
606 239
419 528
1770 336
221 389
516 391
348 403
810 428
320 286
509 76
1506 241
868 555
1656 66
667 556
523 187
913 417
729 556
1063 449
1290 576
1582 86
455 226
356 93
1606 426
259 377
639 288
304 126
393 889
320 107
1498 356
181 436
298 66
2126 546
1966 206
1506 66
420 308
489 86
769 126
430 407
733 620
2394 66
2210 206
2292 346
1606 426
390 137
86 268
881 781
471 66
224 76
2326 93
706 576
516 391
2226 556
656 196
549 97
1406 66
1406 66
256 136
646 86
2055 66
818 323
343 156
516 414
2210 206
474 538
856 356
663 66
553 489
321 66
1336 241
300 1068
1063 449
448 468
570 237
812 421
1906 286
516 391
530 158
756 556
663 478
474 538
422 398
1550 420
853 937
289 1172
761 486
486 486
1755 360
1770 336
811 486
1410 126
1550 436
869 556
406 106
798 453
868 93
422 419
339 66
639 288
1210 546
306 106
1002 93
666 424
480 452
356 324
406 156
906 468
870 308
829 93
458 66
256 146
480 793
781 93
570 891
453 453
606 278
2210 93
750 768
366 458
1570 93
898 278
1555 372
1556 586
890 537
474 538
453 398
695 528
1416 176
453 453
1659 398
420 308
1608 106
565 358
839 286
870 106
703 288
1210 546
2316 56
2066 506
406 146
1066 336
770 241
1056 246
456 436
1071 285
319 258
420 306
422 548
804 406
620 176
422 419
1370 406
2382 556
440 548
848 453
2301 186
888 576
302 126
1210 426
384 456
170 567
778 486
1065 353
1290 576
1546 414
182 403
516 391
781 556
1615 76
805 56
680 581
1068 286
356 206
456 336
406 136
970 567
1556 586
452 86
448 468
380 76
889 406
320 258
1289 393
1906 286
666 424
306 506
616 126
746 586
1266 66
721 66
374 126
309 237
1404 468
333 378
123 478
224 429
612 257
768 126
1143 198
446 126
441 358
858 66
797 328
316 392
341 93
682 66
956 66
770 241
835 556
2086 66
606 278
888 576
2071 46
889 406
441 358
1040 616
252 246
700 336
870 336
1546 414
593 417
516 414
356 324
906 286
919 556
321 66
409 86
491 93
1289 406
506 396
747 318
420 330
695 528
1063 449
1402 86
706 576
271 93
1290 576
406 156
420 308
366 458
306 106
388 72
716 106
255 383
875 66
348 403
1071 285
306 336
2326 66
1246 406
549 97
342 166
1538 385
489 86
516 306
666 556
568 66
1218 76
770 61
2382 556
779 545
1290 576
422 398
556 60
1659 66
256 288
706 576
1056 246
429 468
491 93
806 286
906 93
1721 56
870 336
430 407
206 426
336 286
456 206
516 584
320 286
516 414
1210 546
745 318
713 86
324 528
470 287
746 556
1498 820
390 86
870 336
768 93
436 458
222 433
1659 398
2036 586
486 56
663 126
1770 326
256 179
667 536
319 294
888 336
429 468
682 581
356 286
858 106
750 740
406 146
508 206
2151 46
421 66
199 356
808 136
420 308
306 179
252 93
202 894
2292 427
256 288
406 156
1289 393
283 612
378 225
320 258
446 126
415 528
612 257
906 66
888 336
2402 56
938 106
456 146
1528 86
320 258
663 506
370 255
1289 402
1973 489
2216 256
651 528
163 417
2070 93
695 528
406 91
421 66
366 56
141 431
486 66
406 146
404 66
2292 427
415 309
341 530
255 383
758 146
629 356
178 620
1404 468
870 308
839 286
1970 336
1872 61
1390 466
812 421
733 620
812 407
325 518
324 528
778 486
2006 406
370 255
891 256
1506 420
470 286
769 66
419 528
456 336
570 891
456 156
950 106
937 66
1398 600
611 257
393 86
1528 86
798 449
450 56
356 556
746 586
761 486
165 553
1210 546
710 241
445 548
181 280
406 545
356 206
530 396
1025 453
456 121
417 116
288 66
868 556
606 239
448 468
491 93
433 156
386 121
480 793
803 421
713 106
402 889
502 66
446 151
1553 465
695 93
324 528
781 486
875 465
174 307
1006 93
1419 66
456 436
2048 336
338 76
663 506
356 558
820 337
341 93
438 436
889 406
570 66
806 286
2036 566
1255 56
703 288
839 251
667 556
429 468
406 116
833 309
891 86
1055 381
497 66
769 265
1289 402
1973 489
420 308
413 156
813 360
508 206
406 156
508 306
306 146
740 106
874 123
420 86
1970 336
251 66
438 406
812 421
781 93
2402 56
884 338
2048 336
220 93
813 360
456 336
733 600
429 468
778 66
506 396
186 285
2326 126
806 93
1056 246
448 468
383 277
812 421
491 93
666 424
2121 56
470 66
769 126
420 306
768 555
521 66
