1000
1220 2440
835 93
453 398
441 358
860 67
421 66
254 76
1752 336
666 424
328 256
420 278
538 66
391 97
306 198
791 126
2292 472
528 56
2104 705
306 106
436 458
356 116
588 256
1788 66
379 225
423 310
131 1163
348 403
1338 328
359 87
406 166
378 225
769 486
438 436
1788 66
1210 546
2382 556
1066 336
1940 538
86 316
453 398
1338 328
430 421
470 287
1290 576
420 278
868 556
2196 66
845 126
506 406
783 548
420 278
224 429
1064 46
458 66
804 406
906 356
430 421
448 468
808 136
2106 86
406 56
491 93
616 66
1063 453
458 406
1556 106
750 138
819 66
766 93
356 556
406 206
324 218
811 486
1063 453
806 93
621 378
695 93
1104 576
769 555
2292 346
446 151
179 176
1659 398
1002 93
316 392
222 433
438 406
497 66
562 66
1556 586
756 336
291 278
420 308
429 307
593 417
888 548
267 106
990 586
1659 398
600 157
406 156
811 486
333 378
1733 86
768 555
1659 398
2136 303
422 548
549 97
438 406
429 307
888 576
550 770
420 336
818 558
891 256
420 566
1050 761
453 363
412 528
606 239
1570 406
176 506
1056 246
501 66
874 123
1506 420
356 206
839 76
470 286
863 56
480 402
406 116
860 74
842 137
406 136
639 288
480 452
746 556
491 93
437 528
888 307
1836 61
1290 576
816 538
812 407
1028 421
835 556
429 307
206 317
470 286
625 384
981 66
919 93
126 427
456 106
659 56
406 156
1356 306
370 329
455 528
960 566
798 453
383 277
2326 556
516 66
1770 93
497 66
720 308
888 336
769 86
438 436
838 176
567 93
241 66
291 278
1764 66
300 267
1355 386
703 288
370 255
474 457
320 258
892 123
455 226
2131 56
760 156
870 548
1088 326
870 336
667 536
2326 556
406 136
1063 449
1981 106
600 93
291 66
620 176
746 586
806 286
406 116
206 287
345 535
356 558
606 586
1376 256
818 558
2292 427
593 417
2036 586
786 236
1526 606
516 391
367 206
872 86
746 556
2106 306
268 406
252 246
970 567
1210 545
356 324
756 66
396 166
611 257
770 86
1030 336
606 336
445 548
438 406
606 278
1598 246
1970 286
252 218
350 179
568 216
1056 246
956 66
783 308
770 241
670 575
1066 336
378 225
420 566
456 206
570 256
706 576
370 255
1970 336
391 97
778 486
316 392
2066 506
835 528
338 66
606 239
227 832
612 257
397 225
1172 517
1565 561
456 336
1172 517
497 66
450 428
715 516
1556 586
2348 536
486 486
406 136
482 86
898 66
1636 366
409 86
420 336
2436 56
321 66
1550 436
1056 246
1236 306
306 106
1670 106
778 66
413 156
686 506
341 353
376 206
1755 360
444 86
744 347
663 506
540 206
744 347
565 358
798 449
256 146
745 126
868 556
667 536
1402 86
1071 285
456 156
829 556
470 530
913 417
853 428
281 66
1030 336
1036 356
650 894
232 824
258 106
2003 414
528 56
241 577
570 237
1289 406
1659 398
422 419
201 86
1570 406
348 403
888 307
291 66
511 66
422 398
835 528
289 1172
406 545
695 93
806 286
769 486
913 417
806 93
397 225
440 548
856 356
1055 381
291 278
159 567
756 556
1066 336
646 586
913 417
345 535
458 406
745 318
341 93
343 156
516 391
224 429
783 528
716 206
695 93
283 612
330 436
516 414
371 536
1752 336
448 468
348 403
703 442
291 278
703 288
306 198
2406 93
486 486
486 486
406 106
516 391
1063 449
406 106
570 237
1601 381
2136 303
348 403
306 179
206 66
1077 86
1926 56
818 558
570 237
816 406
758 146
367 88
720 308
811 486
600 157
319 258
456 156
913 417
163 417
316 392
888 576
1150 236
346 535
506 66
306 179
474 538
906 468
1802 76
606 336
516 414
666 86
771 137
761 486
1646 406
547 56
2402 56
1570 93
448 468
467 106
421 66
286 136
511 66
123 936
295 97
356 556
639 48
1010 307
256 136
429 468
1289 406
931 306
1010 307
868 555
567 93
474 538
2326 556
769 486
520 438
1906 106
567 93
486 486
320 303
384 456
2382 556
803 421
356 324
1555 372
868 556
682 581
370 256
399 56
319 258
420 278
781 508
2382 576
797 126
990 558
141 48
703 442
458 66
403 66
650 894
703 442
2011 556
959 66
720 336
330 436
441 66
1056 246
1290 93
319 258
291 278
1406 93
1966 206
255 383
2103 556
370 256
366 556
594 66
441 358
2068 468
429 468
778 486
126 427
406 116
1506 241
853 428
896 203
1071 285
470 286
1970 336
952 746
391 66
316 392
1210 324
927 256
745 318
256 288
981 56
430 407
568 66
706 206
474 538
420 566
884 370
406 106
1103 465
651 528
747 318
1290 576
1290 576
528 66
600 157
726 66
543 435
1895 206
338 66
474 538
1970 286
853 428
891 256
721 356
708 106
768 556
811 486
902 360
1007 86
686 203
458 406
445 173
290 206
406 106
174 545
766 93
1802 76
516 278
445 173
406 186
420 286
703 442
256 116
876 106
700 336
496 138
1406 66
593 417
1289 393
1071 285
163 417
1731 56
256 136
1555 372
611 257
1550 93
2048 336
1595 421
306 179
1033 93
448 468
796 124
902 385
241 66
769 66
406 156
797 216
348 403
1290 576
868 555
269 66
2326 556
1606 426
345 535
406 106
891 66
666 420
422 419
1788 66
806 236
2226 556
913 417
791 66
491 66
379 225
320 258
1556 586
283 612
835 528
506 406
422 419
406 206
437 528
304 126
319 258
818 586
802 366
779 545
429 307
680 581
446 151
1826 449
406 156
876 106
808 136
412 528
770 241
740 86
868 555
888 307
251 66
516 66
271 93
906 468
2093 556
406 86
366 106
1390 466
606 336
682 66
452 1206
547 56
810 428
320 286
486 486
2005 66
406 116
1135 76
639 288
470 106
1636 366
343 156
319 258
1406 93
870 93
1598 246
729 556
680 581
769 265
224 429
888 336
378 66
389 87
356 206
1770 336
486 486
1636 366
1210 426
769 66
888 548
123 66
348 403
888 307
750 768
169 386
491 93
1895 76
304 126
455 528
2326 556
829 556
1030 336
720 335
406 545
745 346
952 746
2216 256
348 403
1546 414
573 326
651 528
896 203
816 538
1000 126
650 894
309 137
1970 336
2226 556
338 56
320 296
540 206
868 556
320 258
2348 536
848 453
409 286
806 286
2404 906
539 503
906 286
66 802
370 176
656 256
320 296
356 286
224 429
818 126
421 66
588 256
2406 106
913 417
1210 545
558 97
820 337
576 239
875 465
540 93
1131 306
1788 356
1126 56
1289 406
778 486
445 576
406 156
420 308
316 392
455 528
904 528
423 310
663 66
741 91
808 136
406 126
565 386
549 97
406 206
480 793
341 530
530 396
1526 606
430 421
1755 360
715 516
611 257
758 72
1376 256
421 66
1210 324
768 556
503 576
429 307
975 86
706 141
1701 246
856 356
420 278
328 256
1210 324
1048 86
324 218
404 486
2368 468
868 126
913 417
668 166
2066 506
356 324
447 56
809 86
142 328
256 970
1418 66
170 567
876 86
456 336
420 106
706 206
306 93
2070 556
540 205
606 336
178 620
803 170
587 56
511 93
248 66
565 386
291 278
448 468
319 258
870 106
165 553
259 377
556 466
445 66
406 106
1391 406
750 740
2068 468
1970 286
1063 449
1210 546
458 406
876 106
816 406
341 93
453 398
1659 398
370 356
420 267
531 66
868 555
429 468
2326 556
1206 93
338 146
549 97
456 336
448 468
309 237
570 237
849 126
438 406
875 465
516 414
1770 336
455 226
1758 76
448 468
449 556
406 106
798 449
1886 66
848 453
612 257
1636 366
306 106
455 206
758 146
2121 581
486 438
406 91
530 106
339 66
1506 420
1010 307
288 66
306 336
470 287
870 56
2048 336
1020 278
768 555
491 93
1550 420
1806 66
703 446
990 66
2093 556
406 156
706 206
178 620
271 93
1966 56
1870 86
565 358
449 106
1616 66
806 236
1570 93
286 136
286 156
86 316
348 403
1290 576
455 226
568 216
528 86
1895 206
1565 561
1546 414
670 575
2126 546
756 556
746 586
256 106
446 151
1538 385
855 126
853 428
611 257
2402 576
1290 576
770 61
202 894
1063 449
1770 336
818 323
356 116
745 318
1770 1010
565 358
758 66
1385 86
1829 138
336 197
950 51
621 378
1340 256
813 360
639 288
291 278
338 56
2226 348
810 506
856 356
1290 576
1788 356
746 56
740 106
884 370
286 86
509 76
224 429
241 66
1338 328
838 176
611 257
420 308
516 306
1289 406
1770 336
384 456
784 179
695 528
441 360
625 377
1526 88
531 66
739 285
798 453
2382 556
420 308
378 225
565 66
2402 576
1056 246
870 308
1826 449
318 66
806 286
446 151
937 287
420 306
341 530
465 156
888 336
1659 398
806 856
437 528
502 66
294 66
424 136
769 56
778 486
818 586
396 91
1179 76
1172 517
429 307
320 258
646 586
1606 66
422 398
406 206
612 257
448 468
1131 306
798 449
770 128
781 556
838 176
887 203
497 66
420 93
306 106
1290 576
474 457
406 156
1752 93
288 66
783 308
806 286
348 403
180 453
346 256
406 96
1550 436
1646 406
1416 176
2226 556
252 218
411 528
319 258
2382 556
480 793
1870 86
1260 326
448 468
811 486
995 307
747 328
406 136
1998 86
2064 86
256 136
348 403
853 385
356 558
890 537
