1500
1220 2440
549 97
1170 126
417 116
810 506
650 894
868 556
868 556
819 332
491 93
511 66
366 556
469 106
241 66
422 126
406 106
758 146
758 146
888 336
406 86
438 406
202 894
833 309
538 66
1966 576
448 468
1556 586
1063 449
791 126
2190 86
1506 420
620 157
769 56
1659 398
530 106
812 407
388 72
620 93
1556 586
252 218
371 66
376 97
290 206
486 486
666 146
1041 56
1010 307
788 66
1406 93
542 86
344 136
829 556
870 336
889 406
406 136
868 555
531 66
417 116
1066 336
477 126
1608 106
456 106
540 206
398 93
761 486
769 56
888 76
439 56
696 88
950 106
783 308
823 76
1770 93
202 894
1167 76
888 336
327 96
343 156
2402 56
486 486
516 414
319 258
1410 126
1170 66
415 66
547 56
1836 56
453 453
1251 347
392 87
568 56
406 56
874 123
743 86
396 106
520 517
666 424
1665 86
165 553
346 535
501 66
469 106
491 93
1382 66
2396 56
2406 93
406 156
620 176
1601 381
2003 414
2070 93
920 76
876 86
565 66
808 136
416 76
422 548
921 86
856 356
1206 48
306 93
1007 106
816 406
388 72
990 586
319 258
356 106
1340 310
356 236
1752 93
474 457
906 66
1131 286
406 156
1555 372
791 126
1025 453
531 66
948 126
371 536
491 93
1091 401
328 256
458 406
778 56
1030 336
872 64
600 176
666 146
343 156
261 66
888 576
2326 126
319 258
456 106
309 137
429 468
639 48
256 136
289 1172
470 286
842 137
732 137
182 403
517 93
1002 556
491 93
386 121
798 449
895 86
340 93
344 136
415 66
606 586
809 156
1340 310
791 126
470 106
393 126
378 225
1582 86
406 146
1000 126
771 137
1598 246
838 176
587 56
170 567
1246 406
1007 106
1646 406
298 66
2136 303
455 226
336 286
860 67
906 66
651 528
700 336
713 86
1570 406
341 93
492 558
1382 66
787 86
1731 56
281 66
469 106
2068 468
586 106
808 187
185 503
383 277
789 137
511 93
392 87
666 556
343 156
651 528
388 76
408 106
1071 285
320 286
356 236
760 156
422 126
409 76
606 239
718 399
2056 93
491 93
855 66
690 86
2103 556
783 528
656 196
835 123
2326 556
860 156
2406 106
486 486
970 567
547 56
325 136
1380 66
470 76
845 126
1970 336
928 123
829 528
990 56
1966 576
620 93
1030 56
2368 468
392 183
309 137
356 286
456 146
1170 66
356 206
1718 625
1030 56
437 528
1820 93
696 88
706 225
874 123
2408 56
438 406
1406 93
383 277
816 216
889 406
2064 86
456 146
429 468
835 528
256 126
1289 393
256 116
206 66
296 703
386 121
741 91
393 889
2411 58
1556 66
808 136
333 378
816 183
781 508
1733 86
438 436
538 66
456 356
339 66
420 106
565 93
1703 66
1170 126
606 66
430 421
746 586
397 87
2402 56
1419 56
446 151
422 398
1066 336
743 337
549 97
406 156
606 336
2006 406
320 107
506 94
2070 126
341 530
420 308
1906 286
1770 336
406 86
687 184
341 93
420 306
806 286
444 137
324 218
341 530
594 66
1338 328
420 278
1718 625
1041 56
2012 151
406 156
1030 56
1290 576
261 66
1036 356
1007 106
511 66
835 528
252 93
656 126
904 406
1010 307
491 93
1210 126
251 66
501 46
872 61
1076 66
1000 93
1033 93
2026 56
491 93
379 225
1843 575
348 403
1167 76
870 93
406 156
696 156
2402 48
870 126
1536 66
687 184
406 56
717 126
366 66
818 586
306 106
406 156
829 93
294 156
747 318
540 206
703 288
833 307
870 126
874 123
348 146
657 146
1586 56
570 256
818 558
558 97
539 503
321 93
348 403
491 93
621 378
328 238
256 136
768 555
785 76
391 66
663 66
198 323
1143 198
384 456
811 66
1025 453
480 793
1030 86
651 528
2070 93
406 156
516 66
1010 307
558 97
467 163
480 452
1404 468
848 453
853 428
1426 71
746 586
2070 126
720 308
139 413
448 468
620 570
1701 246
206 66
809 86
558 97
471 66
656 126
2070 126
1048 86
781 93
304 126
884 338
406 106
1826 449
620 157
1636 366
651 528
430 421
990 586
2370 106
356 558
853 76
778 66
406 96
406 116
467 106
1390 466
892 123
1210 93
1246 406
778 66
835 56
170 567
471 66
695 56
509 76
1536 171
1966 206
898 106
516 306
870 336
232 824
248 66
620 106
2210 206
456 121
393 126
1646 406
421 66
422 126
2044 106
682 581
780 197
823 76
310 236
86 489
570 237
456 156
1659 398
870 106
359 87
624 175
321 66
1002 556
870 308
891 390
306 93
2070 93
322 97
429 468
870 126
981 56
1416 176
384 456
452 1206
396 166
333 378
370 255
486 56
887 203
938 106
2326 768
453 398
172 363
306 179
316 392
730 236
431 66
448 468
267 106
455 226
406 156
291 278
458 406
2073 66
1002 206
835 93
888 576
420 566
565 126
2266 66
2116 56
445 66
990 66
851 137
328 256
256 146
906 66
306 106
445 86
429 468
2406 56
771 137
161 450
306 126
456 356
1155 156
745 126
1338 256
86 489
1140 76
406 106
1506 420
567 93
470 66
580 76
600 93
816 216
393 889
520 438
870 106
2326 556
870 106
66 802
326 66
680 554
2406 93
516 414
371 508
2044 106
413 106
775 166
540 205
741 61
2382 556
1131 188
2048 336
835 93
1210 545
1210 546
1659 398
2216 336
356 206
1500 56
818 558
1718 625
663 126
391 97
620 157
746 586
870 336
770 86
324 528
812 407
408 136
1895 86
406 183
695 528
680 581
620 176
383 277
781 66
540 206
1020 66
271 93
2406 581
2048 336
651 528
424 136
437 528
148 535
710 93
386 121
1155 156
402 889
876 106
2093 556
1418 66
388 106
491 93
486 486
1340 310
406 186
870 56
809 86
178 620
1755 360
286 56
318 106
477 126
2161 56
668 166
341 93
695 528
470 286
1289 402
1326 66
446 151
1063 453
1370 93
424 136
1170 126
663 66
770 126
1290 93
341 93
456 146
819 93
750 138
1076 66
906 468
202 894
2048 336
419 528
1251 347
470 530
870 66
621 378
1210 546
458 406
706 576
496 76
586 106
536 56
845 66
429 468
438 436
456 106
2326 556
1385 86
359 87
843 187
717 66
406 116
1055 126
480 452
469 106
506 396
920 76
158 468
491 93
870 86
158 468
695 556
848 453
470 287
1206 61
456 106
516 391
798 453
906 468
870 66
444 137
306 336
448 468
396 106
2066 506
1550 556
868 556
271 93
2266 66
453 363
491 93
406 136
1970 156
775 336
370 255
784 179
657 146
663 66
692 587
663 506
2048 336
839 86
508 306
271 93
530 158
256 116
1601 381
481 93
1570 93
1391 106
732 137
1260 66
990 66
206 66
402 173
455 226
853 385
745 346
842 137
1651 106
565 126
391 97
370 197
859 86
346 256
470 286
2070 126
811 66
768 556
842 137
486 106
341 93
1526 606
232 824
639 288
1002 556
768 555
456 206
306 126
990 66
456 156
811 66
547 56
491 93
845 126
806 286
646 586
688 66
1000 556
429 307
1506 241
1030 336
516 391
770 556
769 265
870 336
172 469
791 126
376 60
383 277
960 66
869 86
706 56
420 566
721 356
370 66
565 386
1752 336
889 406
255 383
1556 586
1970 336
320 258
990 66
283 87
620 157
444 137
2006 406
406 156
547 56
470 66
2190 406
720 336
449 93
1391 406
1289 393
306 93
1508 56
339 66
1713 116
614 218
556 546
283 612
769 66
386 121
456 106
805 56
921 86
1550 556
758 146
1808 346
356 116
165 553
868 555
429 307
797 66
1646 406
835 556
556 60
406 206
471 93
768 126
1135 76
366 486
573 326
838 176
441 360
386 121
868 556
256 136
1241 131
1820 66
639 288
556 66
600 157
868 556
1063 453
420 308
406 106
1076 256
612 257
422 548
888 548
255 383
718 66
406 116
496 135
803 170
306 336
256 146
359 87
906 456
718 399
252 246
471 66
720 308
406 106
713 86
448 468
2026 66
455 206
606 336
481 93
1829 138
2286 48
1406 93
452 86
343 156
666 420
663 66
406 91
486 56
2070 93
325 518
421 66
981 76
316 392
928 123
420 336
343 156
798 449
356 556
486 56
406 156
252 487
1210 426
1870 76
1008 46
1770 66
1940 538
420 308
870 66
744 347
721 356
830 86
2368 468
1260 156
1895 86
256 146
819 66
406 156
408 136
251 66
1843 575
232 824
528 66
2426 56
600 157
2036 566
736 107
948 428
906 156
703 442
406 146
491 66
406 96
786 56
1606 426
975 86
1155 156
316 392
930 86
1172 517
270 106
2402 576
506 66
291 66
1950 46
1025 453
406 136
256 136
1550 436
721 356
458 66
508 306
2423 93
639 56
1595 421
420 278
356 558
367 86
1246 406
1616 66
271 93
516 391
703 442
769 66
291 66
1091 66
170 567
2005 66
781 66
1382 66
1172 517
316 392
870 336
316 392
870 126
880 66
1966 206
286 56
409 251
458 66
966 86
456 436
306 106
1416 176
470 377
750 126
393 889
868 556
888 126
486 486
536 56
406 136
1135 76
990 586
350 179
750 93
474 61
720 335
553 489
343 156
319 258
409 76
1236 306
666 424
530 396
489 98
981 76
710 66
1288 86
406 126
206 66
480 402
378 87
1210 426
891 576
446 126
438 406
2326 556
2406 88
1973 489
1260 346
830 86
562 66
320 88
870 308
896 203
1210 324
769 555
158 285
1752 336
680 66
501 66
396 106
812 421
1048 86
456 156
1289 406
639 48
336 286
471 66
181 436
818 558
491 93
406 156
621 378
813 360
420 308
344 126
356 558
532 86
2382 556
621 378
856 356
798 453
408 136
406 106
1826 449
516 391
778 66
888 307
721 356
1088 326
808 136
1470 136
882 86
447 56
2292 472
651 528
732 137
388 86
496 76
1906 106
573 326
347 506
376 206
446 151
409 76
570 66
2026 56
717 126
482 86
306 198
2126 46
716 106
181 280
491 93
1546 414
1486 56
700 318
1651 66
937 158
891 66
820 356
123 936
455 86
530 396
556 61
809 86
422 548
818 558
480 402
224 429
377 56
1063 449
870 336
844 123
802 366
251 66
1020 56
183 397
1025 453
2382 556
1550 436
716 90
420 566
290 206
455 226
771 137
868 93
797 216
1210 426
448 468
158 305
706 86
891 126
2216 336
766 93
1556 586
1402 86
409 86
703 442
798 453
657 146
445 66
1555 372
306 146
1063 76
1582 86
860 156
408 136
892 123
2068 468
320 296
798 453
402 889
816 616
224 429
491 93
320 258
835 56
1179 206
706 206
818 558
390 137
1063 453
783 179
913 417
870 126
2060 66
547 56
471 66
1002 93
824 106
1908 86
1241 131
703 442
799 76
2382 556
471 66
966 106
421 66
640 87
446 151
402 889
808 187
770 556
663 478
2226 348
950 126
519 56
389 87
406 186
2116 61
1612 93
733 600
1956 191
406 206
406 116
797 126
842 137
716 106
1406 56
860 358
906 286
758 72
438 406
252 218
1752 93
783 528
781 486
2406 88
420 330
743 337
356 93
1506 342
423 310
378 87
446 151
348 403
2036 566
873 93
829 528
1140 76
835 93
406 56
458 406
835 93
436 66
870 126
370 93
1326 66
2208 66
906 156
470 287
446 386
639 288
421 66
1266 81
870 126
811 486
405 162
937 158
540 206
1406 66
910 576
1526 606
1556 386
1910 66
819 356
486 486
791 126
2402 576
663 156
540 206
406 156
163 417
406 106
471 66
2071 46
429 307
396 91
453 453
808 136
695 556
868 555
424 136
256 136
420 308
870 206
797 216
706 576
830 86
1709 56
888 336
611 257
1906 286
445 173
346 278
325 136
1028 421
452 1206
1404 468
1260 66
2291 56
438 406
663 66
395 93
329 76
406 93
523 133
948 61
406 136
1306 64
516 56
511 66
268 56
306 179
930 61
891 576
1556 106
1000 93
732 137
486 486
553 489
356 106
338 146
406 156
1802 76
408 136
803 170
420 336
2326 556
741 61
268 406
568 66
406 156
767 137
226 196
482 86
404 66
339 68
182 338
286 156
2070 93
341 93
506 406
406 106
785 66
761 93
2156 60
348 403
406 93
456 436
666 86
565 358
769 486
888 66
413 156
950 66
453 398
562 66
880 56
402 173
420 308
422 398
706 225
341 355
341 530
1755 430
521 66
445 66
889 406
868 126
158 285
123 936
676 106
1210 324
1406 66
391 97
471 66
1616 66
600 157
429 468
406 106
174 307
393 889
937 66
855 126
1659 398
344 136
1063 449
570 256
720 126
356 66
420 106
220 66
828 66
746 56
2003 414
1770 93
386 121
486 56
746 56
1306 66
768 555
781 556
406 116
830 433
396 106
528 86
206 66
320 296
449 556
480 452
745 318
756 56
1966 206
406 106
818 558
1870 86
1210 426
406 116
1088 326
1970 286
291 278
483 558
1290 576
449 556
785 76
341 353
306 179
924 66
746 586
370 255
426 506
1872 61
768 555
1826 66
406 136
656 126
406 106
406 186
769 56
798 453
534 61
356 116
185 503
816 183
371 126
328 256
268 406
913 417
268 406
746 556
333 378
2382 556
406 186
1410 246
1606 426
489 98
830 76
291 278
452 86
532 158
448 468
202 894
367 206
406 146
531 66
768 556
829 556
470 76
391 97
1106 61
620 157
348 403
252 218
920 76
640 56
1000 93
1752 336
845 126
906 286
256 136
406 136
606 239
388 72
747 328
396 106
835 93
457 106
1246 406
256 136
2288 48
220 86
312 68
480 402
798 449
810 66
470 530
241 66
499 56
420 106
2210 206
342 166
870 106
456 336
516 391
406 156
163 417
2116 61
565 66
328 66
491 66
420 308
781 556
906 456
482 86
768 93
404 486
778 66
1441 66
927 556
695 93
1426 64
781 486
959 66
326 66
487 86
182 397
1056 246
812 56
497 66
532 158
928 123
406 106
320 258
888 307
486 56
406 136
310 236
888 336
720 308
415 307
438 436
2005 66
422 548
2021 66
252 246
406 156
981 56
441 66
