800
1220 2440
255 383
1063 449
768 556
667 536
291 278
835 528
1063 453
2003 414
436 458
1966 206
370 356
1172 517
2216 256
2036 566
576 239
889 406
439 366
783 548
2126 546
826 66
406 206
1063 449
720 336
255 383
1210 324
1770 1010
990 586
487 186
453 398
646 586
1973 489
806 236
252 246
1210 426
480 402
344 126
520 438
421 66
750 768
370 256
870 336
913 417
420 336
1025 453
833 309
2048 336
286 156
1063 449
2292 427
232 406
570 256
829 528
453 398
1506 420
291 278
486 486
1055 381
835 556
700 318
677 68
348 403
1806 66
420 306
781 536
990 586
1808 346
453 398
430 421
1906 286
456 336
686 506
516 391
888 307
448 468
438 406
371 508
2402 576
778 486
745 346
768 556
445 548
774 179
320 258
829 556
875 465
703 288
888 336
1246 406
2382 556
406 545
695 556
612 257
856 356
812 407
2190 406
1390 466
516 391
1063 449
429 307
2292 472
474 538
2048 336
1550 420
366 486
409 251
819 356
663 506
359 217
320 258
319 258
870 576
437 528
1506 420
2292 427
320 296
252 246
651 528
720 308
388 76
1404 468
1601 381
913 417
406 206
553 489
1010 307
356 206
1843 575
868 556
330 436
667 528
422 419
1210 324
783 528
291 278
370 256
324 528
2348 536
870 206
348 403
516 391
888 307
221 389
1063 449
695 528
695 556
232 824
1546 414
835 528
746 556
370 66
1550 436
1498 356
232 824
346 535
906 66
420 336
870 548
1788 356
420 566
319 258
1970 336
616 126
2036 586
868 556
320 286
456 336
324 218
1336 241
370 255
606 239
835 528
856 356
906 468
356 286
445 356
670 238
813 360
2093 556
422 419
1010 307
651 528
1246 406
839 251
1338 256
256 970
891 390
404 486
870 336
1076 256
1040 616
324 528
2068 468
1701 246
506 396
408 556
220 86
1340 256
1480 728
667 528
397 225
455 226
406 156
1210 546
422 419
756 556
1290 576
320 296
446 386
430 407
1726 66
470 286
745 318
543 416
111 395
769 555
919 528
1659 398
356 324
931 306
455 206
656 256
2216 336
348 403
745 346
383 277
706 206
1570 406
406 183
206 408
2070 93
370 256
448 468
316 392
306 336
620 93
870 336
429 468
1251 347
820 356
888 336
806 236
508 206
429 307
430 407
543 435
812 421
904 406
470 287
356 286
1526 606
406 186
934 198
768 555
320 258
720 308
348 403
2226 556
682 581
429 307
356 324
788 326
96 106
811 486
422 548
851 137
1498 820
333 378
1659 398
812 421
1172 517
1970 286
202 894
753 354
682 581
868 555
232 824
232 824
419 86
1556 586
2292 427
2226 348
559 206
910 576
291 278
420 278
320 286
1506 241
913 417
667 536
396 166
775 336
1355 386
888 307
1025 453
927 556
1172 517
252 246
446 386
345 535
812 421
2103 556
2070 93
818 586
1970 336
646 586
856 356
621 378
356 286
1000 556
356 324
703 288
881 356
406 206
2326 556
390 86
797 328
1808 346
446 386
870 336
565 358
316 66
2068 468
750 768
369 356
468 206
2292 427
1289 406
306 93
884 370
898 66
870 336
1103 465
1040 616
2326 556
320 258
422 419
320 258
888 336
1246 406
1659 398
356 66
856 356
1028 421
406 156
516 306
356 558
565 386
770 296
667 536
2382 556
409 251
656 196
856 126
868 555
2326 768
761 486
868 556
884 370
186 285
692 587
910 576
1210 426
1131 286
1236 306
516 391
1906 286
2402 576
888 307
839 251
221 389
1970 336
420 308
448 468
420 336
1040 616
1843 575
1550 556
743 337
747 328
480 402
2382 556
2006 406
1068 286
750 740
2106 106
906 286
848 453
348 403
768 555
324 528
1338 328
2226 556
910 576
781 486
2048 336
404 486
453 398
516 391
2103 556
849 126
442 527
620 157
422 419
467 106
839 286
516 306
480 452
1131 286
919 528
420 566
289 1172
990 558
470 286
2326 768
422 548
2070 556
888 307
761 486
1550 556
1565 561
746 556
406 136
185 503
491 93
348 403
319 258
232 824
1056 246
1390 98
756 556
1595 421
606 336
706 576
483 558
348 403
1002 556
1236 306
1002 556
913 417
480 793
1103 465
1025 453
2326 768
835 528
420 417
453 398
779 545
770 93
452 1206
1050 761
543 416
1246 406
781 486
422 419
508 306
221 389
491 93
371 536
1404 468
370 237
1390 466
1028 421
570 256
1970 336
2382 556
379 225
429 468
446 386
1172 517
1210 545
492 558
700 318
770 556
1391 406
1659 398
2326 556
919 556
666 556
319 258
356 558
906 356
2292 472
1546 414
745 346
1659 398
291 278
611 257
853 428
470 287
670 575
1755 430
288 246
706 225
1246 406
781 556
733 620
568 216
420 330
2006 406
781 66
306 336
456 336
453 398
769 486
319 258
1056 246
2226 348
898 306
1290 576
453 363
960 566
682 581
402 889
2382 556
420 566
320 303
422 419
781 508
499 56
420 417
835 528
1210 546
1289 393
746 556
458 66
1770 336
458 406
1755 360
629 148
919 528
1755 430
818 558
803 421
556 546
746 556
1498 820
667 556
458 406
288 246
252 487
808 136
346 256
736 107
370 256
650 894
750 768
568 216
558 97
750 740
422 419
288 246
470 286
768 555
1150 236
384 456
553 489
812 421
2226 556
853 428
420 336
606 336
783 308
695 528
255 383
1050 761
255 383
695 556
370 255
319 258
430 407
421 66
770 556
1040 616
539 503
252 246
768 556
222 433
606 278
1546 414
706 225
2226 348
1246 406
366 556
1260 956
1556 586
1506 241
422 419
2292 472
330 66
455 528
438 436
458 66
2068 468
446 386
798 453
655 184
2292 346
695 528
256 970
356 324
456 436
543 435
1752 336
1550 436
1770 336
422 398
420 308
1000 556
612 257
706 576
320 286
1370 406
682 554
252 246
1506 241
1290 576
438 406
406 206
1055 381
516 584
568 206
508 306
2068 468
1088 326
756 336
750 768
2210 206
768 555
2382 556
829 528
470 377
448 468
320 258
1210 545
666 420
588 256
429 307
256 288
881 467
2259 555
453 398
420 308
764 126
720 336
750 768
356 286
1506 241
252 218
703 442
328 256
429 307
1356 86
868 556
744 347
570 891
756 556
839 286
1290 576
710 241
511 66
851 137
781 508
283 611
1570 93
333 378
706 206
798 449
626 126
770 271
1659 398
797 328
456 336
1556 106
468 206
1340 256
456 436
835 556
456 206
870 576
486 486
306 336
1236 306
255 383
798 449
442 527
420 308
639 288
650 894
2048 336
328 256
2404 906
480 793
829 556
706 206
611 257
553 489
1843 575
530 396
1646 406
2068 468
2326 556
1550 420
330 436
1210 545
1970 336
161 449
868 555
2326 556
333 378
593 417
453 453
328 307
2216 256
1210 426
291 278
1210 426
406 136
818 323
438 406
538 66
770 216
486 486
291 278
890 781
306 506
320 296
227 832
429 468
324 528
328 256
419 528
2326 556
420 308
411 528
1002 556
448 468
458 66
406 56
450 428
324 528
306 336
328 256
1210 324
238 76
406 186
306 336
480 793
256 136
856 356
300 1068
829 556
791 66
420 278
420 417
324 528
420 306
1998 86
470 286
453 398
449 556
1556 586
835 556
860 353
320 76
780 197
565 358
813 360
570 237
430 407
1788 66
1966 206
1155 156
375 527
333 378
330 436
718 399
453 453
802 93
333 378
625 377
516 414
530 396
319 258
606 336
420 417
348 403
530 106
1770 336
449 556
1550 436
420 278
770 241
2326 768
506 396
829 556
721 356
320 258
816 616
888 336
1606 426
