1000
1220 2440
1293 56
553 489
913 417
1870 76
797 216
1973 489
2406 93
651 528
333 378
383 277
1048 106
420 278
1598 246
221 389
309 237
1512 66
570 256
651 528
406 156
491 93
2402 576
838 176
1752 336
1506 420
1636 366
422 419
1055 66
892 123
252 218
804 406
1788 48
768 555
770 241
1550 436
656 93
391 97
1006 93
499 56
593 417
621 378
1565 561
496 92
695 528
393 889
2382 556
420 278
1355 386
910 576
436 458
326 66
944 61
538 56
2368 468
540 205
416 76
1210 426
835 556
158 285
406 56
728 556
516 584
309 137
781 536
429 307
812 421
884 370
356 116
573 326
1598 246
2396 56
429 468
1665 86
356 176
740 770
1404 468
501 46
959 66
2326 126
887 203
1546 414
406 106
891 66
181 280
406 56
470 286
455 226
1290 576
1470 106
670 575
1289 393
356 324
1210 426
2382 576
330 436
232 824
888 307
422 548
491 93
1063 449
408 136
910 467
86 268
2006 93
1063 449
178 620
325 136
663 156
448 468
446 151
2216 256
406 206
456 436
534 61
769 486
1701 246
324 218
248 66
480 452
606 239
758 72
421 66
781 508
1290 576
1770 336
491 93
1556 106
453 398
356 286
769 126
853 385
868 556
1970 286
1040 616
1000 93
2292 346
856 356
1289 406
406 116
806 56
422 548
1210 545
990 558
511 93
310 236
470 286
678 66
812 421
456 336
370 256
667 556
682 581
1071 285
839 86
1895 76
1966 206
770 1110
682 66
422 419
486 486
281 66
321 66
565 386
420 308
769 486
786 236
1908 86
838 176
756 556
256 116
86 489
517 93
808 136
904 406
700 318
320 88
446 126
383 277
816 216
172 469
593 417
458 66
321 66
445 576
224 429
1210 324
888 66
325 518
438 406
2036 586
405 162
957 456
1826 449
981 66
960 566
2382 556
2070 93
446 386
422 398
256 136
438 406
686 506
343 156
856 126
1236 306
990 586
436 486
420 308
855 126
868 93
1191 216
769 126
348 403
252 218
606 336
406 86
818 586
937 306
666 420
2104 705
297 56
1258 106
1338 256
480 56
255 383
309 137
816 183
1068 286
1210 426
374 126
798 449
1210 545
829 528
682 554
480 56
1289 406
429 468
470 286
1210 324
1210 426
449 528
422 398
1416 176
818 558
409 251
1020 306
539 503
2326 768
739 285
406 156
663 506
511 66
1410 246
439 366
486 486
888 336
1752 336
290 187
904 406
556 546
2326 556
870 336
470 66
855 66
891 576
516 391
341 530
439 366
1030 336
289 1172
379 225
516 391
830 433
2402 576
746 56
289 1172
369 204
1441 66
181 280
417 116
811 56
2316 56
406 96
341 93
445 576
252 93
319 258
778 486
1498 356
1390 466
1606 426
324 56
2326 556
2068 468
816 538
324 218
811 486
816 538
452 1206
1593 106
798 449
516 391
366 458
2402 576
663 506
453 398
1506 420
829 93
870 308
348 403
1755 360
898 106
1829 138
474 61
1546 414
872 61
2406 581
474 538
448 468
855 126
770 241
667 536
1210 426
706 206
404 486
1570 406
1550 420
2174 66
320 296
706 56
746 586
480 402
406 126
429 307
486 486
746 556
1210 545
471 66
797 188
455 226
586 106
259 377
406 186
666 146
1406 93
1293 86
1721 56
2402 48
438 436
2048 336
666 424
870 308
2292 472
440 548
750 93
161 449
393 889
384 456
470 286
2216 336
1290 576
2066 506
1966 576
320 296
224 429
291 278
429 307
682 581
730 236
1906 286
1556 386
429 468
241 575
829 556
252 246
406 156
467 163
1556 586
356 324
356 324
891 66
666 86
1289 393
1550 436
356 286
267 106
906 456
1210 426
508 86
384 456
470 377
870 308
444 137
781 486
2292 472
892 123
666 424
445 126
740 770
140 537
491 93
1338 328
336 286
1210 546
348 403
516 137
960 566
1755 430
1340 256
629 356
1659 398
783 308
1063 449
1556 586
241 66
356 558
743 86
471 66
371 66
1066 336
813 360
491 93
606 336
1946 66
1646 406
341 530
310 236
437 528
875 465
449 528
306 506
366 486
316 392
753 354
811 486
290 187
606 586
824 527
890 537
309 137
430 421
570 891
1410 486
86 268
1091 66
771 137
508 126
306 106
739 285
333 378
339 126
320 258
1398 600
1598 246
429 468
2226 106
66 802
438 436
341 530
720 308
530 406
2068 468
501 66
429 307
570 106
703 442
2316 56
1071 285
300 267
785 76
438 406
378 87
695 56
1131 286
255 383
256 288
606 336
399 56
398 93
543 435
781 556
600 157
2216 336
2266 66
913 417
2190 406
1066 336
768 93
667 536
471 66
1659 398
812 407
553 489
2382 556
420 278
1063 449
1703 66
750 93
1056 66
1290 93
312 68
306 146
336 286
283 611
1506 420
1056 246
2056 93
667 528
869 86
2216 106
803 421
309 137
470 530
378 66
870 336
957 456
406 106
420 286
726 66
695 556
412 528
888 336
1808 346
906 468
348 403
1210 93
745 318
750 740
568 66
2382 556
783 528
1002 556
283 612
232 824
667 556
324 528
391 97
868 93
420 106
2016 151
1659 398
356 206
2216 256
2326 556
221 389
429 468
341 93
421 66
2402 576
2382 556
779 66
2226 556
393 889
470 286
710 93
1718 625
1570 406
256 136
706 206
2382 556
1000 556
835 556
853 385
371 66
356 116
471 66
1063 449
927 256
406 126
497 66
2326 126
1908 86
341 93
2036 586
456 336
486 56
1670 106
1970 286
1506 342
780 197
1210 545
919 528
2012 86
870 336
406 156
413 156
224 429
445 548
746 586
1289 406
1940 538
501 46
1326 66
2382 556
1210 324
328 238
309 237
232 406
938 381
888 126
467 106
530 396
842 137
1970 336
565 358
420 336
558 97
324 528
667 528
796 106
1843 575
486 106
1376 256
2348 66
324 528
393 889
818 586
422 398
1066 336
2190 406
2292 472
456 146
2316 56
565 386
376 206
593 417
770 241
695 528
422 398
516 66
1565 561
756 556
715 516
756 56
420 308
449 106
429 468
406 206
870 336
906 56
438 436
570 256
438 436
870 93
639 288
319 258
639 288
957 428
682 581
621 378
696 56
1010 307
2226 556
2382 556
2402 56
1534 48
415 309
1246 406
1755 430
570 237
447 106
2266 66
565 386
318 66
771 137
781 66
348 403
456 156
221 389
388 72
458 406
467 106
1770 66
558 97
452 86
1534 66
703 442
320 258
256 970
320 258
1506 420
306 93
174 553
2079 66
882 93
927 256
767 137
797 66
990 558
397 225
288 66
1246 406
612 257
1398 600
356 206
625 377
356 116
1404 468
391 76
1104 576
348 403
516 414
2382 556
163 353
2106 56
420 267
606 336
1340 256
756 556
325 518
406 206
970 567
744 347
320 86
320 296
1970 156
422 419
784 179
397 225
789 137
420 308
686 203
1290 576
835 556
206 56
868 556
756 56
720 308
1210 406
320 296
406 116
1246 406
758 146
486 486
458 406
501 66
371 66
1586 63
978 76
890 781
893 66
798 449
1068 286
429 307
881 781
420 336
2006 406
990 558
1636 366
320 286
181 280
408 106
316 66
320 258
390 137
553 433
269 66
706 576
356 324
889 406
406 206
406 116
422 419
1506 420
231 76
356 206
1659 398
573 326
516 66
508 86
406 156
565 386
186 285
423 310
895 86
788 66
271 93
891 556
1506 241
453 398
1506 420
768 556
406 116
232 824
348 403
2106 56
720 308
2048 336
441 358
429 307
429 468
450 428
858 86
830 433
906 468
486 66
319 258
406 545
1260 325
256 970
516 391
319 258
486 486
1963 66
870 576
1970 336
346 535
269 66
1071 285
516 414
508 306
1906 286
399 56
453 363
1659 398
1076 66
181 436
386 121
341 530
1210 324
870 126
769 555
2003 414
2086 66
930 56
810 428
2124 306
370 237
769 486
888 576
888 307
2348 536
283 611
809 86
406 126
1063 449
406 126
770 556
453 363
321 66
391 97
1550 556
1755 430
829 528
439 366
1970 336
777 203
520 517
338 56
383 277
1290 576
906 286
1210 426
670 278
853 937
491 93
1289 402
706 225
870 576
341 355
320 258
919 93
666 556
919 556
2326 93
870 336
516 414
354 121
2382 556
2216 336
2382 556
399 56
320 258
784 56
486 486
778 486
383 277
1506 241
456 156
480 402
256 136
167 308
910 126
378 225
456 336
883 66
406 66
1025 453
386 121
2382 556
1646 406
486 486
2321 152
532 406
406 106
420 336
611 257
716 106
747 318
703 446
491 93
420 126
409 251
811 486
1210 546
420 566
420 417
663 156
904 406
888 307
406 56
543 416
356 556
744 347
1088 326
486 486
746 556
2326 66
467 106
417 116
202 894
320 258
2067 56
366 66
2326 768
813 360
341 93
308 106
406 116
449 93
348 403
420 330
1251 61
251 93
251 93
2402 576
680 76
429 468
1906 286
835 528
343 156
2064 86
906 468
1606 426
706 225
1063 449
1555 372
888 336
420 336
429 468
1404 468
1030 336
486 486
406 136
806 93
268 86
806 93
420 308
703 446
348 403
844 123
656 256
990 66
486 486
438 436
1131 286
1355 66
1066 336
534 61
1063 449
455 206
421 66
1210 545
306 336
415 309
406 126
1843 575
910 66
2226 556
483 558
474 538
397 225
902 358
470 287
455 528
783 179
406 136
881 781
1701 246
456 336
553 433
326 66
651 528
1470 136
600 93
348 403
419 528
465 156
856 356
1340 256
227 832
