1000
1220 2440
733 620
695 528
910 576
806 286
2005 106
516 391
781 356
891 576
1636 366
606 336
1179 76
625 353
870 66
783 308
408 556
2402 576
306 146
371 66
1906 106
868 556
1066 336
1818 86
1063 449
1210 426
1966 576
319 294
320 286
445 576
1553 465
556 546
1271 176
937 287
356 116
1636 366
716 206
835 93
348 403
806 93
990 558
881 356
760 156
848 453
391 97
422 419
270 106
813 360
142 328
1636 366
1382 66
516 391
938 386
1338 256
516 414
453 398
813 360
1246 406
388 76
888 576
806 93
2093 556
703 288
1506 241
1598 246
556 64
449 556
882 93
938 386
803 383
663 187
309 137
170 196
840 66
2048 336
2190 86
889 406
1289 406
491 93
320 258
256 136
420 336
750 740
829 556
767 68
818 558
2066 506
606 239
620 570
1966 576
320 296
376 206
356 556
319 258
420 336
798 453
356 116
576 239
651 528
960 566
703 442
341 530
220 66
406 206
356 206
320 258
708 106
781 66
870 336
639 288
919 528
406 126
320 286
870 308
893 86
1391 406
872 61
319 258
600 157
288 66
1500 56
222 433
430 421
797 356
960 566
343 156
356 116
881 781
1550 93
2070 556
420 308
2286 48
1936 426
289 1172
1570 406
291 278
446 151
163 586
875 465
2288 48
2068 468
468 66
306 179
910 576
1246 406
1970 286
803 170
770 241
310 236
870 336
809 61
781 556
913 417
2326 556
376 206
870 308
798 449
570 237
1172 517
470 287
516 391
470 126
787 56
872 61
420 336
1995 106
745 318
1520 76
870 93
347 506
1966 206
2326 556
843 187
1210 426
348 403
170 196
1188 61
612 257
875 365
990 558
888 336
1050 761
667 536
781 536
271 93
769 486
356 206
1041 56
888 336
300 1068
1210 324
1733 86
1646 406
1606 426
2036 566
1290 576
710 93
491 93
397 87
797 328
570 237
823 76
283 611
703 446
356 236
343 156
413 156
2104 705
856 356
570 256
651 528
511 93
449 528
869 86
491 93
384 456
404 486
1210 324
1260 346
320 258
2382 556
990 586
1210 545
530 396
768 556
438 406
1290 576
391 66
181 436
1068 286
406 206
767 68
2348 536
870 336
640 56
1398 600
1210 545
824 66
745 318
422 398
56 218
756 56
386 121
1030 336
756 336
771 137
406 106
319 258
695 556
320 258
1056 66
1210 324
417 116
1438 625
720 336
606 336
639 288
312 68
639 288
1246 406
430 421
424 136
291 278
1659 398
745 318
396 91
1088 326
667 556
1241 131
241 66
781 536
256 116
771 137
1550 93
703 446
255 383
702 355
429 468
1556 586
620 570
1290 576
838 176
829 556
406 545
325 518
366 556
348 403
798 449
2382 556
858 106
783 308
1131 286
639 56
769 66
402 889
480 402
990 66
870 308
419 86
1895 206
383 277
348 403
1289 393
1881 56
680 581
2382 556
417 116
412 528
2316 56
824 527
420 308
906 456
224 429
888 548
319 556
1755 360
319 258
1236 306
374 126
620 157
770 217
2036 586
406 156
283 611
733 600
1002 556
356 116
1110 236
320 258
906 468
377 56
746 556
252 218
448 468
1755 430
769 555
422 548
521 93
516 414
910 126
745 318
371 508
639 56
399 56
781 486
474 61
870 576
320 296
2190 406
338 66
388 106
975 86
406 156
667 528
453 453
1770 93
480 452
1370 406
506 158
448 468
2226 556
600 157
770 216
320 126
232 824
659 48
348 146
453 398
888 307
808 136
241 93
818 558
291 278
780 197
420 106
306 93
729 556
339 126
406 206
300 267
386 121
310 236
562 66
409 76
268 86
952 746
1390 466
348 403
430 407
383 277
811 486
981 56
747 328
406 156
667 536
422 398
2368 468
750 768
2402 576
333 378
420 278
1010 307
781 536
1375 700
839 76
252 246
770 271
406 545
2326 556
438 436
482 86
745 318
666 424
1002 556
516 391
1070 106
306 336
769 56
2070 556
141 48
196 56
320 258
1550 93
2005 66
1826 449
1570 406
829 556
892 123
919 556
456 336
540 205
224 429
516 391
413 93
1056 246
256 93
420 336
2326 556
320 76
789 66
470 138
291 278
148 535
456 66
348 403
300 267
492 558
721 66
2016 151
829 556
1755 360
952 746
770 296
2066 506
606 566
516 584
458 406
1289 406
2121 581
943 76
588 256
328 256
941 66
256 136
855 126
593 417
1025 453
1506 241
2226 556
406 56
761 486
423 310
2266 56
320 217
232 824
1550 556
1470 106
418 66
770 296
456 436
860 353
206 66
750 768
520 438
1063 449
483 558
448 468
445 576
1906 286
695 56
421 66
1550 556
252 93
1210 426
756 556
798 453
565 358
328 256
181 280
2280 66
829 556
1404 468
611 257
256 970
1306 66
796 124
797 188
750 740
666 146
306 166
812 421
406 206
341 530
202 894
1338 328
1498 820
163 417
422 548
606 336
835 56
927 556
769 66
496 92
497 66
2126 546
890 106
778 56
420 318
783 548
1002 93
406 156
516 391
1843 575
371 66
855 66
1441 66
506 406
870 336
316 392
646 586
388 66
978 76
781 486
440 548
818 558
875 365
783 548
2216 66
1063 449
391 66
465 156
2104 705
743 337
853 385
1040 616
868 555
606 566
769 555
345 535
1398 600
345 535
356 286
888 76
392 87
1550 420
499 56
798 449
356 206
1246 406
1570 93
491 66
421 66
439 366
1236 306
937 66
2368 468
1063 449
480 793
744 347
1289 393
456 436
344 126
606 586
808 136
881 781
516 414
420 86
1636 366
471 66
453 363
855 126
458 406
324 528
806 286
888 336
824 66
370 255
283 87
750 768
1063 449
703 442
291 278
2206 51
491 93
1063 449
1206 106
356 206
1606 66
530 396
2292 427
737 66
345 535
1970 336
666 556
680 554
406 136
423 310
776 56
290 187
185 503
728 556
1246 406
703 442
839 286
455 206
283 611
2190 406
2104 705
650 393
348 403
600 176
612 257
1098 365
471 66
706 66
835 123
1665 56
855 126
1030 336
769 265
868 556
441 360
1170 88
438 436
770 241
830 433
393 889
333 378
839 286
224 429
1556 66
868 93
406 116
2326 556
913 417
1570 93
186 285
1570 406
670 575
261 66
306 336
2406 581
509 76
486 486
739 285
198 323
406 136
163 417
409 251
420 336
448 468
2259 555
779 545
888 336
383 277
261 66
1506 420
1688 106
798 453
872 86
798 453
778 66
300 1068
422 548
369 66
943 76
906 93
875 465
406 66
1733 66
2406 581
565 386
568 216
453 398
2026 66
842 137
919 556
2396 56
516 391
829 556
366 458
1843 575
421 66
415 309
343 156
1040 616
746 586
745 346
1006 126
456 206
356 556
370 237
455 226
422 398
798 453
480 793
1056 246
386 86
486 486
406 206
1260 156
383 277
291 278
392 87
2048 336
356 324
309 87
786 56
1770 1010
406 91
848 453
889 406
784 56
1506 420
252 218
1290 93
781 48
835 123
558 97
823 183
386 121
304 126
420 336
970 567
1338 328
891 576
422 419
651 528
818 586
808 136
663 478
1210 426
612 257
474 538
449 556
422 398
2382 556
1973 489
1570 406
343 156
281 66
256 136
620 176
959 106
2016 151
283 612
553 433
406 156
538 56
406 106
888 307
1555 372
612 68
420 308
769 265
937 66
781 486
680 581
770 253
1506 241
1843 575
952 746
468 206
1289 393
408 556
421 66
1063 449
406 156
388 72
470 377
422 548
895 86
810 506
802 93
530 396
549 97
1306 66
356 324
1210 545
745 346
470 138
663 66
1570 406
453 453
1066 336
1906 286
455 528
2126 546
371 536
1973 489
695 556
1570 406
438 406
406 545
1251 347
1390 466
486 66
2326 556
902 385
839 86
2070 93
769 66
930 86
981 56
306 179
2036 586
784 56
771 137
511 66
2011 556
888 126
316 392
515 56
695 528
768 556
1289 406
887 203
1973 489
663 506
2216 336
720 336
480 793
888 336
2286 48
726 96
870 93
491 93
371 66
356 176
420 566
1526 56
2068 468
518 56
520 438
356 286
2406 56
1946 66
516 391
670 575
306 179
324 528
1385 86
821 93
1030 336
406 106
316 392
486 486
888 336
2288 48
417 116
406 106
422 398
106 106
593 417
448 468
333 378
706 576
497 66
870 576
781 66
1546 414
1066 336
666 556
706 576
417 116
86 970
695 93
420 278
1210 426
486 486
2326 556
406 166
345 535
325 518
256 136
319 258
888 336
1391 106
471 66
142 328
888 548
2326 556
768 555
520 517
875 465
506 396
835 556
779 545
1206 106
1063 453
785 76
470 306
810 506
383 277
1659 398
870 420
2064 86
370 237
913 417
383 277
778 486
666 420
768 556
870 336
1970 286
516 414
812 421
1570 406
453 398
612 257
521 66
438 436
798 449
888 307
680 581
477 126
720 336
422 419
910 576
491 93
806 286
406 206
855 126
770 56
808 136
1172 517
891 576
370 256
2226 556
1962 106
422 419
990 126
420 417
480 793
870 308
1550 436
516 391
420 66
1970 336
1391 406
456 436
726 96
406 106
783 528
611 257
695 556
1380 76
1296 166
1246 406
975 86
486 486
182 403
406 126
408 136
902 360
745 126
876 86
858 66
650 894
369 323
489 98
570 237
346 278
256 136
1556 66
509 76
906 356
356 206
406 186
888 336
406 156
406 66
695 528
806 56
952 746
570 66
470 258
812 421
2368 468
927 556
781 536
356 558
