2500
1220 2440
456 156
1870 76
921 86
486 486
123 918
1210 546
778 66
288 56
686 506
585 156
406 116
489 86
231 76
291 66
666 146
1555 372
1636 61
1063 76
336 197
306 179
1755 430
990 66
713 106
406 186
439 66
600 93
337 126
1598 246
333 378
453 398
808 136
445 126
403 163
413 156
803 170
549 97
769 66
872 61
1350 76
908 61
2156 60
406 106
523 187
1170 66
406 146
868 93
530 61
2292 346
356 116
835 93
750 138
806 286
696 88
172 389
343 156
808 136
1406 93
511 66
874 123
2006 93
1210 426
808 136
291 66
1203 66
741 91
406 126
406 156
663 506
718 196
406 126
1370 406
768 556
491 93
721 66
370 86
412 528
389 87
306 179
769 66
489 86
528 56
306 106
1170 66
256 136
139 413
686 203
666 171
446 151
913 417
339 68
789 137
975 86
506 158
406 156
1872 61
491 93
806 93
1063 76
294 66
809 86
646 66
406 56
950 106
565 93
798 449
781 93
2206 51
268 86
406 106
797 126
758 72
370 66
1871 66
354 121
680 66
341 93
1390 98
416 76
1260 66
937 66
2406 93
489 86
745 66
406 206
808 136
1895 76
695 556
710 93
856 126
489 86
501 66
231 76
356 176
406 156
290 206
797 66
356 116
969 56
506 61
141 66
721 66
271 93
1385 86
868 126
420 308
870 93
456 66
370 197
406 146
471 66
556 546
771 137
706 66
123 66
496 61
220 66
348 146
990 66
990 56
781 93
445 576
788 66
743 86
789 66
348 403
1410 106
910 66
868 126
884 370
291 66
449 93
501 66
729 86
2061 88
521 66
771 162
406 156
767 68
420 566
386 121
797 126
666 420
1426 64
540 205
1406 93
531 66
325 136
436 66
586 106
826 66
670 575
390 86
663 126
870 126
163 417
409 76
366 66
444 137
1266 81
480 452
86 489
1764 66
1131 188
406 126
241 66
251 66
406 146
774 86
453 453
768 93
1290 93
910 126
421 66
406 136
1140 76
320 126
491 93
446 151
835 123
565 93
1956 191
483 558
1056 86
371 126
324 528
1088 326
797 188
406 136
511 93
406 56
406 146
796 95
1766 106
477 126
1733 66
136 185
176 506
816 183
378 87
531 66
309 137
1550 436
491 93
341 93
616 66
799 76
1728 66
1170 126
960 126
2292 427
420 86
570 237
356 116
1416 176
511 66
568 66
368 86
224 429
444 137
950 106
855 126
291 66
441 358
420 308
713 86
810 66
447 106
1570 93
430 421
163 417
741 61
1788 66
1210 93
758 138
593 417
646 86
406 126
406 206
2406 93
393 889
491 93
2316 56
729 86
1289 393
2406 93
796 186
406 156
813 360
888 66
1895 106
424 136
344 76
406 156
540 206
181 280
491 93
1755 360
600 93
881 356
306 126
1290 93
1726 66
767 68
420 66
1733 86
521 93
326 66
406 116
338 56
449 126
741 56
406 106
319 258
1406 66
409 76
530 158
156 788
523 133
906 93
516 66
771 137
338 56
499 56
161 449
420 566
491 93
758 146
758 146
840 66
506 94
232 824
835 123
508 306
406 126
811 56
565 66
446 151
768 556
806 236
206 56
656 126
163 417
271 66
417 116
402 126
420 66
406 156
1863 56
456 436
2286 48
271 66
2016 151
1398 600
1953 86
491 93
482 86
320 258
450 66
718 399
471 66
786 56
489 98
806 161
1276 166
516 414
908 61
756 336
663 187
776 66
663 66
306 93
740 106
808 136
880 66
540 93
695 56
259 377
2206 51
682 474
491 66
796 176
1944 91
518 56
441 66
718 196
659 48
1206 106
758 146
770 128
404 56
770 66
343 156
884 66
1255 74
1737 56
256 116
354 121
898 106
168 346
784 179
248 66
424 136
491 93
870 106
1818 86
565 66
491 93
406 86
1041 56
406 156
531 66
565 358
420 106
1936 426
2286 48
406 136
562 66
540 206
456 106
374 126
1802 76
516 414
567 93
406 156
600 93
1570 406
1966 56
781 486
2301 66
823 76
1582 86
406 56
620 157
406 126
870 106
766 93
1270 66
887 203
1966 576
516 66
888 336
206 66
2162 106
746 586
812 203
356 116
646 66
556 60
396 106
486 438
1616 106
388 72
659 56
384 456
220 86
148 535
580 56
2005 66
202 894
420 306
391 97
390 137
390 97
875 126
596 187
2005 66
565 358
1866 61
406 106
2070 93
1066 336
1056 246
2316 56
2316 56
1179 76
436 66
497 66
768 93
1306 66
1406 93
341 93
405 162
481 93
406 106
745 66
2406 56
491 66
420 267
990 126
371 536
319 258
2406 106
489 98
1788 66
646 66
343 156
1293 86
888 576
938 386
943 76
2070 93
898 106
540 205
870 126
1450 76
406 156
906 356
874 123
139 413
491 66
450 66
892 123
420 66
181 280
151 56
406 156
2161 66
506 106
1063 449
202 894
1416 176
2266 56
330 66
758 146
1872 61
396 166
422 398
202 894
420 308
447 106
1179 76
1088 326
818 126
517 93
256 146
950 106
406 156
509 76
491 93
868 126
758 138
306 146
919 556
406 106
826 66
1733 66
2070 93
393 126
356 116
424 136
406 156
676 106
717 66
406 156
1326 66
636 196
386 66
1028 421
465 156
380 76
1293 56
178 620
778 66
811 66
944 61
397 87
839 76
892 123
781 556
868 126
1270 66
482 86
306 126
1534 48
338 66
870 308
1441 66
870 106
469 106
870 66
562 66
178 620
406 146
1770 336
56 218
398 93
1002 93
186 285
756 61
1688 106
224 429
1970 156
496 86
630 93
990 66
1716 93
86 288
1388 66
406 156
934 198
413 156
1076 256
506 66
420 66
797 66
1076 66
650 894
902 358
806 56
1326 66
106 106
600 157
812 56
506 66
521 66
396 106
370 66
456 106
258 106
651 528
891 66
586 106
1651 66
491 93
406 156
839 76
380 76
2116 56
271 66
948 456
745 66
1070 61
446 151
957 66
297 56
290 187
931 93
1048 106
356 93
849 126
934 86
1906 286
397 87
758 146
1385 76
1534 48
309 137
786 236
444 137
491 93
838 176
763 76
449 126
406 106
816 123
930 86
491 93
468 66
149 486
1582 86
422 126
677 68
1826 449
141 508
406 156
320 286
1418 96
2070 126
286 156
491 93
2106 56
888 76
511 93
2326 93
502 66
872 64
530 158
406 156
804 406
446 151
630 93
338 146
409 76
870 106
396 166
870 106
716 90
142 328
339 68
565 358
1500 56
959 66
2055 66
491 93
320 76
769 126
343 156
570 86
458 86
888 86
56 506
872 61
406 156
530 406
419 86
809 106
406 56
343 156
521 66
1946 66
489 98
1733 66
2005 66
256 136
406 156
745 66
123 936
1289 406
256 116
375 66
808 136
409 76
1570 93
423 310
271 93
453 363
363 172
680 66
760 156
390 86
538 66
406 106
745 318
241 66
279 68
767 137
486 56
781 66
491 93
990 66
570 66
330 166
884 356
2196 66
267 106
453 363
421 66
2382 556
283 87
421 66
829 93
808 136
2292 427
1770 66
2326 126
356 116
423 310
921 86
446 151
686 203
446 151
181 280
453 398
810 66
1910 66
511 66
417 116
449 106
370 66
386 121
2402 93
1000 126
1188 66
1030 56
1688 106
606 336
952 106
415 307
809 86
656 126
486 56
1006 86
446 151
835 123
898 66
780 197
780 197
1910 66
491 93
2241 61
420 66
2026 66
1066 336
948 126
341 530
241 66
356 286
486 56
86 489
446 151
396 106
347 506
391 97
870 86
256 136
824 106
509 76
2348 66
842 137
256 136
297 56
356 324
620 176
1872 61
377 56
798 449
1010 307
486 486
201 86
798 453
875 66
406 116
421 66
2286 48
2005 66
415 66
420 126
808 136
486 56
1416 106
308 106
1836 56
710 196
96 106
880 66
2103 556
1900 98
496 61
600 176
306 146
256 136
1289 402
252 246
506 396
470 106
785 76
306 336
241 93
806 93
600 157
740 770
444 137
1091 66
406 126
398 93
781 508
750 126
406 96
406 116
869 86
737 126
640 87
868 93
324 528
174 76
710 196
420 278
324 528
666 556
388 72
406 86
456 146
271 93
2406 66
543 435
446 151
511 66
491 93
419 528
690 86
340 93
366 56
919 126
803 170
682 581
254 76
431 66
898 106
338 56
359 87
783 68
1071 285
256 126
1570 93
458 66
438 406
422 419
855 66
924 66
668 166
960 66
600 157
422 419
876 86
600 157
333 126
888 126
406 146
393 126
2060 93
1703 66
456 146
378 87
511 66
750 768
758 138
320 76
824 527
251 93
486 56
66 802
528 66
343 156
446 151
359 87
501 46
2005 66
835 556
868 126
391 97
1870 86
540 206
496 138
391 97
2292 472
1818 86
131 1163
306 146
1289 393
813 360
178 115
1550 436
1006 86
66 802
320 1150
781 93
858 106
471 66
906 56
231 76
348 403
844 123
506 106
778 56
620 176
1895 76
1416 176
726 96
388 72
491 93
2206 56
2151 46
838 176
1900 116
676 106
371 66
396 91
1598 246
1063 449
1066 336
2176 106
302 126
388 66
870 106
931 306
1836 61
1002 556
975 86
458 66
413 93
446 151
320 258
1536 66
406 156
320 258
445 126
2006 93
747 318
421 66
182 403
261 66
421 66
806 93
663 187
771 137
1382 76
758 106
2012 151
339 66
327 96
446 126
406 156
612 257
870 93
2326 768
123 936
521 93
1665 86
937 66
516 391
839 76
96 276
811 56
1002 93
1402 86
329 136
892 123
268 76
775 166
388 76
682 76
406 156
835 528
406 126
268 56
251 66
422 419
391 66
291 66
819 66
420 286
540 205
521 66
770 556
855 126
826 66
706 86
256 136
393 86
2406 88
1056 106
1426 64
2070 126
558 97
1950 46
1876 106
420 93
123 936
1906 286
990 66
596 187
388 72
888 126
1866 61
2266 66
148 534
256 116
803 106
639 56
888 126
182 403
1872 61
1416 176
456 106
538 66
663 156
769 66
256 116
594 66
405 162
501 46
308 106
396 91
406 156
356 324
990 558
252 218
1030 56
549 97
506 66
811 56
1418 66
565 93
320 76
600 157
491 93
341 93
421 66
497 66
1802 76
1033 93
910 66
161 450
123 66
1076 66
491 93
1006 126
406 186
817 93
371 508
549 97
341 93
288 246
396 166
471 66
248 66
456 121
811 486
526 66
1210 93
481 93
620 157
256 136
1470 106
321 66
291 278
325 518
521 93
1550 93
1030 76
371 66
167 308
910 126
1788 356
859 126
406 56
406 156
1418 66
406 56
2066 506
1656 66
844 123
465 156
486 56
406 156
874 123
378 87
518 66
252 218
921 86
448 468
447 56
506 61
696 56
516 137
870 93
286 156
178 620
325 136
2067 56
882 86
86 239
612 257
802 366
1041 56
430 421
421 66
2005 66
747 318
829 93
695 93
445 576
481 93
406 156
309 97
306 336
1688 106
856 356
695 93
330 66
261 66
480 56
870 106
241 66
769 66
870 126
891 86
388 76
422 398
438 406
521 66
860 156
339 68
2190 86
769 126
1418 66
281 66
409 76
480 86
708 106
761 486
306 146
271 93
406 56
446 151
320 136
769 265
341 93
178 620
1131 188
343 156
781 66
1338 256
470 66
269 66
406 116
1806 66
1962 61
538 66
826 66
406 156
811 66
528 56
336 197
835 56
540 205
516 414
2226 556
860 74
206 388
470 66
870 93
326 66
975 86
420 66
975 86
392 87
528 66
824 66
626 126
256 146
406 106
1025 453
268 76
406 156
1582 86
824 66
534 61
889 406
1326 66
808 136
1788 66
449 106
158 305
937 66
136 185
745 93
371 66
290 187
320 258
172 363
399 56
1350 76
695 56
1570 93
1007 86
896 203
424 136
695 93
413 156
406 126
570 237
1570 93
906 66
348 146
1131 188
839 286
868 556
2213 66
458 66
568 56
366 56
868 93
639 56
309 137
291 93
406 183
770 126
108 427
113 928
594 66
1006 86
616 86
420 66
819 93
732 137
370 66
547 56
391 97
853 76
1241 131
620 93
670 238
389 87
774 179
880 66
203 397
487 186
509 76
1570 93
1201 66
421 66
568 66
66 578
1416 176
186 285
2426 56
270 98
1380 66
178 115
547 56
309 137
491 93
1402 86
2406 86
747 318
369 204
332 68
131 1163
1758 76
508 206
406 106
1000 126
391 97
620 157
170 196
491 93
1210 546
286 136
392 87
906 93
291 278
458 66
1636 366
2286 48
781 66
350 179
406 156
467 106
1870 76
480 793
256 126
271 93
2216 336
516 278
446 126
470 138
1658 86
86 352
391 97
491 93
406 156
600 93
1210 426
771 162
2286 48
1895 86
670 575
321 66
1221 56
1108 57
1606 106
777 203
421 66
406 166
764 126
486 66
892 123
920 76
396 106
540 93
471 93
439 56
341 353
344 76
226 196
975 86
406 106
501 66
606 86
788 106
620 106
2121 56
306 93
930 106
286 156
1391 106
657 146
870 126
1758 76
1895 76
406 126
771 137
768 555
392 87
695 93
421 66
540 206
678 66
1546 414
1526 88
344 126
870 336
756 556
403 66
447 56
354 121
839 86
325 136
741 86
1733 106
491 93
1430 64
256 116
232 824
406 126
806 106
448 468
1056 86
876 106
511 66
758 146
732 137
540 205
2104 705
2005 66
396 106
516 66
1030 56
172 389
620 157
482 86
363 172
1040 616
306 106
470 377
2071 46
185 503
1406 93
1030 56
316 392
499 56
261 66
888 336
666 86
248 66
491 93
320 258
777 203
528 66
306 166
842 137
774 86
366 66
1290 576
86 288
1920 91
1946 66
406 56
770 66
142 328
456 66
256 136
441 66
643 884
1296 166
354 121
417 116
1556 106
420 86
528 66
1606 66
256 126
406 146
489 98
342 166
439 56
2190 86
1146 66
271 93
2406 93
356 176
746 56
406 146
406 126
420 66
413 156
2011 66
170 226
420 106
1025 453
404 486
406 106
663 66
455 206
1055 66
424 136
769 56
870 106
663 66
446 151
404 66
695 56
261 66
845 126
706 576
521 66
430 421
220 66
835 93
1406 93
528 86
620 157
457 106
1338 328
406 126
908 86
178 620
990 126
1556 386
271 93
491 93
388 72
2056 93
470 66
511 66
238 76
406 93
491 93
808 136
2326 126
520 438
568 66
1752 93
553 165
1752 126
406 116
487 186
455 86
1258 106
789 66
491 93
1020 66
359 87
392 87
390 86
710 241
341 93
1290 93
540 205
356 116
521 66
856 126
491 93
338 66
506 66
406 186
426 93
456 156
406 106
746 86
470 76
188 86
325 136
763 76
356 131
521 66
745 318
406 156
913 88
170 567
491 66
629 148
1221 56
639 288
726 66
959 106
330 66
2146 66
203 397
268 56
444 137
86 239
447 106
1380 66
309 137
1326 66
418 66
785 76
558 97
538 66
491 66
406 156
1000 93
573 326
656 256
256 136
860 74
343 156
818 66
876 66
424 136
182 403
406 126
420 106
497 66
842 137
1406 66
325 136
256 146
776 76
441 66
696 176
838 176
520 438
808 136
251 93
2190 406
1966 206
392 87
155 463
304 126
1836 61
420 308
2226 556
2016 151
446 151
1406 93
470 66
2436 56
959 106
390 86
741 56
1391 106
849 126
740 86
990 586
1906 66
990 66
139 413
406 156
450 56
990 66
449 93
789 126
406 166
760 56
406 106
970 126
2006 88
1701 86
458 66
419 86
508 86
769 126
810 66
406 116
534 61
913 417
835 95
990 558
406 106
441 66
778 66
797 328
2406 66
422 419
226 196
409 86
506 396
491 93
788 66
158 285
746 586
2106 56
393 126
1206 48
96 106
406 106
288 66
1382 76
306 179
78 338
391 66
356 558
406 106
406 156
959 106
761 66
420 306
198 323
1758 76
470 106
870 126
2005 66
422 419
470 530
1260 156
811 66
1733 66
1382 66
182 487
1770 336
1659 398
836 66
306 146
971 126
338 146
406 116
356 106
668 166
420 93
388 72
414 173
406 545
2402 56
446 151
718 66
797 66
402 173
429 307
406 106
458 66
486 56
486 66
950 51
1063 453
330 66
606 66
367 86
884 66
306 179
740 106
343 156
491 93
470 106
1820 93
1290 576
291 278
476 126
155 463
321 66
521 93
540 205
663 66
290 187
696 56
884 66
406 106
491 66
1906 66
756 56
812 56
370 176
2326 768
168 346
386 86
2404 906
818 558
406 136
470 106
438 406
359 87
1752 93
668 166
896 203
1340 310
306 179
1616 66
1131 188
870 126
406 116
296 156
2162 106
316 66
406 156
406 96
444 137
1441 66
406 156
682 581
829 93
706 66
920 76
1418 96
396 106
388 66
906 468
406 156
2124 306
483 558
891 390
182 403
491 66
491 93
271 56
808 136
781 56
409 251
388 72
928 123
1526 606
2316 56
377 56
406 146
406 66
811 66
486 56
391 97
1975 64
570 66
906 56
181 436
86 268
2216 336
406 116
1000 93
111 395
1055 66
528 66
830 76
1500 56
768 126
769 66
1290 576
808 187
286 156
695 93
611 257
428 96
421 66
524 173
1820 66
241 66
868 93
491 66
2286 48
2266 66
421 66
1266 66
808 136
343 156
305 56
2079 66
424 136
771 137
1290 576
1582 86
325 136
2382 556
600 93
406 116
370 255
502 66
2326 93
1441 66
380 76
2012 151
448 468
528 66
811 66
406 56
567 93
291 66
481 93
806 106
406 126
620 176
1612 93
1289 393
1906 286
338 66
256 146
408 106
896 203
710 93
771 137
656 256
796 106
720 126
356 116
1520 76
811 66
386 121
141 508
497 66
456 146
696 196
1900 98
446 126
256 136
806 93
1288 126
809 86
1752 93
1418 96
444 137
799 76
851 137
1406 93
406 106
678 66
990 66
919 93
181 280
620 93
1556 93
716 106
2406 106
182 403
806 286
501 66
2190 86
519 56
486 56
2286 48
406 56
172 363
666 146
256 179
768 126
1570 93
449 106
910 66
710 76
1512 66
838 176
406 126
549 97
687 184
375 66
746 56
1135 76
1355 66
399 56
202 894
1402 86
549 97
696 176
614 218
888 336
491 93
870 576
1306 66
830 56
399 56
888 66
185 503
491 93
449 93
2055 66
990 126
769 66
506 106
366 56
378 66
424 136
471 66
302 126
406 106
888 66
771 137
286 136
1066 336
438 406
491 66
455 86
1306 66
386 66
491 93
891 66
420 66
338 66
417 116
343 156
482 86
436 66
256 146
1550 93
538 66
2356 106
491 93
726 96
420 93
696 176
696 88
491 93
1770 93
420 126
406 106
445 66
745 126
580 56
506 176
1606 56
928 123
456 156
538 66
413 156
445 66
402 173
356 196
304 126
343 156
183 743
406 106
2316 56
456 121
338 66
206 66
508 126
383 277
396 106
388 72
423 310
769 66
1410 126
1870 86
532 158
480 452
1565 123
471 66
321 66
66 536
406 106
343 156
798 449
2079 106
768 93
1659 66
163 417
174 545
371 66
206 56
530 158
802 366
1290 93
338 146
458 86
359 87
856 356
1820 66
845 126
343 156
491 93
86 268
1550 556
2070 93
819 93
356 93
491 93
536 66
406 156
891 576
1570 93
1290 576
680 76
2321 152
796 95
898 66
338 56
248 66
2176 106
393 126
1002 556
523 187
444 97
774 179
420 308
252 218
406 156
506 66
784 56
421 66
406 86
203 397
620 93
396 166
325 518
241 66
396 91
456 66
919 556
316 392
231 76
496 61
421 66
501 66
868 93
420 66
388 72
2346 66
1731 66
781 93
181 280
286 136
2326 556
1126 56
1836 61
406 106
320 86
806 93
769 66
931 306
337 126
2121 56
695 528
497 66
341 93
2003 414
1188 66
594 106
600 157
540 93
366 556
291 66
695 93
868 93
553 433
1615 76
421 66
829 93
1188 66
271 93
906 76
959 66
1063 453
870 66
206 66
338 66
2070 93
1666 86
1056 66
770 556
1970 336
359 87
758 72
1241 131
415 66
2402 56
943 76
406 56
2070 93
906 66
420 336
172 389
406 156
1598 106
891 66
720 126
1550 436
406 66
420 278
1526 56
286 156
884 370
338 66
651 528
326 66
509 76
2326 66
756 336
378 66
106 106
470 66
2012 151
784 179
304 126
656 196
469 106
178 620
2316 56
467 106
657 146
491 93
86 268
1752 126
1788 66
1374 66
783 308
406 126
2402 56
302 126
497 66
1701 86
1210 406
829 93
252 93
309 87
981 66
849 66
465 156
2066 506
818 66
758 146
506 176
406 156
511 66
620 93
880 66
696 61
678 66
470 287
957 66
406 106
726 66
695 56
629 148
803 421
1385 76
474 61
406 156
868 556
406 156
476 126
86 489
491 93
1064 46
540 205
383 277
480 793
783 548
302 126
420 267
439 66
396 91
990 66
770 86
420 336
812 203
2266 66
839 86
406 146
1565 123
325 518
620 157
612 68
506 48
491 66
860 67
202 894
356 93
521 66
1215 106
453 398
375 527
876 106
511 66
1388 66
391 97
1416 176
316 392
538 66
408 136
588 256
406 66
776 76
1385 86
1993 66
1126 56
2348 66
2316 56
388 72
1260 48
682 76
2106 106
1406 66
341 93
348 403
872 86
891 126
321 66
406 93
386 121
876 106
420 417
241 93
839 86
402 889
2241 106
2436 106
1380 76
860 56
706 56
291 66
666 420
324 528
2026 66
406 106
441 66
1520 76
306 106
182 403
1536 171
354 121
620 176
828 93
503 576
962 126
2368 468
1131 286
1550 93
501 66
302 126
2266 66
467 163
456 156
420 93
745 126
516 56
540 93
663 187
341 93
758 72
256 146
521 93
806 856
438 436
1636 61
391 97
818 558
395 93
2006 93
839 86
406 136
2406 66
870 66
390 137
453 398
406 156
206 66
528 56
440 548
409 86
888 66
719 172
406 56
391 66
1077 86
981 76
826 66
1508 56
858 86
304 126
528 86
745 66
180 453
420 86
320 258
161 449
248 66
860 74
764 126
421 66
391 97
771 137
669 86
298 66
403 163
366 66
491 93
1881 56
920 86
621 378
796 106
371 126
186 285
1025 453
549 97
300 1068
406 206
489 86
486 56
319 258
1752 93
336 197
221 389
388 66
835 93
343 156
556 66
406 156
288 66
666 86
256 116
370 255
2190 406
740 86
1788 66
784 179
1566 66
320 286
456 106
407 93
750 148
356 116
895 86
797 66
291 66
371 66
1688 106
501 66
1260 156
231 76
2091 56
2146 66
681 106
611 257
163 417
1179 66
320 136
975 86
241 66
1290 576
471 66
421 66
511 93
542 527
420 106
446 126
422 419
256 116
1172 517
736 107
491 93
906 66
421 66
406 106
829 556
497 66
2286 48
482 86
2064 86
639 288
259 377
406 126
1179 76
445 66
1953 86
486 56
844 123
399 56
823 76
406 156
868 556
888 336
845 126
291 66
1658 86
880 66
269 66
656 196
158 468
778 66
769 126
818 126
2116 56
620 176
678 66
406 156
870 106
271 93
913 417
186 285
506 76
1843 575
456 106
2316 56
778 66
449 556
797 188
356 176
316 392
406 156
770 128
306 106
1350 76
456 121
620 157
750 768
306 179
370 237
791 126
291 93
921 86
486 106
491 93
161 449
1340 310
777 203
465 156
304 126
497 66
486 56
356 116
378 87
1419 56
406 116
141 66
256 136
