2500
1220 2440
388 76
558 97
406 106
1906 106
491 66
491 93
155 463
2426 56
1863 56
1326 66
438 406
408 136
336 197
1665 56
1370 406
338 66
1296 166
343 156
990 66
343 156
521 66
406 156
370 93
1931 66
829 93
710 196
333 126
600 93
406 146
1406 66
870 66
393 126
429 307
920 86
306 93
913 417
1188 66
769 66
706 206
408 106
2326 768
340 93
370 66
406 106
750 148
1770 66
855 66
290 206
186 285
508 126
439 56
889 406
888 76
282 66
785 76
406 136
990 66
421 66
880 66
990 66
356 66
875 126
413 156
456 121
491 93
2382 556
252 93
898 106
978 76
695 56
259 377
2288 48
875 465
868 93
1402 86
420 278
458 406
188 86
501 66
406 116
183 743
921 86
309 237
882 86
2388 86
1886 66
778 486
501 66
1290 93
453 398
797 188
309 137
502 66
939 86
497 66
406 156
835 93
1066 336
2406 93
556 64
338 66
356 116
256 146
491 93
606 86
732 137
2162 106
767 68
770 356
491 93
778 56
786 56
489 86
2116 56
363 172
141 508
460 126
835 123
521 66
406 156
2048 336
868 93
1570 93
482 86
344 76
402 889
429 307
386 121
445 66
356 116
908 61
1077 86
491 93
406 126
781 486
630 93
506 106
666 146
266 106
471 66
874 123
141 431
678 66
1595 421
531 66
474 457
2106 86
338 66
930 61
906 93
491 93
445 548
256 136
491 93
471 66
1966 56
404 56
421 66
858 66
1131 188
374 126
764 126
181 280
406 106
696 176
271 56
1056 86
511 66
1170 88
948 66
806 56
256 136
256 116
343 156
809 86
202 894
508 126
2326 556
474 61
304 126
621 378
1048 86
1550 556
1556 106
934 86
981 76
868 93
1251 347
491 66
281 66
870 126
523 133
746 56
870 93
422 126
421 66
549 97
329 76
470 106
516 66
306 179
406 106
406 156
406 106
809 61
876 66
1636 116
406 156
406 56
2026 56
386 66
2016 151
445 356
392 87
1000 93
388 106
893 86
2286 48
639 288
1534 48
2326 556
486 66
594 66
389 87
421 66
306 93
256 136
1108 57
990 66
486 56
870 126
596 187
530 61
1956 56
2106 106
835 93
913 417
778 486
302 126
222 433
407 93
406 136
1000 93
286 56
870 126
501 66
540 206
805 56
509 76
406 56
206 56
406 106
770 56
172 469
808 136
441 66
459 428
768 93
737 66
409 86
558 97
227 832
406 56
417 116
835 93
1070 106
750 740
344 126
819 93
491 93
332 68
1426 64
1170 66
370 176
1002 93
558 97
960 66
449 106
170 196
417 116
808 136
838 176
990 66
456 106
231 76
1179 76
941 66
981 66
791 66
329 76
386 121
781 48
1716 93
388 66
241 66
1406 66
860 67
809 61
1338 256
937 158
887 203
1770 66
771 137
271 93
756 556
343 156
509 76
540 206
1391 106
2259 555
421 66
306 106
486 438
1870 76
1288 86
491 93
481 93
1007 106
1895 76
636 196
241 93
356 106
1416 176
843 187
870 126
420 106
2368 468
406 106
356 116
530 61
767 137
990 66
261 66
356 116
356 93
408 136
86 239
501 66
798 453
2266 56
2326 93
778 66
471 66
176 506
769 126
406 206
585 156
139 413
688 56
784 179
158 305
56 566
1416 176
438 406
2226 106
823 183
511 93
1788 66
371 66
417 116
2190 86
1271 176
553 433
1210 126
640 87
769 66
676 82
1556 586
1570 93
306 336
375 66
406 146
458 106
870 106
1966 576
341 93
501 66
304 126
389 87
291 66
497 66
356 176
291 66
405 162
1764 66
482 86
849 66
396 166
258 106
306 93
766 93
343 156
491 93
1441 66
839 286
388 86
343 156
321 66
1659 398
540 206
306 126
1570 93
186 285
969 56
86 316
370 197
888 126
390 97
496 92
491 93
456 336
476 126
606 566
816 216
882 93
319 258
990 66
406 126
565 126
1418 96
1419 56
1188 86
163 417
386 121
830 56
1550 93
776 56
1030 86
420 278
2406 56
809 106
708 106
1070 61
1752 93
471 66
818 126
203 397
766 93
370 255
1906 286
656 93
420 93
1606 66
141 508
393 889
388 72
131 1163
2286 48
1000 93
337 126
1106 61
808 136
868 93
415 66
1688 106
758 146
970 89
339 126
570 86
788 66
1788 66
1063 449
667 556
456 121
540 205
1788 66
456 121
438 406
1391 66
713 106
811 66
496 138
818 558
1565 561
406 146
1659 398
356 116
397 87
296 156
406 106
174 553
1143 198
786 56
420 308
870 106
456 146
887 203
787 56
2382 556
703 442
1388 66
948 126
202 894
280 93
856 356
420 93
267 106
501 66
497 66
797 188
2408 56
1179 76
491 93
2005 66
155 463
1659 66
2005 66
695 556
703 446
1870 76
455 226
486 56
990 66
341 93
2206 56
639 56
1041 56
1140 76
371 126
1266 66
170 196
2406 66
391 66
2026 56
695 528
639 48
391 97
320 258
523 133
406 56
319 258
406 126
1260 86
341 93
220 86
1703 66
2021 66
2266 66
953 86
283 87
521 66
163 417
511 93
386 121
471 93
808 136
86 288
639 56
256 136
366 66
456 66
329 76
978 76
417 116
56 218
446 151
540 206
1421 106
406 56
172 363
750 768
338 146
86 288
858 106
406 166
465 156
523 133
256 136
796 124
2288 48
252 93
155 463
417 116
487 186
1550 93
466 126
281 66
304 126
1900 98
491 66
1063 76
919 126
950 51
256 136
891 66
302 126
291 66
910 66
271 93
888 336
640 87
1406 76
1290 576
726 66
2402 93
252 93
409 76
251 66
1998 86
594 66
406 126
1135 76
256 136
491 93
1375 700
2006 406
324 528
378 87
502 66
396 166
1755 360
422 126
1726 66
406 146
851 137
829 93
797 126
281 66
170 567
846 66
421 66
449 106
470 86
1550 93
356 93
271 93
321 66
783 308
406 126
540 206
2280 66
682 581
666 424
2348 66
388 66
518 56
370 237
783 68
491 93
347 66
256 136
1055 126
2288 66
256 136
406 106
256 136
406 106
876 86
756 56
1636 366
453 398
769 66
390 86
990 586
420 336
860 74
455 226
396 106
482 86
429 307
892 123
842 137
767 68
406 146
570 66
519 56
163 586
666 556
530 158
163 417
482 86
870 66
417 116
489 98
966 106
271 93
2316 56
600 157
870 126
491 93
180 453
320 86
391 97
348 146
779 545
406 126
86 316
449 106
1002 93
2280 66
1350 76
1870 86
798 453
1703 66
663 66
206 56
726 96
1500 56
1002 93
404 56
369 66
256 179
370 86
882 86
547 56
802 93
528 86
651 528
869 86
414 173
706 206
677 68
406 166
406 106
388 76
497 66
908 86
553 489
696 66
870 106
1512 66
1210 126
487 186
888 548
808 136
1266 81
811 486
388 76
1055 126
870 308
271 93
838 176
356 106
471 93
890 781
270 106
2406 66
616 126
851 137
1981 106
402 889
509 76
406 126
291 278
288 66
528 86
421 66
491 93
399 56
1406 93
600 157
2121 56
1506 420
808 187
666 171
778 66
406 91
501 46
888 307
892 123
406 91
796 176
668 166
858 106
221 389
1670 106
386 121
844 123
746 556
549 97
1570 406
1241 131
2176 106
356 176
417 116
406 136
2388 86
491 93
906 93
872 86
639 288
456 106
491 93
778 56
502 66
516 66
356 324
1870 86
1808 346
1289 406
155 463
406 186
430 421
384 456
491 93
876 66
1758 66
456 121
453 398
716 106
920 76
424 136
421 66
185 503
1953 86
570 237
781 66
819 93
1430 64
516 56
1131 188
406 156
830 76
491 93
2073 66
596 187
491 93
1167 76
1290 93
606 336
141 48
1382 66
726 134
256 116
888 576
298 66
746 56
868 93
628 126
406 116
721 66
716 106
528 66
629 148
1006 86
1770 336
2326 66
406 156
142 328
326 66
344 126
990 126
203 397
436 66
441 66
937 66
921 86
388 66
199 356
283 612
934 86
399 56
1106 61
1770 66
256 126
491 93
321 66
271 93
760 156
106 106
1570 93
356 93
858 56
806 56
771 162
304 126
371 536
342 166
441 66
306 106
348 146
910 66
406 106
990 66
600 157
406 116
769 66
406 56
659 56
746 586
769 486
1795 106
696 56
458 66
1890 61
856 126
2104 705
406 126
320 126
371 536
496 61
267 106
1755 360
1241 131
450 66
66 536
870 86
769 265
1002 93
283 612
971 126
931 306
343 156
224 76
486 56
356 116
870 126
343 156
86 489
406 156
516 391
499 56
1555 372
1981 106
530 61
1385 86
639 288
2190 406
388 72
1526 606
1270 66
1886 66
2406 93
706 225
650 894
422 398
1056 66
870 106
387 131
565 66
497 66
798 449
808 136
855 126
1215 106
404 66
306 336
708 106
1651 66
888 66
1289 402
356 116
784 56
1290 576
371 66
306 179
396 106
455 528
455 86
628 126
487 186
2396 56
2402 576
2292 472
769 66
1143 198
659 56
540 93
2436 106
457 106
449 528
797 188
781 66
1906 66
2106 93
960 66
343 156
770 126
346 535
802 93
501 66
540 206
830 56
406 156
745 93
261 66
906 468
306 146
778 486
600 176
797 188
868 93
96 276
766 66
1006 126
808 187
952 746
406 156
540 206
2382 576
86 489
1290 576
283 87
835 123
1290 93
836 66
458 66
2016 151
768 126
1416 176
470 76
695 93
818 126
1419 56
406 106
470 286
251 66
446 151
251 66
181 436
829 93
784 56
838 176
406 86
178 620
320 258
1063 453
745 318
441 66
620 93
491 66
1570 406
568 66
181 436
706 56
855 126
66 846
549 97
628 126
1820 93
1206 106
406 56
2326 126
181 436
842 86
842 137
406 126
1866 61
1150 236
781 66
680 581
811 56
775 166
319 556
286 156
2126 546
449 126
304 126
396 91
786 56
500 66
420 93
1713 116
309 237
371 66
406 156
521 66
388 106
889 406
797 126
476 126
501 46
1843 575
467 106
406 116
783 179
406 136
824 66
1406 66
568 56
2170 142
855 126
570 66
2406 56
839 76
106 486
319 258
1570 158
406 106
1598 106
491 93
404 66
496 61
802 366
506 158
379 225
703 442
376 206
1651 66
392 87
870 336
456 66
521 66
241 66
1606 66
86 970
1056 61
695 56
2436 56
2046 66
456 121
437 528
268 86
534 61
206 56
502 66
406 186
406 106
1340 256
600 157
1063 449
534 61
170 567
106 106
842 137
568 66
682 581
789 137
441 66
470 106
1290 576
860 56
151 56
2124 86
206 426
789 137
511 66
2266 56
960 66
1246 406
390 86
1570 406
676 82
745 93
286 86
324 528
556 546
553 165
471 66
501 66
521 66
393 86
860 74
445 86
406 156
506 66
531 66
496 76
824 527
417 116
1350 76
417 116
600 176
256 116
406 56
568 56
497 66
491 66
1055 126
343 156
429 307
367 88
320 258
406 146
321 66
776 76
981 56
183 397
2021 66
2236 86
1926 56
768 93
826 66
421 66
1570 93
148 739
420 86
420 93
422 398
1586 56
1406 66
1210 545
2026 66
206 66
341 93
812 421
600 93
66 536
1550 436
456 121
256 116
1002 93
396 166
1188 61
663 187
1380 76
1056 246
417 116
849 126
651 528
496 135
2016 151
823 183
549 97
458 66
188 86
456 66
1055 66
895 86
1956 191
600 157
309 87
906 93
789 137
2402 56
196 56
341 93
291 66
183 743
737 66
506 176
708 106
1356 116
811 486
391 97
424 136
370 66
406 156
696 88
1586 56
1906 106
855 126
771 137
271 93
538 66
769 265
447 106
489 98
745 93
380 76
2016 151
744 347
341 93
1070 106
942 86
481 93
158 468
206 66
781 93
429 307
893 86
826 66
708 106
1382 76
1881 56
491 93
1091 66
1255 156
241 66
256 136
446 151
1770 336
906 66
612 68
178 620
811 66
1766 106
306 126
781 66
816 538
220 66
789 137
271 93
796 186
470 76
491 93
710 76
656 196
767 137
268 56
306 179
341 93
1534 66
2326 126
413 136
870 93
1306 64
392 87
420 66
391 97
420 66
174 307
876 86
406 116
906 156
420 66
927 556
496 61
663 66
829 93
743 86
396 166
620 157
388 72
2406 66
716 90
891 86
377 56
391 66
849 66
388 72
2216 336
421 66
803 421
620 176
888 307
870 66
1843 575
163 417
767 137
433 156
1326 66
975 86
1426 71
183 743
829 556
368 86
1036 316
1556 66
681 106
747 318
1370 66
816 406
808 136
256 136
732 137
403 163
781 66
1870 86
2026 66
356 93
1418 96
686 66
872 61
327 96
1508 56
2003 414
343 156
677 68
324 528
663 478
306 336
818 558
356 286
606 278
447 106
797 66
1251 347
532 158
659 48
321 66
786 56
446 151
2156 61
370 93
2116 56
325 136
690 86
421 66
486 56
960 126
445 126
306 166
392 87
806 161
1910 66
406 86
666 86
811 66
811 66
506 106
66 536
990 56
321 66
520 517
441 66
1260 156
756 336
556 64
395 93
439 56
256 146
880 66
549 97
470 126
325 136
304 126
686 203
456 106
1565 123
369 204
1731 56
364 68
406 86
858 66
845 126
565 358
1390 98
440 548
390 86
2241 61
2106 93
501 66
556 546
855 126
421 66
406 106
56 506
202 388
406 106
341 93
413 93
261 66
549 97
706 56
1002 93
553 165
458 86
1306 66
2106 56
721 66
456 106
86 489
169 386
1606 66
344 136
271 93
521 66
769 56
823 76
777 203
474 61
396 91
928 123
388 66
123 936
402 173
290 187
530 396
497 66
406 96
838 176
767 68
458 66
491 93
1000 126
497 66
491 93
750 126
710 93
791 126
1570 93
1973 489
1246 406
306 93
469 106
621 378
769 66
747 328
780 197
839 76
320 286
406 156
528 56
482 86
420 106
424 136
835 93
384 456
489 86
798 453
1818 86
2046 56
587 56
806 93
2093 206
343 156
908 61
252 218
538 66
797 328
406 56
928 123
408 556
252 218
471 66
1206 48
695 56
409 251
396 106
771 137
1006 93
858 56
784 179
436 486
356 286
388 66
438 436
720 308
768 126
797 66
745 66
366 66
477 126
523 187
655 66
2005 106
271 93
2402 48
450 66
1306 64
791 66
406 156
745 126
446 151
1270 66
2286 48
2016 151
2005 66
418 66
826 66
1289 402
523 187
1556 66
1770 93
433 156
508 126
421 66
406 126
663 66
771 137
386 86
182 365
491 93
480 452
190 453
842 137
397 87
1028 421
441 66
403 66
321 66
769 555
542 527
1956 66
254 76
978 76
256 93
1406 66
182 403
783 528
823 76
1606 66
470 66
386 121
468 66
252 218
396 106
1391 406
2426 66
338 76
806 93
736 107
809 86
306 179
470 66
491 93
797 188
2406 106
2241 106
785 76
2266 66
1241 131
906 93
491 93
760 156
1788 66
1066 336
511 93
960 126
304 126
838 176
428 96
393 126
399 56
842 66
1146 66
439 56
406 156
797 126
341 93
549 97
424 136
2266 66
511 66
808 136
391 97
959 106
445 66
291 278
325 518
501 93
446 151
491 93
620 570
888 126
600 157
1416 176
934 198
1406 93
306 146
2402 93
420 106
538 66
783 548
1486 56
170 567
1340 256
420 93
172 363
558 97
528 86
369 204
350 179
269 66
803 106
808 136
635 126
819 332
843 187
1108 57
760 156
474 61
990 66
420 566
906 66
306 146
1210 126
868 126
429 307
1063 449
1131 188
356 106
354 121
893 86
140 537
1870 76
325 136
247 93
406 166
2402 56
486 66
491 93
1382 66
1260 156
422 398
489 98
1806 66
86 489
1441 66
181 280
719 172
798 449
811 56
845 126
521 66
406 126
406 146
417 116
491 93
359 217
271 93
870 106
1550 93
406 66
497 66
168 346
391 97
818 66
406 86
856 126
220 86
467 106
185 503
842 137
808 136
690 86
339 146
1371 93
390 86
562 66
818 586
176 506
465 156
397 87
2070 93
2086 66
1000 126
520 438
1616 66
377 56
818 323
1946 66
420 106
2382 556
1002 93
482 86
203 397
1206 61
769 126
429 468
1526 606
469 106
1419 56
66 578
291 278
806 93
405 162
1970 286
978 76
839 76
1658 86
1871 56
368 86
811 486
761 93
870 106
2316 56
663 66
406 156
406 56
706 56
816 123
268 76
378 87
453 398
1326 66
990 66
1387 66
760 56
910 126
491 93
521 66
1962 106
232 824
456 106
320 258
975 86
396 106
291 66
845 126
1030 56
388 76
496 135
206 56
1206 106
446 126
906 93
781 93
774 179
390 137
855 66
703 442
1055 66
769 66
640 56
797 126
356 116
501 66
717 126
356 106
2266 66
791 126
2071 46
406 56
659 48
325 518
396 106
695 93
370 256
268 76
746 56
758 146
870 66
990 66
391 66
2012 151
291 66
366 66
720 308
720 336
1582 86
558 97
835 56
898 106
880 56
842 137
565 358
480 452
1709 56
937 66
612 68
763 76
406 106
470 377
1030 56
399 56
2106 106
888 307
220 86
2368 468
888 126
956 106
531 66
1289 406
818 586
406 66
721 356
906 66
937 66
406 146
1206 106
422 398
325 136
182 397
341 353
2006 93
840 66
2326 126
981 56
2126 546
809 61
1170 126
1146 66
420 106
406 66
686 203
413 156
1550 93
1215 61
406 156
477 126
1970 336
796 124
835 56
1526 88
371 66
325 136
408 136
333 126
811 56
390 137
406 156
343 156
786 88
140 537
959 106
456 146
446 151
444 97
750 138
1470 106
588 56
2406 56
888 336
829 93
769 126
2061 88
646 86
356 116
855 126
1063 76
406 116
2382 556
178 620
856 88
769 126
1048 86
430 421
706 66
703 288
180 453
600 176
1659 66
1788 66
446 386
86 316
829 528
829 93
2382 556
638 93
695 56
383 277
449 106
2026 56
406 106
420 66
356 116
1703 66
406 126
2121 88
456 146
288 66
470 66
491 93
406 106
286 136
934 76
406 156
406 136
1441 66
491 93
849 126
491 93
870 93
406 156
320 88
491 93
298 66
540 93
419 86
182 403
943 76
872 61
406 106
251 93
491 93
356 116
490 66
1306 66
889 406
1826 449
406 183
441 66
1506 66
486 56
370 106
337 106
687 184
528 86
283 611
778 66
338 66
606 56
470 138
1068 286
343 156
2288 48
470 76
339 146
338 66
420 86
370 66
491 93
491 93
384 456
458 66
286 156
568 66
456 106
1555 372
558 97
593 417
406 146
356 116
182 338
808 136
1508 56
391 66
758 106
745 318
1788 66
1418 96
406 106
446 151
646 66
446 151
453 453
616 86
406 545
1966 206
2406 93
306 166
1070 106
1570 93
1289 406
482 86
710 76
409 76
842 137
784 179
1920 91
271 93
1733 66
402 173
370 256
176 307
256 146
456 146
356 116
420 278
990 126
939 86
366 486
406 156
1076 256
356 116
252 246
635 126
486 66
1752 93
241 66
1598 246
486 66
396 106
803 170
620 176
2266 66
781 556
456 66
774 86
1550 436
530 158
1895 76
86 316
890 106
286 136
308 106
975 86
750 138
943 76
456 436
1063 449
2356 106
678 66
491 93
811 66
286 156
338 66
455 86
769 66
1258 106
778 56
2406 86
474 61
491 93
390 137
370 86
396 91
491 93
906 93
231 76
1290 576
406 106
1314 93
1970 286
2286 48
489 98
784 56
639 56
1944 91
620 93
1289 406
656 196
470 66
663 156
957 66
458 66
2406 88
846 66
1946 66
806 93
806 56
538 56
1962 61
416 186
155 463
391 97
403 66
778 66
788 66
380 76
1056 66
470 286
220 93
906 468
261 66
770 86
286 136
620 157
1241 131
359 87
356 93
251 93
682 76
2286 48
1170 66
406 156
339 146
789 137
839 286
406 116
703 442
823 76
391 66
406 106
2348 66
406 156
491 66
720 126
870 86
338 146
396 106
344 126
497 66
397 87
530 158
663 187
131 1163
420 336
760 56
252 93
256 146
893 66
488 76
1826 66
220 86
320 107
341 530
770 241
321 93
491 93
2064 86
756 61
868 93
600 157
420 86
1135 76
803 170
304 126
399 56
2286 48
719 172
417 116
2216 66
320 76
256 126
540 205
906 66
842 137
309 137
870 106
163 417
356 116
600 157
1290 93
657 146
2402 576
321 66
178 115
399 56
1866 61
356 116
1721 56
1210 93
286 156
898 66
402 173
2286 48
2190 406
406 545
1871 66
420 106
1701 86
1550 93
516 584
501 66
389 87
2423 93
356 236
406 156
975 86
320 258
726 96
1758 76
845 126
808 136
2146 66
908 86
406 56
444 137
428 96
1556 93
491 93
532 86
447 56
868 555
342 166
441 66
395 93
975 86
181 280
2106 56
1752 93
1608 106
1462 306
393 86
828 93
318 106
1966 206
892 123
517 93
1962 106
356 116
142 328
960 66
1970 286
570 66
366 56
1758 76
1088 326
736 107
543 435
306 106
320 258
343 156
565 66
404 66
1940 538
490 66
328 238
141 48
1355 66
471 66
780 197
470 106
486 56
406 86
417 116
516 391
549 97
316 66
2266 66
185 503
1840 106
446 151
174 553
919 556
366 66
1995 106
271 66
842 86
178 620
600 93
1752 93
486 438
636 196
2382 556
445 66
406 136
491 93
506 66
188 86
1041 56
1733 66
812 56
470 66
185 503
639 288
66 536
491 93
556 66
2382 556
855 126
404 66
298 66
252 487
420 336
1506 66
1737 56
1418 96
456 121
397 87
540 206
910 66
320 286
836 66
458 86
2005 106
770 66
745 346
456 106
870 336
198 323
491 66
290 187
165 553
2316 56
745 126
532 158
1526 56
286 156
1030 76
356 176
1000 93
816 183
1215 106
806 93
521 66
467 106
771 137
158 468
220 86
456 156
1303 106
336 197
406 116
1385 86
769 126
2402 56
646 86
420 106
406 126
2026 66
417 116
496 76
799 76
106 106
429 468
750 93
1419 66
787 56
706 66
1550 93
789 137
470 138
388 66
1406 93
345 535
1076 66
767 137
816 216
1658 86
406 156
520 517
1895 76
356 116
508 306
1908 86
374 126
1426 64
436 66
835 93
1007 106
558 97
1055 126
421 66
565 66
1962 61
821 93
123 918
414 76
252 246
570 66
123 66
745 346
1385 76
789 137
470 106
930 106
482 86
2406 106
487 86
745 126
56 218
906 93
422 398
842 137
669 86
446 151
2151 46
409 86
366 458
646 66
439 56
620 93
363 172
476 126
703 446
856 356
356 66
391 66
291 93
855 126
406 86
449 93
781 66
2226 556
1520 76
2316 56
1666 46
620 157
695 93
829 556
768 93
370 256
526 66
785 76
406 106
1721 56
456 336
990 56
809 61
1733 66
930 86
406 156
528 56
148 535
1746 66
392 183
839 86
1091 66
2131 66
1218 76
142 328
2206 51
406 56
860 74
270 106
824 66
438 406
2382 556
855 126
547 56
716 206
471 66
561 141
406 136
376 97
182 338
456 156
521 66
312 68
770 93
1733 86
596 187
720 126
406 156
1110 236
941 66
620 157
839 86
163 417
2026 66
521 66
295 97
1355 66
781 93
458 406
319 86
818 66
420 306
776 76
306 179
1066 336
806 93
446 151
1616 66
1406 93
406 56
391 66
695 93
1550 93
256 288
406 126
1870 76
455 528
838 176
421 66
343 156
413 156
174 307
808 136
491 93
1636 61
718 66
309 87
294 156
441 66
835 93
