1500
1220 2440
366 556
1506 241
169 386
456 156
826 66
486 56
2156 61
403 66
232 824
439 56
458 66
286 136
870 126
1870 86
330 166
620 157
611 257
2216 256
580 56
2316 56
811 486
639 288
220 86
396 106
393 126
1210 126
812 421
516 584
320 303
356 286
906 468
1970 286
768 93
937 306
808 136
700 318
448 468
181 436
1612 93
808 136
406 156
470 287
565 358
371 508
390 86
56 566
491 93
616 126
565 358
875 465
438 436
480 402
538 56
732 137
720 308
789 137
1895 206
421 66
781 486
1000 93
288 246
819 93
1076 256
406 106
1570 406
740 86
820 337
620 157
356 558
1659 66
406 136
1556 106
306 336
422 419
1550 556
406 126
406 106
1088 326
1007 106
855 66
744 347
948 456
611 257
491 93
1770 336
491 93
491 93
646 86
823 76
1550 436
556 60
356 324
151 56
1236 306
781 508
1606 426
811 66
491 93
532 86
185 503
842 137
1356 116
256 136
406 136
487 86
629 356
320 296
316 66
567 93
396 166
556 546
1550 420
1658 86
306 179
199 356
1966 206
231 76
422 548
286 56
423 310
2301 176
761 66
870 106
931 306
745 126
155 463
446 151
1402 86
406 56
406 126
453 398
906 286
1836 56
1606 56
1266 66
333 378
325 136
860 74
370 66
141 431
222 433
506 176
446 151
872 61
356 206
356 176
489 98
1570 93
612 257
620 176
888 336
826 66
456 336
420 336
677 68
656 196
491 93
891 556
2070 93
402 889
769 555
768 93
1210 324
570 256
721 66
1406 93
324 528
467 106
511 66
756 556
1556 586
324 56
471 93
181 280
620 106
1570 93
950 126
406 156
448 468
750 768
835 556
371 126
252 246
1802 76
333 378
1326 66
320 258
429 468
719 172
2326 126
1970 286
1570 93
420 308
770 93
326 66
1406 66
1260 86
1752 126
732 137
436 66
1135 76
356 66
2288 48
728 845
667 556
491 93
778 66
1336 241
703 288
283 611
884 338
406 86
406 156
706 206
756 66
639 288
420 336
261 66
1910 66
1716 216
1210 426
406 156
856 356
356 106
356 116
348 403
256 179
281 66
898 306
811 66
670 575
934 198
345 535
255 383
306 146
870 126
455 226
1290 576
573 326
784 179
406 186
405 162
2091 56
1020 278
666 424
370 329
990 586
238 76
781 486
390 137
856 156
620 176
1616 106
741 86
422 419
406 106
406 186
639 56
553 489
708 106
2288 48
703 446
1260 66
884 356
256 136
442 527
710 66
2423 93
1895 206
309 137
480 452
286 156
620 93
406 186
783 179
1606 56
348 403
348 403
406 156
620 157
981 66
774 179
321 93
369 356
256 136
606 566
1251 61
888 66
324 528
420 308
446 126
141 431
298 66
499 56
252 218
1940 538
1000 126
491 93
476 126
806 286
565 358
484 576
1290 576
1973 489
2288 66
1881 56
252 93
320 76
1416 106
406 96
502 66
646 86
769 265
390 86
406 116
306 106
788 88
1290 576
420 308
1648 93
508 206
86 316
406 156
558 97
781 93
870 308
1170 88
538 66
348 403
1565 123
784 179
406 146
810 506
677 68
186 285
1289 393
458 66
835 56
1146 66
2106 56
856 356
356 93
1006 126
829 528
2206 56
1570 406
520 517
406 56
870 106
1030 336
978 76
791 126
421 66
682 66
452 1206
241 577
455 226
703 288
178 620
406 126
458 406
319 258
789 137
185 503
406 86
2136 303
366 66
767 137
1556 586
769 486
534 61
750 768
2064 86
853 403
910 467
908 61
781 556
320 286
620 157
540 205
341 530
343 156
758 106
356 176
839 251
2068 468
1770 93
486 486
891 126
703 442
1534 66
86 268
487 186
570 66
419 86
406 116
761 486
429 468
761 106
666 124
406 156
1110 236
420 106
848 453
492 558
1370 406
448 468
455 226
538 66
761 93
975 86
882 86
1210 426
745 126
96 106
858 86
808 136
406 106
2093 556
370 66
835 123
836 66
600 157
1550 93
439 126
680 66
220 86
868 556
486 56
1028 421
891 576
452 1206
990 66
528 66
2292 472
2382 556
256 136
1550 93
471 66
206 287
406 106
2068 468
202 894
1068 286
2106 106
420 66
750 768
891 66
2259 555
497 66
388 76
388 72
806 286
2093 556
163 417
1659 398
870 126
491 93
596 187
869 86
286 136
1716 216
736 107
348 403
486 66
491 93
540 206
798 453
497 66
480 793
241 66
106 106
181 280
224 429
856 356
1500 56
406 136
492 558
771 162
870 86
606 66
721 356
491 93
491 93
2190 406
891 86
768 93
1870 76
853 428
656 256
848 453
406 106
206 287
406 156
406 106
511 66
870 106
406 186
371 536
612 257
830 86
406 156
369 204
750 768
256 126
843 187
341 93
720 308
893 66
890 66
1210 324
695 528
308 106
186 285
1512 66
291 66
430 407
1002 93
750 740
1246 406
1403 66
806 93
1770 66
178 620
764 126
409 76
1028 421
812 421
348 403
523 133
1350 76
446 151
256 136
656 93
406 156
726 56
747 328
812 56
1170 66
501 66
913 417
348 403
892 123
855 126
406 146
756 556
2036 566
511 66
758 72
339 66
305 56
348 403
919 528
745 318
611 257
774 179
384 456
421 66
487 186
306 126
202 894
948 66
356 176
251 66
808 136
1556 586
783 308
1659 398
406 116
1418 66
720 126
1550 420
456 121
2036 586
185 503
165 553
829 93
902 385
880 66
309 137
808 136
1995 106
851 137
320 217
356 206
829 528
325 518
306 93
809 86
1611 859
404 66
256 146
321 66
872 61
399 56
1006 86
730 217
456 206
1786 56
491 93
316 392
422 548
521 93
266 106
1063 453
155 463
496 61
1290 93
706 206
750 768
1056 61
888 307
919 556
1290 93
456 146
356 116
320 296
776 76
919 528
840 66
802 93
491 93
388 66
388 106
558 97
327 318
333 126
2402 93
406 106
842 137
1170 126
978 76
943 76
516 414
1526 606
1656 66
2226 556
182 397
526 66
626 126
420 86
1210 324
422 548
306 179
396 106
321 66
747 318
845 126
2070 126
486 486
291 278
248 66
391 97
492 558
388 76
1659 66
2326 93
620 176
455 226
1326 66
1390 98
1210 546
178 620
468 206
620 93
1063 453
1666 46
271 93
320 258
1338 328
1391 106
369 204
656 256
540 93
179 176
174 553
785 76
2060 66
439 56
600 157
927 556
556 546
491 66
2316 56
781 536
781 66
1615 76
750 126
558 97
747 328
538 66
781 556
1739 64
419 86
480 793
944 61
241 66
706 576
516 137
188 86
388 72
1040 616
1380 66
888 336
178 620
682 581
970 126
241 93
502 66
402 889
256 93
2003 414
667 536
329 76
453 398
345 535
818 66
920 76
438 436
1788 66
528 86
406 156
345 535
1752 126
835 556
797 126
1970 156
1570 93
1070 61
870 576
1908 86
845 126
768 555
491 93
769 126
682 66
1555 372
497 66
803 421
750 768
174 307
206 66
986 66
238 76
898 66
1636 116
530 406
789 137
421 66
808 136
403 163
758 72
1338 256
1546 414
651 528
448 468
855 66
1006 86
667 528
206 56
386 121
768 556
491 93
370 255
990 66
756 336
682 581
695 556
706 86
1870 86
957 66
816 183
538 66
851 137
784 56
928 123
406 56
252 218
420 86
746 556
383 277
467 106
931 306
516 414
2005 66
2316 56
1726 66
733 620
540 93
359 217
957 428
396 106
1636 366
938 106
320 316
1340 310
1586 56
1260 325
486 56
620 157
406 156
1088 326
470 258
429 468
1010 307
453 398
420 308
1236 306
448 468
978 76
990 66
870 126
1421 106
341 530
937 66
706 206
797 356
386 121
516 66
1068 286
421 66
436 458
839 286
391 66
366 66
606 566
480 452
1028 421
1416 176
1376 256
2006 93
570 237
570 237
378 87
320 286
816 616
391 76
1172 517
2106 56
500 66
470 106
750 768
663 66
739 285
420 308
320 286
824 66
783 548
406 206
2156 61
680 581
347 66
2326 556
906 468
1390 466
816 538
1956 191
2292 427
330 166
720 336
370 255
516 391
420 66
960 126
252 218
406 166
529 469
106 106
1606 66
768 555
2394 66
1659 398
680 581
606 278
336 286
2326 556
448 468
422 126
220 86
781 508
491 93
650 393
1070 106
655 184
620 93
409 86
1546 86
570 256
483 558
2326 126
419 528
769 486
656 256
516 391
178 620
1210 93
206 66
788 66
919 126
111 395
422 398
406 156
849 126
356 131
766 93
1266 81
306 179
174 553
696 88
666 556
2086 66
447 106
453 398
420 306
781 93
306 93
870 548
406 156
406 156
659 56
1131 188
174 307
558 97
155 463
374 126
170 567
891 126
896 203
456 106
1172 517
2382 556
241 66
532 158
406 116
534 61
888 336
523 133
778 486
948 428
470 530
1550 436
835 556
324 528
788 66
540 205
174 76
2070 93
420 308
346 535
342 166
1406 66
470 530
338 66
438 406
981 56
1546 86
1836 61
486 486
406 136
491 93
1306 66
1556 586
953 86
668 166
470 106
181 280
2126 546
745 318
356 324
531 66
343 156
710 196
611 257
745 346
620 93
780 197
2226 556
786 566
256 136
839 286
1040 616
288 246
66 506
453 398
778 56
283 87
2266 56
386 66
455 528
370 256
370 66
429 468
1040 616
682 581
453 398
456 436
741 56
681 106
870 336
2382 556
1788 356
442 527
306 146
406 156
406 156
356 556
356 116
1755 360
838 176
406 56
1071 285
446 151
1586 63
203 397
489 98
1566 66
2070 93
1056 246
2406 93
1636 366
620 93
386 106
746 556
808 136
371 508
453 398
768 93
441 360
465 156
392 87
456 336
319 258
406 106
892 123
849 66
888 548
300 267
202 894
183 743
86 489
745 66
1416 176
812 407
449 556
1863 56
458 66
611 257
858 216
455 86
798 453
231 76
406 56
406 116
438 406
811 66
620 157
406 106
895 86
656 256
489 98
1598 246
377 56
328 66
168 346
2026 56
549 97
506 176
325 136
650 894
851 137
806 61
256 136
835 93
906 56
1030 336
538 66
920 86
536 66
1131 188
406 156
835 123
1260 307
809 86
406 106
409 76
530 396
1565 561
421 66
750 768
370 255
321 66
429 307
990 558
565 358
430 421
1398 620
1906 66
220 86
680 581
2226 556
1998 86
255 383
486 486
448 468
201 86
316 392
1586 56
1526 606
516 391
600 157
406 106
252 218
2206 56
486 56
739 285
1000 93
769 126
700 126
406 106
1000 93
785 76
891 86
950 51
2036 566
1172 517
606 586
86 268
404 56
155 463
906 76
486 486
774 86
2382 556
902 358
445 548
421 66
531 66
482 86
761 486
1770 66
646 66
696 56
359 87
1788 48
568 66
359 87
2012 151
388 72
429 468
1881 56
1390 98
370 93
1556 586
927 256
320 316
570 237
771 137
391 66
746 586
338 66
330 66
798 453
888 336
392 183
387 131
393 889
343 156
769 265
320 258
453 398
1290 93
348 403
456 66
870 86
344 126
341 93
870 126
406 206
540 205
325 518
543 435
379 225
161 449
417 116
816 216
745 93
530 406
499 56
921 86
565 126
838 176
1606 106
536 56
316 392
1550 93
791 66
768 556
1550 436
491 93
1550 93
420 336
771 137
720 308
471 66
449 556
320 296
870 336
406 146
783 68
808 136
678 66
420 278
319 258
2382 556
419 528
458 66
532 158
770 271
1570 406
856 126
329 136
391 97
1606 426
829 556
990 56
1636 366
849 66
868 93
406 146
786 56
320 296
1326 66
530 106
1155 156
356 116
290 206
891 576
491 93
737 66
1506 420
1950 46
86 268
415 309
888 307
182 397
1598 246
1546 414
677 68
1870 76
446 386
438 436
2070 93
291 66
570 237
2070 126
325 518
733 600
846 66
2190 406
328 238
426 93
703 442
202 894
853 385
952 746
491 93
888 576
206 56
906 66
516 584
516 414
397 87
1210 545
1002 556
224 429
378 225
781 93
406 156
491 93
570 237
1550 556
446 151
420 336
576 239
339 146
2068 468
501 93
2371 66
629 148
887 203
511 93
1966 206
1788 48
978 76
806 93
251 66
818 558
288 66
2026 56
338 76
646 66
888 336
406 183
492 558
663 156
391 97
339 66
406 545
367 206
222 433
819 332
750 768
913 417
456 336
1806 66
1066 336
450 66
1246 406
1390 466
283 87
902 385
2382 556
906 66
990 586
406 183
835 93
203 397
703 446
856 126
1356 86
359 87
783 308
309 87
957 66
791 66
458 66
417 116
906 468
359 87
359 87
439 56
486 56
888 336
789 137
606 336
888 336
703 442
406 206
224 429
1290 576
706 225
1570 93
511 66
768 93
517 93
1340 256
348 403
1506 106
830 76
300 267
990 66
420 566
870 56
341 93
1290 576
491 93
1002 556
370 255
874 123
750 740
406 86
666 424
338 146
808 136
411 528
842 137
706 576
371 508
1770 1010
682 76
206 408
202 894
1536 66
812 421
348 146
422 398
1788 356
421 66
798 453
746 56
2406 106
445 66
1826 449
811 486
438 406
813 360
420 267
1260 307
818 586
856 356
325 136
392 87
406 126
1441 66
2292 427
1900 98
805 56
428 96
1636 366
700 318
267 106
356 93
663 478
1218 76
406 206
256 136
1550 436
429 307
388 106
421 66
383 277
686 66
386 121
1973 489
1040 616
559 206
413 106
528 66
666 424
1010 307
256 136
146 466
809 86
422 398
396 106
806 286
600 157
696 176
2370 106
829 556
480 793
343 156
422 398
959 66
2326 556
868 555
791 66
750 93
990 126
1006 86
908 86
888 307
406 116
388 72
333 378
1931 66
823 76
990 66
486 66
870 66
486 66
1770 66
448 468
2316 56
367 88
1870 86
2106 86
406 86
516 414
148 739
778 66
1426 64
811 56
366 56
448 468
148 535
370 86
448 468
420 66
990 66
769 555
2056 93
768 555
1266 81
1895 76
849 126
417 116
458 406
509 76
758 146
429 468
283 612
1506 420
420 336
491 93
770 216
2326 93
960 66
788 106
470 106
