800
1220 2440
798 449
1260 307
474 538
1506 66
781 48
2382 556
2406 106
1103 465
423 310
540 205
888 576
316 392
441 358
440 548
422 398
516 584
1210 426
1512 66
1289 406
516 391
446 151
430 407
188 86
2326 556
620 570
206 287
1595 421
506 406
910 126
1246 406
1636 366
1246 406
695 528
781 556
393 889
756 556
1210 545
442 527
1570 406
356 286
606 239
2326 556
747 318
858 106
1040 616
588 256
1970 336
888 576
429 468
556 546
2190 406
750 768
778 486
666 424
1289 402
2216 336
612 257
325 518
1290 576
2028 66
255 383
2190 406
530 406
429 468
2048 336
252 246
1289 406
492 558
593 417
651 528
438 406
938 381
1289 406
406 156
756 336
1355 386
1659 398
367 206
663 506
2292 427
729 556
559 206
816 216
639 288
356 558
1538 385
570 237
913 417
1289 406
1659 398
728 845
348 403
948 246
420 278
1390 466
540 205
420 278
747 328
316 392
1071 285
206 408
1550 556
356 558
2382 556
366 486
802 366
346 256
1770 336
1570 406
516 391
870 336
750 768
1556 586
646 586
320 286
1066 336
437 528
383 277
356 206
839 86
1010 307
588 256
818 558
680 581
1636 366
392 87
370 256
1906 286
721 356
588 256
643 884
2103 556
338 146
2210 206
1063 449
320 258
420 566
404 486
333 378
449 528
2126 546
651 528
761 486
746 586
370 329
1066 336
769 486
853 428
291 278
423 310
833 309
630 93
429 468
291 278
486 486
606 278
429 468
1068 286
1550 436
783 308
486 486
320 296
320 258
1056 246
309 137
356 206
356 324
336 286
835 123
1970 286
733 620
606 278
483 558
283 612
320 217
348 403
1210 426
670 278
2326 556
320 258
706 206
1556 586
345 535
516 306
781 536
202 894
1506 342
348 403
656 256
990 558
516 278
480 452
786 566
420 306
2006 566
1210 546
455 226
783 308
888 307
268 406
255 383
2382 556
420 330
406 106
415 309
420 417
835 556
651 528
366 458
553 489
1770 336
948 246
746 586
1556 386
845 393
1290 576
888 307
576 239
470 286
1236 306
324 528
769 265
839 286
319 258
990 586
370 255
750 740
486 486
556 546
320 258
746 556
891 556
745 346
744 347
593 417
1289 406
1063 449
356 337
781 486
743 337
904 406
271 93
611 257
913 417
703 288
835 556
256 970
1066 336
511 66
835 528
1555 372
320 258
853 428
2382 556
375 527
356 176
1598 246
1288 126
2402 576
798 449
593 417
888 307
393 889
325 518
1598 246
252 246
1056 246
448 468
411 528
2216 336
319 258
379 225
700 318
348 403
391 66
388 66
695 556
1131 286
710 241
420 330
781 536
1973 489
881 467
2036 566
730 236
252 246
333 378
970 567
1056 246
422 419
700 318
2382 556
2070 556
316 392
881 781
656 256
703 288
319 258
429 307
891 256
686 506
798 449
370 256
2292 346
492 558
320 296
467 106
2190 406
422 419
720 335
816 616
1210 546
348 403
663 506
2406 66
768 555
1104 576
1390 466
420 308
1002 556
868 556
348 403
656 256
651 528
415 528
369 332
588 256
995 307
423 310
489 98
791 126
2093 556
291 278
356 556
408 106
811 486
456 436
625 377
420 308
367 206
670 575
356 116
906 93
913 417
383 277
835 528
1376 256
666 424
621 378
927 556
769 126
910 467
2066 506
319 258
1556 586
870 336
806 106
816 538
621 378
520 438
1210 546
539 503
781 486
2048 336
366 486
646 586
1040 616
820 337
960 566
206 426
740 770
448 468
783 548
2348 536
441 360
906 356
565 358
835 528
774 86
612 257
756 66
206 870
412 528
346 256
448 468
371 66
960 566
1966 206
1210 545
1966 576
508 306
1172 517
938 386
420 566
1179 206
2292 427
2126 546
881 781
283 612
375 527
404 486
868 556
639 288
455 226
348 403
1236 306
516 391
486 486
438 406
1191 216
420 308
682 581
422 419
438 406
1556 586
1906 286
384 456
990 558
2046 56
1659 398
906 356
803 421
1404 468
856 356
429 468
341 530
808 136
320 258
348 403
1806 66
296 703
957 456
606 239
745 318
348 403
1188 66
769 486
646 586
516 391
1770 336
783 528
621 378
458 406
486 486
393 889
310 236
960 566
2226 556
511 66
2326 768
666 556
406 86
259 377
221 389
369 204
919 556
889 406
812 421
761 486
1098 365
420 308
438 436
422 398
458 406
1290 576
409 251
1066 336
430 421
781 66
306 93
639 288
1289 402
333 378
539 503
667 528
606 336
221 389
316 392
371 536
289 1172
486 486
406 206
663 506
703 442
320 286
376 206
378 225
888 307
781 486
811 486
553 489
2382 556
449 556
919 528
470 258
458 406
422 398
868 556
406 206
1550 436
720 308
420 417
768 556
438 406
606 566
422 419
328 238
2003 414
1506 420
606 239
565 358
812 421
366 486
480 452
2036 586
415 309
470 286
346 256
745 318
888 307
402 889
565 386
770 556
1636 366
1066 336
1290 576
328 256
497 66
620 157
706 576
667 528
438 436
420 306
222 433
620 93
1210 546
384 456
1000 556
1940 538
811 486
835 556
283 612
2216 256
1598 246
770 356
296 703
356 116
529 469
829 556
678 66
346 278
706 576
839 286
870 206
839 251
406 156
2406 581
429 468
890 537
2106 306
420 336
370 255
593 417
813 360
346 256
728 556
516 391
2426 56
1088 326
412 528
1071 285
1336 241
1251 347
429 468
2216 336
931 306
906 468
379 225
740 770
730 236
1290 576
606 336
873 93
491 93
1063 449
1290 576
470 106
404 56
2382 556
483 558
612 257
1030 336
1404 468
408 556
447 106
1340 256
853 937
224 429
420 278
259 377
703 446
1966 576
565 386
860 156
565 358
1606 426
1826 449
978 76
621 378
224 429
1103 465
747 318
680 474
1506 241
2382 576
306 336
565 66
1131 188
781 556
2121 581
491 93
812 421
1172 517
1056 246
667 556
316 392
356 286
680 76
1546 414
779 545
818 586
458 406
455 528
1236 306
320 258
700 318
1506 420
1063 453
1104 576
319 258
703 446
456 356
543 416
853 385
1210 426
913 417
480 793
402 889
667 536
430 407
422 398
898 306
839 251
1770 336
1068 286
1040 616
453 363
781 486
1944 91
919 528
593 417
455 226
553 489
347 506
960 566
309 137
480 452
781 536
870 308
422 398
406 206
650 894
470 287
2066 506
516 278
2402 576
289 1172
1410 246
639 288
556 466
2206 576
1555 372
2036 586
1056 246
570 891
316 392
853 937
420 308
769 486
830 433
224 429
666 424
319 258
1340 256
990 558
1210 546
420 308
769 56
456 436
960 566
453 398
1063 453
438 436
406 156
422 419
870 336
2216 336
682 581
467 106
769 486
573 326
371 508
747 328
1506 241
1179 66
1076 256
383 277
348 403
470 306
422 548
611 257
1659 398
422 398
456 106
880 66
570 237
797 328
348 403
919 528
417 393
283 612
745 318
876 86
888 307
1063 453
913 417
448 468
458 406
1063 449
1546 414
486 486
952 106
565 93
420 267
328 256
341 530
422 548
1210 545
1788 356
429 307
1906 286
990 586
1390 466
241 577
429 307
760 74
291 278
206 870
802 366
703 288
319 258
810 66
1088 326
320 258
888 336
1246 406
324 218
1028 421
559 206
1570 406
506 406
539 503
429 468
1020 278
486 486
1398 620
506 396
573 326
404 486
376 206
422 419
422 398
2396 56
420 566
256 970
448 468
2136 303
990 558
2226 556
437 528
438 406
769 66
452 1206
439 366
516 414
1098 365
893 356
422 548
480 793
486 486
