800
1220 2440
703 288
458 406
1290 576
2216 336
186 285
593 417
1480 728
1659 398
1210 546
445 548
1906 286
745 318
556 546
1755 360
695 528
783 528
1966 576
456 436
455 528
666 424
1555 372
420 308
667 528
1970 286
1881 56
2190 406
733 600
221 389
1598 246
770 241
2070 556
2066 506
420 308
779 545
366 56
1555 372
1636 366
348 403
2259 555
438 436
1556 586
1556 586
783 548
565 358
1659 398
906 468
621 378
1966 206
781 486
1066 336
700 318
2068 468
283 611
570 891
1586 63
206 408
1438 625
2070 556
406 206
1290 576
1598 246
2093 206
1966 576
283 611
556 546
422 398
422 548
1063 453
319 258
378 225
639 288
436 66
497 66
320 258
783 548
860 56
868 555
1338 256
2292 472
404 66
1290 93
745 318
306 336
593 417
870 308
1606 426
696 88
781 486
1131 306
651 528
870 336
422 398
1210 324
1565 561
420 286
1040 616
2382 556
891 390
884 370
320 258
1210 546
532 86
356 206
798 453
781 536
888 307
1172 517
283 611
2216 336
356 116
224 429
241 577
370 255
423 310
663 506
1555 372
1071 285
2326 768
695 556
695 528
1940 538
781 556
516 391
448 468
803 383
320 258
781 1170
848 453
348 403
1546 414
379 225
348 403
370 237
383 277
316 392
948 456
856 356
1289 393
1390 466
2216 256
797 66
480 402
2106 306
902 358
565 386
870 308
1973 489
320 296
480 402
559 206
383 277
906 468
206 870
422 398
639 288
768 555
2048 336
818 323
2104 705
540 206
1659 398
429 307
746 586
806 286
429 307
1210 426
348 403
420 286
438 406
606 336
746 556
1056 246
768 556
819 332
256 970
420 306
333 378
720 308
356 286
402 889
470 106
320 258
1404 468
565 386
650 393
2402 576
458 406
2404 906
888 336
756 556
470 258
1288 126
468 206
565 358
393 889
320 258
1025 453
913 417
348 403
891 256
384 456
397 225
448 468
319 258
1506 420
1290 576
2292 427
769 486
888 336
1752 93
570 256
316 392
508 306
1063 449
291 278
2292 427
798 449
477 126
1030 336
1546 414
888 548
429 468
682 581
1606 506
123 66
1755 360
829 556
480 452
856 356
1506 420
2382 556
456 356
1290 576
1550 93
593 417
413 136
2216 336
718 399
768 93
797 216
839 286
386 66
345 535
256 106
1550 556
320 258
252 246
470 377
667 536
611 257
1404 468
779 545
888 336
620 570
682 581
1066 336
888 336
430 407
520 438
348 403
703 442
816 183
848 453
1565 561
981 286
320 217
406 545
703 442
856 356
2216 256
324 218
436 66
1546 414
781 556
570 256
320 258
1606 426
420 336
1636 366
2382 576
480 402
1970 286
422 419
306 93
2151 46
320 258
324 528
2066 506
330 436
1755 360
376 60
1752 336
797 328
356 206
543 435
720 308
1506 342
470 286
420 308
458 406
341 353
770 556
406 126
880 56
621 378
888 548
420 336
553 433
406 356
781 486
402 173
520 517
1906 286
829 528
1172 517
348 403
384 456
1063 449
770 241
1289 393
439 66
2326 556
291 278
889 406
348 403
612 257
420 330
893 328
990 558
324 218
1210 545
418 66
769 486
480 452
818 558
927 556
436 458
593 417
370 255
1570 406
853 385
666 424
486 486
288 246
420 308
438 406
612 257
448 468
606 336
588 256
818 558
456 356
927 256
651 528
806 286
1055 381
870 336
370 329
745 318
663 506
565 358
456 206
458 66
870 336
366 556
319 258
1506 241
491 93
570 256
720 308
383 277
715 516
1055 66
429 307
2190 406
539 503
469 106
429 307
1290 576
346 256
848 453
553 165
406 156
1973 489
2216 256
453 363
359 87
2382 556
576 239
345 535
960 566
1788 66
448 468
420 336
1131 306
1290 576
870 106
449 106
2048 336
990 558
310 236
320 258
888 307
770 296
441 358
252 246
1066 336
458 406
319 258
309 237
1030 336
745 318
804 406
1210 324
1338 328
420 306
420 306
927 556
1716 216
868 556
931 306
348 403
1636 366
420 308
348 146
870 308
2326 556
1973 489
1546 414
746 556
378 225
422 398
1570 406
904 406
1534 48
948 246
875 365
888 307
553 433
835 556
456 206
745 318
952 746
1550 556
553 433
806 286
1390 466
444 137
163 417
2190 406
593 417
232 406
520 517
651 528
770 241
291 278
868 556
606 586
1526 606
1104 576
2292 427
325 518
2368 468
891 556
1526 606
889 406
721 356
1336 241
397 225
889 406
2382 556
1419 456
2070 556
1251 347
2068 468
676 82
621 378
480 402
1701 246
1970 336
756 556
1480 728
770 1110
1338 256
438 406
474 457
474 538
496 61
888 576
829 556
452 1206
750 730
783 548
320 296
1755 430
430 421
341 93
408 556
252 218
486 486
406 156
1770 336
448 468
2266 66
1556 386
422 419
1355 386
783 308
1550 420
1770 1010
913 417
663 478
829 528
429 307
666 556
1398 620
890 537
1770 326
1606 426
625 353
1498 356
588 256
1210 545
422 548
695 556
733 600
1172 517
1906 286
910 576
453 398
1546 414
813 360
530 396
1056 246
806 856
420 336
516 391
336 286
356 558
232 824
1826 449
839 286
453 398
798 449
320 76
756 556
1616 106
720 335
703 288
489 98
891 548
333 378
1210 546
588 256
565 358
446 151
441 360
406 106
1550 436
2326 556
320 296
516 391
281 66
1236 306
1550 436
516 414
319 258
483 558
960 566
453 453
456 336
378 225
480 452
910 467
783 308
1966 576
310 236
1210 545
888 548
1110 236
1246 406
422 419
232 824
384 456
720 335
829 556
902 358
703 442
811 486
1289 402
1755 360
667 536
1556 586
2326 556
733 620
429 307
1546 414
904 406
2226 556
321 93
1290 576
553 489
346 535
938 386
2382 556
438 406
835 528
906 468
769 265
809 86
750 768
411 528
1210 545
348 403
770 556
516 584
904 406
422 548
1970 336
375 527
1808 346
639 288
747 318
789 137
556 66
703 442
383 277
306 126
520 438
1550 556
252 218
990 586
1340 256
370 255
516 414
333 378
1595 421
241 575
1550 556
316 392
429 468
835 556
370 256
370 255
663 506
319 258
1210 546
1836 61
816 406
232 824
1236 306
746 586
1055 381
348 403
919 528
750 768
656 256
470 286
781 486
506 396
2326 556
2382 556
761 486
506 406
884 370
320 258
1550 436
769 555
520 517
420 267
470 530
1940 538
750 740
1289 406
300 267
768 555
1066 336
370 255
1338 256
452 1206
440 548
1251 61
813 360
1970 286
657 146
1040 616
1103 465
453 398
1555 372
1289 393
1210 426
769 555
870 308
829 528
695 556
1636 366
1098 365
508 306
666 556
420 308
812 407
990 558
573 326
424 136
182 403
1770 1010
417 116
990 586
422 419
291 93
888 307
1210 324
1770 336
812 421
1040 616
474 538
256 288
770 253
516 391
1068 286
888 576
2068 468
448 468
430 421
553 489
420 278
739 217
781 508
320 258
1063 449
2126 546
328 256
1289 406
2104 705
470 287
829 528
783 308
402 889
445 548
348 403
316 66
2103 556
870 420
666 341
420 308
798 453
2382 556
670 575
682 581
409 251
370 237
2068 468
1188 66
1076 256
769 555
1066 336
445 173
606 278
369 332
2226 556
606 566
383 277
170 196
252 246
2103 556
853 385
1289 393
1210 546
393 889
1206 93
835 556
816 216
811 486
319 258
695 556
700 318
1025 453
433 156
1028 421
902 385
224 429
453 453
570 237
2093 556
267 106
570 237
453 363
508 206
666 424
830 76
990 586
769 486
2326 556
888 336
536 56
833 309
1940 538
2402 576
1290 576
888 336
