2500
1220 2440
343 156
869 86
538 56
321 66
868 126
441 66
1215 106
934 86
341 530
876 106
338 66
306 336
1636 61
396 106
880 126
835 123
393 86
420 106
356 131
767 137
348 403
567 93
320 126
348 146
538 66
2124 86
1418 66
565 93
686 203
491 93
256 146
2292 472
521 66
447 56
651 528
354 121
910 66
796 95
421 66
1570 93
803 170
2406 93
876 106
298 66
516 66
389 87
406 156
990 126
163 586
1688 106
420 126
356 116
231 76
491 93
491 93
1480 728
743 86
906 66
252 93
386 121
359 87
1716 93
616 126
750 93
1598 106
320 258
710 76
726 134
870 66
406 186
663 66
370 329
139 413
829 93
406 86
271 93
919 528
784 179
406 156
196 56
374 126
1993 66
406 56
818 66
203 397
256 136
1786 56
182 365
758 106
706 86
420 106
528 86
567 93
1615 76
1416 176
1326 66
805 56
420 278
306 93
718 196
399 56
811 56
1770 336
870 56
2064 86
882 93
446 151
456 106
682 76
703 442
456 121
1966 56
456 206
770 296
325 136
2402 48
826 66
338 66
356 324
406 156
778 66
1606 66
491 93
252 93
286 156
855 66
872 61
1940 538
356 116
322 97
1752 93
806 93
857 86
185 503
695 56
438 406
438 406
1071 285
396 106
910 66
406 96
1973 489
2106 93
528 56
344 136
506 48
703 442
872 86
202 894
185 503
746 586
2005 66
2423 93
1251 347
1788 66
261 66
2316 56
888 307
486 486
406 106
2326 556
620 93
309 87
870 126
960 126
396 166
1055 126
990 66
456 106
811 486
888 336
445 126
593 417
740 86
600 157
368 86
717 126
1586 56
388 72
402 126
420 66
511 66
1370 93
811 486
726 66
408 556
1448 66
829 93
797 188
600 157
406 106
406 156
1406 76
446 151
148 739
768 556
868 93
306 198
388 76
306 146
888 86
356 324
876 86
811 56
417 116
446 151
818 558
855 126
1430 56
438 406
1406 66
406 106
286 136
1520 76
511 93
220 66
663 187
876 106
835 93
256 136
1713 116
696 176
1063 449
1953 86
1007 86
796 186
821 93
568 216
256 136
826 66
740 86
1506 420
370 255
857 86
86 288
1670 106
321 66
163 417
530 396
406 66
66 536
1570 93
809 86
1528 86
453 398
1871 66
447 106
818 558
499 56
1570 93
458 66
356 116
356 131
1006 93
2368 468
406 156
593 417
844 123
851 137
713 86
368 66
1326 66
406 156
2070 93
720 336
417 116
371 126
348 146
808 136
2402 48
558 97
511 93
540 206
620 176
511 66
2402 56
769 126
2073 66
268 406
1731 66
396 91
1188 66
887 203
526 66
491 93
1419 56
930 106
620 106
677 68
406 156
600 157
406 56
56 218
371 126
393 126
487 86
366 56
456 156
406 116
309 87
256 93
1506 241
406 91
402 173
781 66
874 123
830 56
470 76
288 66
874 123
540 205
326 66
383 277
446 151
458 66
863 56
168 346
446 151
456 156
202 894
291 66
2116 86
406 166
508 206
868 93
708 106
1616 66
256 126
456 156
1419 66
363 172
2406 106
528 56
890 126
558 97
421 66
1146 66
1289 406
872 86
441 66
1355 66
321 66
1508 56
406 116
706 56
155 463
600 157
882 86
178 620
414 173
341 93
1390 466
680 76
745 126
2073 66
836 66
2382 556
271 93
849 126
286 136
406 136
406 136
891 86
449 106
895 86
1752 93
716 106
421 66
417 116
823 76
818 323
497 66
868 555
480 86
290 187
446 126
306 146
818 586
703 446
446 86
291 66
406 96
158 305
1570 93
887 203
696 56
1752 93
596 187
330 166
256 146
1260 307
2426 76
406 136
855 126
1829 138
2266 66
769 486
261 66
181 436
163 417
870 126
2106 56
271 66
486 56
445 173
887 203
511 66
981 66
1030 174
1739 64
696 66
849 66
849 66
343 156
1289 406
835 93
456 66
406 116
2216 95
540 206
391 97
1406 93
760 74
1179 76
540 205
666 86
343 156
547 56
267 106
339 126
1006 86
445 66
770 126
741 91
325 136
1393 88
306 146
876 86
808 136
345 535
2012 151
1512 66
880 56
437 528
446 151
1167 76
839 86
321 66
868 556
1270 66
206 66
796 56
746 556
663 506
2288 48
170 567
2402 56
180 453
816 216
2291 56
1523 606
606 239
696 56
2026 66
446 151
306 146
776 66
321 66
1406 56
1076 66
696 61
981 76
338 66
406 146
406 146
1206 48
1255 156
636 196
491 93
606 336
872 86
769 66
366 486
1290 93
123 918
927 556
919 93
491 93
421 66
702 355
321 93
853 385
666 124
161 449
663 66
356 93
338 146
491 93
1402 86
570 86
306 106
438 406
565 93
784 56
600 157
1241 131
336 197
606 239
486 66
639 288
696 176
770 128
920 76
1665 86
859 126
721 66
283 612
1755 430
515 56
1380 66
344 126
872 61
491 93
2266 66
161 449
1906 106
306 166
668 166
511 66
530 106
2402 48
924 66
298 66
868 126
770 128
370 86
568 66
616 66
421 66
2206 56
906 66
1606 506
811 66
528 66
1416 176
806 106
181 280
406 156
568 66
700 126
565 66
747 328
646 586
344 126
289 1172
506 66
406 106
1746 66
1598 246
388 72
1906 66
549 97
170 567
370 256
952 746
806 93
769 66
816 123
844 123
2382 556
86 239
957 66
497 66
406 156
306 106
521 93
1406 93
853 428
371 536
86 489
668 166
808 136
86 489
1770 1010
467 106
1701 86
421 66
682 66
533 61
764 126
470 287
819 66
409 86
769 56
778 486
1731 56
482 86
758 146
638 93
784 179
1546 414
1498 356
356 116
606 86
870 93
421 66
430 407
406 56
356 176
1956 191
471 66
420 330
341 93
1406 66
256 136
706 66
320 286
568 56
491 93
906 468
839 76
406 106
482 86
620 157
2406 93
2116 56
567 93
758 146
466 126
797 126
496 61
248 66
393 126
868 93
370 66
1143 198
811 486
937 66
266 106
2162 106
2266 56
1206 93
2104 705
1788 66
413 106
791 66
538 56
471 66
611 257
2036 586
309 137
562 66
271 93
370 66
549 97
295 97
371 66
838 176
1871 66
445 66
392 87
406 156
421 66
501 66
825 86
710 93
1870 76
956 66
898 106
146 466
182 397
2067 56
406 156
159 567
486 56
251 66
406 116
771 137
842 137
429 468
549 97
1063 76
336 286
1466 88
769 66
409 76
123 918
367 88
482 86
148 534
805 56
868 93
851 137
530 158
256 136
565 66
745 93
1210 546
1030 56
1962 106
2346 66
898 66
726 96
509 76
480 402
406 116
406 106
990 558
86 288
446 151
888 307
2326 93
860 56
388 106
888 126
676 106
465 156
185 503
756 336
781 1170
2068 468
261 66
559 206
370 66
2131 56
1106 61
421 66
842 137
1406 93
420 86
990 586
756 556
838 176
2012 151
2005 66
201 86
1731 56
471 66
391 97
758 72
2121 88
86 239
808 136
677 68
486 56
501 46
248 66
677 68
778 66
680 581
370 197
1944 91
646 66
858 106
391 97
1900 98
741 56
784 56
339 146
1546 414
338 66
2070 93
525 173
378 87
1402 86
406 56
471 66
517 93
291 93
629 148
797 216
338 66
1616 106
768 126
565 358
202 894
220 86
876 106
695 93
1131 286
1534 66
437 86
812 421
420 66
990 66
298 66
471 66
66 802
981 56
720 335
56 506
990 66
456 66
406 156
856 126
1570 406
805 56
808 136
165 553
1416 176
1550 556
406 136
1870 86
887 203
1506 342
567 93
320 86
816 216
406 156
304 126
309 137
768 93
251 66
406 136
439 56
491 93
406 136
818 126
341 93
174 545
975 86
540 206
766 93
366 66
356 116
338 66
371 66
2073 66
771 162
256 116
895 86
1770 66
1570 93
890 781
806 93
342 166
286 56
606 336
950 51
431 66
1188 66
309 137
620 157
356 116
96 276
1020 66
2006 93
868 126
489 86
806 93
808 136
291 278
1131 188
406 116
509 76
424 136
297 56
770 128
393 126
286 136
496 138
534 61
764 126
149 486
444 86
344 76
620 157
338 56
446 151
758 138
453 398
2093 556
402 889
860 156
388 76
600 93
540 206
758 146
747 318
386 121
456 121
1881 56
746 556
908 61
406 126
291 93
422 398
406 106
838 176
570 237
470 76
290 206
306 126
2286 48
1066 336
1002 93
937 66
2021 66
466 126
487 86
809 86
570 66
350 179
406 126
482 86
587 56
520 438
1356 306
1406 93
1326 66
1570 93
465 156
952 746
600 93
682 66
2316 56
766 93
414 76
2382 576
791 66
1666 86
1108 57
316 66
2005 66
511 66
2016 151
388 72
1371 66
256 146
1236 306
529 469
406 146
2206 56
406 156
855 126
986 66
258 106
695 56
256 136
256 136
388 106
1391 106
839 251
374 126
406 116
1870 76
405 162
2068 468
1410 126
663 187
343 156
482 86
1210 426
439 56
406 116
788 66
2411 58
2288 66
1070 106
860 74
1970 336
86 316
696 66
740 86
1555 372
421 66
480 452
781 356
1088 326
252 218
501 66
241 66
271 93
1733 86
1752 336
811 66
803 421
2402 56
756 66
826 66
2402 56
1179 76
516 584
474 538
910 66
406 156
1973 489
402 889
889 406
421 66
338 66
1106 61
870 106
531 66
2406 86
806 236
1872 106
179 176
835 93
1033 93
78 338
1340 256
860 74
2423 93
406 126
406 86
2026 66
406 156
990 66
491 93
1063 449
870 126
444 86
1802 76
549 97
449 93
391 97
516 584
420 336
769 486
2044 106
161 450
142 328
770 86
639 48
433 156
769 66
746 556
511 66
252 218
538 66
556 546
320 217
390 137
840 66
2006 93
1703 66
588 256
888 66
820 337
1206 61
786 56
367 206
1255 56
406 106
1586 63
406 106
491 93
2292 427
470 287
309 137
2012 86
849 66
202 894
1210 324
1063 76
2326 126
420 106
659 56
521 66
908 86
270 106
1998 86
430 407
406 186
306 198
870 126
1416 176
771 137
892 123
406 106
2326 66
1403 66
141 431
500 126
531 66
445 66
906 66
406 136
811 56
1406 66
1565 561
421 66
835 123
290 206
506 48
445 66
663 126
1450 76
835 123
386 121
1170 66
378 87
778 66
1126 56
298 66
1820 93
835 93
256 116
406 146
256 146
663 506
486 56
270 106
975 86
363 172
620 157
506 66
950 51
491 93
528 66
1385 76
271 93
496 138
298 66
511 66
446 151
1836 61
806 856
366 106
370 176
1441 66
491 93
406 91
161 450
1906 66
1872 61
256 179
421 66
700 336
497 66
978 76
306 179
338 146
910 66
2176 106
421 66
406 56
928 123
370 66
600 157
1048 86
66 802
747 328
185 503
2439 66
359 87
1418 96
406 126
858 76
758 72
549 97
717 66
396 106
1770 93
670 575
406 56
406 106
828 66
1538 385
298 66
703 442
396 91
2106 86
2162 106
238 76
696 196
220 86
269 66
948 126
768 126
820 337
620 157
1376 256
406 106
896 203
760 156
1966 206
1658 86
1416 176
2206 56
930 61
342 166
746 56
424 136
1170 66
806 161
500 126
2272 91
421 66
420 286
406 96
480 56
1806 66
2292 472
1550 93
456 121
769 66
620 176
170 226
767 137
330 166
797 66
906 93
447 56
1441 66
271 93
2206 51
2070 126
465 156
389 87
393 889
2406 66
966 86
1030 56
2056 93
406 156
390 137
1419 66
1404 468
449 106
406 156
306 106
906 66
406 156
2326 556
458 66
530 396
476 126
758 138
870 106
486 56
869 86
406 126
338 56
781 66
170 196
990 586
370 86
437 86
386 121
438 406
1179 66
567 93
1616 66
406 126
456 106
1659 398
406 106
356 66
386 121
489 98
530 61
516 66
606 239
179 176
406 156
449 126
818 66
496 135
1416 176
456 156
329 76
206 66
391 66
497 66
784 56
769 56
876 106
506 106
741 56
406 93
2436 56
294 156
1550 93
491 93
870 66
298 66
378 66
1406 66
283 87
356 93
666 124
420 93
939 86
506 106
343 156
281 66
663 66
261 66
2286 48
220 93
396 91
338 56
600 176
446 151
202 894
732 137
856 126
543 435
783 179
898 66
891 86
1406 93
870 126
332 68
1006 86
306 106
356 116
220 86
530 61
421 66
149 486
444 137
906 456
86 489
336 197
406 86
766 93
1550 556
356 66
778 486
406 106
470 106
486 106
489 86
341 93
489 86
406 156
768 93
1246 406
1953 86
2348 536
241 66
823 76
390 86
528 66
1598 246
2382 556
1895 86
888 307
930 86
491 93
330 166
781 536
456 146
231 76
444 137
2170 142
1170 66
1556 66
870 126
445 328
406 136
2064 86
406 136
178 620
891 66
348 146
2106 86
565 358
320 258
1506 106
889 406
396 106
1556 386
256 136
937 66
491 93
1570 106
415 66
525 173
1419 56
241 66
556 66
446 86
806 286
486 56
2086 66
2406 66
141 508
305 56
1402 86
1064 46
721 356
767 68
538 56
930 86
251 66
695 93
306 106
406 106
600 93
1802 76
186 285
406 156
770 106
309 137
449 106
241 66
906 468
1570 93
818 66
1526 88
406 156
433 156
2006 93
547 56
491 93
180 453
491 66
291 66
2406 106
163 417
1550 556
482 86
1666 46
1441 66
643 884
1068 286
291 66
530 396
695 93
1000 93
406 545
833 309
758 66
811 66
1486 56
2326 556
238 76
1606 66
406 66
1770 93
406 116
540 205
669 86
339 146
646 86
823 183
386 86
516 414
256 116
389 87
1241 131
470 126
453 363
1764 66
1206 106
420 566
471 66
1088 326
756 66
2070 126
666 86
769 86
447 56
1721 56
719 172
288 66
516 391
202 894
421 66
446 151
406 156
256 106
775 166
600 157
797 126
330 66
824 106
2216 66
391 66
491 93
506 66
890 537
176 506
406 156
1526 88
1788 66
256 146
456 106
856 356
396 91
2196 66
422 126
855 126
445 548
415 66
953 86
706 141
706 56
2326 126
396 91
170 226
178 620
294 66
406 156
509 76
851 137
812 86
399 56
456 66
803 170
1786 56
558 97
491 66
111 395
480 452
185 503
456 121
981 286
339 146
706 206
805 56
256 126
824 66
1820 93
441 66
808 136
402 173
406 156
338 146
2402 93
616 66
769 66
343 156
713 86
441 66
417 116
745 66
378 87
1752 93
785 76
281 66
126 427
1380 66
422 398
736 107
2070 126
406 186
750 93
2406 93
516 278
320 107
406 106
199 356
491 93
395 93
1179 66
306 179
404 56
291 66
1646 406
740 86
528 66
696 88
1426 71
482 86
703 288
1906 66
123 478
1135 76
720 336
630 93
321 66
708 106
347 66
818 558
2079 66
270 98
721 356
1956 191
1788 66
356 131
338 66
893 328
449 93
123 66
491 93
1179 76
2396 56
809 156
913 417
449 106
406 91
600 176
1788 66
86 352
530 396
449 93
338 66
746 56
1371 93
86 239
386 121
888 336
2011 66
561 141
413 156
893 66
523 187
320 296
158 285
356 116
491 93
306 93
1556 106
1025 453
1526 606
456 106
1470 106
477 126
740 106
1056 66
406 106
458 66
491 93
436 458
2406 56
501 46
2005 66
893 66
811 66
449 528
286 156
838 176
620 157
406 183
252 93
783 179
628 126
745 93
811 486
286 136
635 126
156 788
902 385
1040 616
511 66
1030 86
530 158
390 137
528 86
568 66
422 548
910 576
325 136
812 421
202 894
406 56
356 206
1802 76
750 138
570 66
1385 86
669 86
202 894
348 403
450 56
182 487
420 93
990 66
366 56
2206 56
695 56
306 179
471 93
291 93
906 93
1296 166
420 308
304 126
497 66
988 106
366 66
1713 116
910 126
549 97
497 66
304 126
256 136
193 66
320 86
306 106
2091 56
839 86
446 151
376 97
383 277
148 739
600 93
420 93
1041 56
509 76
788 326
771 137
1030 56
406 166
271 93
482 86
169 386
424 136
1670 106
2326 556
2206 56
251 93
341 530
1246 406
687 184
327 96
406 156
429 307
706 206
446 151
417 116
321 93
304 126
86 316
838 176
1970 286
806 93
990 66
341 93
620 157
1355 386
86 316
491 93
1416 106
254 76
797 126
818 126
845 126
893 86
458 406
406 56
1260 48
770 86
906 56
663 66
1188 86
302 126
549 97
256 106
409 86
300 267
534 61
453 398
290 187
2068 468
587 56
511 66
267 106
497 66
428 96
1926 56
1606 426
420 106
406 136
1606 66
181 280
413 156
594 66
338 56
838 176
1290 576
789 66
320 76
1290 93
500 66
990 126
1131 188
1406 93
470 106
421 66
1391 66
528 66
1406 66
916 66
1636 61
291 93
891 66
406 106
163 417
975 86
343 156
1895 76
1752 126
497 66
341 93
860 67
928 123
406 96
406 186
406 126
286 156
620 176
781 48
256 146
444 137
1526 88
745 318
892 123
756 556
406 116
467 106
542 86
785 76
406 126
387 131
386 121
406 186
155 463
690 86
1210 93
950 66
565 358
950 51
343 156
248 66
708 106
123 66
959 66
341 93
785 126
417 116
893 66
1802 76
271 93
606 336
429 307
338 56
919 93
758 72
776 56
486 56
429 468
356 116
594 106
2216 95
849 66
1770 66
2216 256
497 66
667 556
424 136
778 66
221 389
870 86
2106 106
764 126
788 106
306 106
1582 86
806 93
888 576
391 66
390 86
106 106
491 93
458 66
764 176
288 246
421 56
959 106
791 126
487 186
420 267
491 93
808 136
1615 76
785 76
540 206
406 545
1648 93
1002 93
806 93
502 66
163 417
835 123
491 93
151 56
291 93
174 566
131 1163
369 204
860 67
220 86
248 66
446 386
858 66
2070 93
956 106
456 66
990 66
784 56
203 397
320 296
375 126
286 136
298 66
406 86
422 398
183 743
491 93
812 56
417 116
163 417
290 187
758 146
2006 93
775 166
338 66
220 66
778 66
511 66
281 66
424 136
726 66
1886 66
487 186
1126 56
256 136
288 66
320 296
565 66
874 123
354 121
1406 93
808 136
206 56
770 271
180 453
241 66
1002 93
2006 93
891 66
306 106
269 66
431 66
406 126
422 398
457 106
391 66
2005 66
406 56
341 93
396 106
386 121
370 93
376 97
406 56
1570 158
740 106
818 126
540 205
406 146
1406 93
378 87
368 66
286 136
781 48
1975 64
1665 86
406 156
745 93
271 56
467 106
1506 66
2126 546
784 56
745 66
123 66
516 391
180 453
391 97
286 86
343 156
480 56
1030 76
446 151
163 417
806 93
1826 449
256 146
456 121
421 66
289 1172
2236 86
621 378
1188 66
486 56
1426 71
990 558
386 121
1206 106
343 156
695 93
1030 56
366 66
291 93
781 66
511 66
168 346
406 56
406 156
516 66
2162 106
343 156
1338 256
456 336
531 66
390 137
2326 556
1570 93
710 196
241 66
474 538
268 56
1303 106
816 123
444 137
1508 56
461 86
2006 93
413 156
1528 86
2046 56
420 106
538 66
420 336
399 56
606 336
663 187
406 126
456 146
343 156
781 48
808 136
123 918
526 66
808 136
789 126
950 106
241 66
486 56
393 126
252 93
491 93
456 106
1398 600
1906 106
787 56
1071 285
872 66
392 183
870 106
2286 48
771 137
1410 126
710 196
797 66
406 156
456 156
2226 556
389 87
778 66
390 137
2406 66
636 196
594 66
350 179
486 438
406 156
920 76
720 308
309 137
1500 56
620 93
606 336
1966 576
740 770
170 567
511 66
456 436
406 136
480 452
286 156
406 146
1962 61
448 468
1766 106
406 106
766 66
350 179
256 136
906 93
471 66
2196 66
2070 93
2093 556
858 106
1556 93
791 126
870 126
966 86
876 86
386 121
163 417
781 93
620 176
2006 93
1598 106
406 126
856 126
291 66
1290 93
326 66
870 308
206 66
291 66
809 86
818 586
491 93
406 156
347 86
1326 66
1167 76
456 106
950 51
2382 556
406 126
406 56
409 86
766 56
820 93
465 156
842 137
366 56
291 278
556 546
1586 56
2190 86
729 86
458 406
1010 307
686 66
370 86
126 427
256 93
778 56
769 126
456 156
424 136
549 97
1486 56
743 86
779 545
808 136
346 256
420 66
663 126
500 126
206 66
1820 93
2316 56
1733 86
2170 142
256 136
620 176
256 136
142 328
183 397
252 246
440 548
770 61
306 126
320 258
151 56
329 136
453 398
532 158
1170 66
408 136
306 126
123 66
333 68
501 66
666 341
256 116
806 93
456 156
449 93
2226 556
842 137
812 203
329 76
471 66
2426 66
420 566
978 76
888 66
2012 86
1970 336
406 116
398 93
1566 66
758 66
686 506
1606 66
456 121
441 66
876 106
875 66
957 66
169 386
562 66
838 176
1556 386
2079 106
896 203
2406 106
2070 126
596 187
176 506
538 66
281 66
448 468
540 206
421 66
839 76
750 93
713 86
420 278
1872 106
406 86
620 93
172 389
888 76
816 183
320 56
1218 76
720 126
470 106
86 239
420 66
437 528
86 268
851 137
491 93
816 216
221 389
344 126
680 581
1063 453
1210 546
657 146
491 66
295 97
540 93
491 66
339 146
406 156
424 136
420 336
406 116
288 66
298 66
268 76
962 126
256 126
663 187
835 528
185 503
740 106
291 66
2241 106
1210 93
456 146
785 66
1206 93
570 891
366 106
501 66
406 106
406 126
542 86
870 106
491 93
1550 93
2426 66
406 106
339 66
1688 106
702 353
606 66
783 528
408 106
421 56
471 66
1556 66
288 246
439 56
444 137
829 93
1721 56
1382 66
446 151
690 86
2423 93
370 197
695 93
156 788
321 66
872 64
359 87
420 93
919 126
1356 116
446 126
750 126
1570 106
256 136
403 66
406 146
470 287
717 66
1206 93
516 66
450 66
657 146
796 124
531 66
741 91
320 303
849 126
202 894
497 66
906 456
975 86
202 894
163 417
321 93
439 366
2288 48
341 93
1728 66
1448 66
880 56
696 66
856 88
892 123
386 121
446 151
248 66
446 151
1215 61
860 156
1000 126
770 126
501 66
1056 66
1758 76
655 184
1870 86
408 556
325 136
141 508
467 106
343 156
406 156
271 93
2277 86
1000 93
1770 336
770 61
2190 86
470 286
406 126
695 93
1716 93
188 86
1246 406
306 179
139 413
406 156
2326 126
588 56
943 76
758 72
531 66
141 48
1070 106
491 93
422 419
1752 336
183 743
726 66
1595 421
839 86
1070 61
570 66
680 76
491 93
809 86
1000 126
746 88
406 56
188 86
2012 151
2016 151
437 86
1126 56
308 106
449 106
248 66
570 237
950 66
290 206
870 308
481 93
399 56
491 93
803 170
261 66
1290 576
438 406
880 66
746 586
458 66
750 126
766 93
422 548
467 106
768 93
856 126
666 86
1981 106
876 106
960 66
456 121
750 93
1970 336
220 66
853 385
202 894
771 137
491 93
646 86
1795 106
745 126
726 134
741 91
1404 468
1390 466
456 156
406 156
406 126
531 66
458 106
2348 536
404 66
768 556
445 173
629 356
146 466
568 66
1055 66
471 66
788 66
491 93
123 936
1390 98
248 66
421 66
170 567
306 179
420 278
447 56
1140 76
271 93
306 106
447 106
320 136
56 218
835 93
359 87
1140 76
919 556
455 86
486 56
768 556
825 86
975 86
422 419
521 66
163 417
960 126
1550 436
339 146
