800
1220 2440
420 278
222 433
1340 256
1103 465
550 770
406 545
913 417
888 576
516 306
455 226
1063 449
868 556
470 287
1506 241
455 206
651 528
1546 414
470 286
573 326
744 347
2106 86
888 336
1030 336
409 251
480 402
888 336
902 385
746 556
747 328
406 206
348 403
474 457
682 581
252 218
761 486
2121 581
1788 66
356 206
283 611
1063 449
348 403
1068 286
341 530
455 226
1526 606
1131 306
781 508
770 556
430 421
606 278
320 296
818 558
422 419
2093 556
1755 360
1390 466
1010 307
1659 398
1570 93
1290 576
320 258
259 377
860 74
2066 506
856 356
2368 468
884 370
919 556
470 286
729 556
441 358
811 486
703 446
470 306
813 360
516 278
1659 398
384 456
429 307
778 486
913 417
224 429
370 237
1210 426
744 347
1598 246
570 256
778 486
319 556
2106 306
952 746
483 558
565 386
420 308
783 308
904 528
420 336
384 456
2292 472
1895 206
399 56
791 126
320 296
1050 761
2226 556
1970 336
829 556
319 258
556 546
2326 556
667 556
480 402
419 528
453 398
384 456
959 66
2382 556
455 226
268 406
474 538
316 392
406 116
406 545
960 566
370 329
804 406
356 206
2404 906
1290 93
884 356
516 278
553 489
163 417
703 442
768 556
467 106
1338 328
2103 556
486 486
370 237
1063 453
876 106
383 277
291 278
256 970
798 449
781 606
856 356
348 403
1788 356
1056 246
888 336
430 407
1526 606
919 556
458 406
806 286
913 417
829 556
2326 556
438 406
853 428
888 576
452 1206
1940 538
835 556
695 93
803 170
621 378
612 257
1289 406
806 93
330 436
650 894
1826 449
438 406
1048 86
291 278
621 378
404 486
761 486
593 417
819 356
695 528
406 206
345 535
588 256
663 506
666 424
646 586
470 287
1071 285
486 486
2326 556
2226 348
1565 561
458 406
438 436
1020 278
420 308
1616 66
422 398
798 453
319 258
1981 106
2402 576
2382 556
371 508
612 257
224 429
750 730
1260 326
621 378
1555 372
486 486
1000 556
406 206
492 558
366 458
456 336
356 206
1498 356
241 66
1906 286
1063 449
1290 576
492 558
1376 256
868 556
981 56
356 558
1659 398
570 237
370 256
868 555
420 308
913 417
788 307
1646 406
474 538
437 528
1206 93
606 566
745 318
320 303
441 360
411 528
1055 381
663 506
366 556
620 176
835 528
404 486
1260 307
919 556
570 237
450 428
740 86
2068 468
1755 360
455 226
345 535
606 239
370 255
1770 336
884 338
1752 336
745 318
456 206
2348 536
750 768
2131 56
1063 449
420 306
379 225
889 406
328 256
1150 236
455 528
539 503
875 465
291 278
770 241
2103 556
559 206
474 457
703 442
429 307
797 328
745 318
406 206
829 528
1338 328
474 538
682 581
420 336
1636 366
348 403
565 358
404 486
347 506
2368 468
2048 336
829 528
370 256
348 403
516 414
870 548
319 258
568 66
715 516
570 237
429 468
663 506
346 535
1601 381
778 486
1340 310
651 528
438 406
437 528
319 258
370 256
1659 398
496 138
341 530
890 781
378 66
919 528
1030 336
956 66
611 257
1000 556
621 378
255 383
420 308
420 336
455 226
449 556
570 891
430 421
816 538
813 360
1826 449
870 336
818 586
516 306
2382 556
816 406
611 257
420 566
833 309
320 258
341 530
338 146
756 336
1066 336
779 545
291 278
570 237
606 239
1659 398
1289 406
202 894
556 546
2382 556
1370 406
1636 366
320 286
429 307
483 558
758 66
1526 606
558 97
356 324
824 527
750 740
881 781
587 56
1406 93
818 323
904 528
470 530
806 286
2326 768
888 336
531 66
808 136
870 308
750 740
508 206
283 612
402 889
356 286
816 538
559 206
330 436
1970 286
420 566
629 356
348 403
376 206
888 307
1068 286
1843 575
224 429
902 360
540 206
474 538
2048 336
480 793
1550 93
770 86
1802 76
2190 406
348 403
422 548
2292 346
1970 336
2070 556
506 406
379 225
227 832
1210 545
891 256
804 406
606 336
611 257
486 486
625 377
1550 436
720 335
383 277
453 398
783 528
906 286
420 308
1246 406
486 438
670 575
320 258
1002 93
528 86
1289 406
320 316
802 366
480 402
330 436
367 88
612 257
646 586
703 442
271 93
442 527
682 581
639 288
506 66
348 403
756 556
776 241
856 356
378 225
370 356
703 442
430 421
470 286
1802 76
1063 449
874 123
650 894
437 528
798 449
437 528
1040 616
2326 556
456 436
538 66
656 256
316 392
853 428
913 417
810 428
818 323
703 442
341 93
486 486
703 288
781 486
320 258
429 468
1210 546
325 518
406 106
970 567
291 278
291 278
700 336
436 458
165 553
448 468
1506 342
448 468
402 889
2406 106
420 336
720 335
720 308
756 556
420 308
798 449
1104 576
1565 561
448 468
770 241
356 286
666 424
611 257
570 256
811 486
565 358
884 370
1555 372
333 378
816 216
1289 393
1210 545
960 566
516 414
452 1206
1570 406
743 337
1659 398
341 530
486 486
2382 556
316 392
319 258
1066 336
1290 576
2036 566
420 308
411 528
2402 576
1179 76
806 286
2036 586
1606 66
813 360
530 406
680 474
670 575
370 356
887 203
2216 256
783 548
306 106
406 156
1565 561
706 206
429 468
913 417
328 256
291 278
543 416
422 419
1538 385
291 278
1998 86
770 356
818 586
746 586
379 225
356 324
1210 324
703 442
393 889
781 556
2382 556
2382 576
420 308
306 336
686 506
952 746
1071 285
1546 414
1788 356
1210 324
2226 348
316 392
520 517
667 536
888 307
870 106
565 358
319 258
768 556
420 267
530 106
2402 576
445 548
876 86
913 417
816 406
383 277
868 556
682 581
783 548
1565 561
720 308
456 336
870 308
768 555
252 218
2292 472
440 548
1764 66
1716 216
348 403
1770 336
319 258
306 106
906 356
811 486
453 453
818 126
420 306
708 106
870 308
402 889
2068 468
543 416
224 429
888 307
1970 286
429 307
506 396
937 287
516 391
1646 406
919 556
651 528
252 246
588 256
324 528
420 566
2011 556
346 278
848 453
430 421
406 206
1376 256
453 363
2036 586
746 586
448 468
747 328
781 508
356 324
2216 336
666 556
995 307
224 429
319 258
422 419
429 468
750 768
818 558
486 486
811 486
2348 536
1071 285
1210 324
430 421
378 225
448 468
948 246
906 468
421 66
1071 285
2126 546
356 206
2382 576
1556 586
2104 705
445 576
406 106
1010 307
1550 556
680 581
769 486
1701 246
750 768
480 402
447 56
530 396
746 556
406 156
842 137
445 576
769 555
990 558
366 106
316 392
1973 489
606 336
465 156
816 216
283 612
835 93
448 468
1028 421
806 286
1210 545
348 403
438 406
2368 468
286 136
663 506
811 486
319 258
835 528
480 793
1506 342
516 66
2048 336
565 386
1040 616
420 308
445 173
2006 566
806 236
606 239
1063 449
1210 546
606 336
666 424
1063 449
306 336
913 417
2136 303
768 555
1002 556
858 216
516 414
316 392
1498 820
667 536
320 296
1010 307
456 336
437 528
356 236
458 406
1770 1010
1659 398
781 556
420 278
1290 576
1355 386
224 429
770 61
224 429
441 360
744 347
438 406
1970 336
455 206
1066 336
818 558
486 486
667 536
455 528
1071 285
1236 306
506 396
306 93
695 556
786 566
509 76
1570 406
430 407
970 567
393 889
497 66
486 438
820 337
556 466
667 536
1088 326
369 356
1390 466
769 265
1390 466
333 378
884 370
781 486
324 528
486 486
1104 576
556 546
