1500
1220 2440
600 157
838 176
1520 76
1416 176
516 391
798 449
509 76
741 91
2103 556
306 506
409 86
695 556
420 308
706 225
721 356
131 1163
593 417
739 285
2402 576
324 528
810 428
348 403
2011 556
283 611
423 310
406 106
1616 66
966 86
771 137
406 126
667 536
870 576
424 136
474 538
870 93
931 306
1870 86
2382 556
1380 66
775 166
370 329
467 106
258 106
366 106
202 894
455 206
306 179
588 56
406 156
180 453
271 93
756 336
256 146
895 86
1290 93
321 66
1770 336
758 72
298 66
406 136
283 612
356 556
910 66
420 336
1406 93
2036 566
256 970
2382 556
406 156
783 528
470 287
1040 616
770 241
406 156
539 503
839 76
696 56
657 146
2402 576
1526 606
1598 246
2368 468
720 335
1056 66
1103 465
148 739
383 277
806 106
666 424
904 406
2326 556
1786 56
696 176
667 528
480 402
420 106
123 66
957 66
2216 256
2006 93
386 121
2402 576
870 126
491 93
1048 86
2121 88
1926 56
1970 336
406 136
482 86
1550 420
2068 468
256 146
888 307
1178 218
543 435
745 93
174 566
1981 106
467 106
758 72
420 278
306 336
1063 449
336 197
491 93
408 556
1802 76
321 66
740 86
232 824
304 126
630 93
406 91
646 586
356 206
320 258
1570 93
395 93
491 93
497 66
2266 66
1206 93
960 566
797 356
1666 86
2073 66
404 56
703 288
2103 556
328 307
409 286
776 241
445 548
1755 430
183 397
872 64
2382 556
491 66
856 126
737 126
1975 64
1752 336
778 66
2196 66
817 93
1526 606
406 106
406 156
910 66
1236 306
904 406
508 306
168 346
855 126
1077 86
1788 66
629 356
1752 93
768 556
769 486
383 277
1870 86
1829 138
86 316
868 93
433 156
593 417
231 76
2006 93
2288 48
430 421
348 403
892 123
2382 556
256 136
291 93
620 176
620 176
333 378
387 131
318 66
356 116
888 66
386 121
783 308
298 66
2402 56
770 217
406 106
508 306
2382 556
330 436
870 126
306 106
455 86
406 106
409 86
600 157
486 56
220 86
1126 56
470 287
294 66
2066 506
818 126
975 86
350 179
449 528
487 86
910 576
806 93
898 66
567 93
169 386
356 324
741 91
1733 86
441 358
1506 241
437 528
1606 66
896 203
568 66
1002 206
256 136
445 548
835 556
406 106
458 66
1056 246
1966 576
256 106
695 56
1382 66
1406 93
530 158
1210 324
1556 93
870 308
420 267
268 406
516 66
788 326
403 66
851 137
556 546
975 86
429 468
406 326
739 217
511 66
316 66
1606 426
811 66
1391 406
480 452
756 556
2382 556
1210 406
386 121
316 392
1526 88
588 66
406 156
567 93
142 328
309 137
420 336
491 93
2012 151
1289 393
252 487
142 328
750 138
456 146
2126 546
721 66
286 136
444 86
288 66
686 203
600 157
960 126
508 306
703 446
797 126
178 620
429 307
853 385
1418 66
1788 66
486 106
370 86
446 151
1788 356
449 93
928 123
1106 61
506 66
756 66
320 258
491 93
445 126
384 456
2068 468
1088 326
959 66
797 216
819 66
259 377
573 326
970 567
1606 426
630 93
446 151
816 538
740 770
306 336
528 86
320 303
486 486
916 66
538 66
2006 93
420 93
1426 71
1570 406
429 468
482 86
549 97
406 136
808 136
2136 303
255 383
1616 106
320 76
281 66
666 86
2382 556
746 586
320 258
399 56
2131 56
1289 402
880 126
808 136
448 468
1088 326
414 173
639 288
876 106
686 506
1788 66
1546 414
855 66
1659 398
480 793
870 308
706 576
747 318
812 421
781 556
491 93
1150 236
406 56
835 123
1289 402
406 206
406 106
1500 56
406 106
309 137
446 151
1036 316
785 76
2406 93
761 486
667 536
639 48
1030 56
808 136
406 96
1970 286
868 556
406 106
565 386
343 156
370 86
1570 93
1040 616
370 66
1179 76
429 468
271 93
1570 93
256 146
943 76
367 88
611 257
446 151
338 66
356 286
406 156
1419 66
1806 66
296 703
539 503
1826 449
656 126
406 156
663 187
2073 66
888 66
2277 86
2292 472
549 97
811 486
415 307
953 86
1355 66
406 156
341 93
449 93
695 528
677 68
1135 76
868 126
745 318
496 61
1526 606
539 503
1770 93
990 66
487 86
842 137
268 406
1290 576
2006 93
291 93
501 66
1108 57
306 106
872 86
851 137
686 506
2216 336
149 486
1746 66
778 66
324 218
406 96
651 528
975 86
726 134
325 518
450 66
169 386
896 203
406 166
531 66
540 205
990 66
2348 536
445 173
733 620
2326 556
758 146
798 453
1010 307
420 417
706 576
888 307
1406 66
2206 56
868 93
415 66
1550 420
283 612
860 353
338 66
703 288
2266 56
294 156
2301 66
456 156
750 93
456 121
768 126
726 66
803 170
391 97
891 86
486 486
1143 198
300 1068
356 324
806 161
1210 545
1066 336
256 288
1260 346
750 768
470 106
1764 66
446 151
1665 86
291 278
881 781
1966 206
1340 310
1289 402
321 93
888 336
786 236
422 548
791 66
663 66
474 457
288 246
328 256
324 528
1007 86
2382 576
908 86
501 66
818 126
540 206
345 535
816 123
497 66
853 385
183 743
420 93
316 392
2016 151
516 391
165 553
333 378
329 76
429 307
906 66
437 528
241 66
406 156
1906 66
818 558
948 246
761 486
621 378
2106 306
470 258
570 66
1441 66
420 336
760 156
570 237
383 277
406 136
730 236
870 56
567 93
456 106
398 93
1404 468
651 528
888 126
2402 48
456 106
797 126
291 66
856 356
141 48
2411 58
339 66
781 48
745 66
2003 414
746 586
252 93
2206 576
338 56
1553 465
2176 106
170 567
324 528
913 417
306 198
320 258
421 66
1895 76
506 106
695 93
406 106
845 126
455 226
333 378
420 267
456 156
489 86
248 66
906 468
238 76
309 87
768 126
453 398
919 93
286 136
406 136
441 66
863 56
506 66
291 93
415 307
404 486
758 106
467 106
482 86
406 156
356 176
406 206
383 277
338 66
368 66
291 66
1480 728
1731 56
1670 106
1906 286
1770 1010
770 271
813 360
420 66
520 517
324 528
256 136
404 486
930 86
818 586
170 226
1063 76
426 93
406 146
769 66
1064 46
1556 106
470 287
396 166
306 93
1025 453
252 246
406 156
913 417
436 486
268 76
770 556
606 239
378 66
345 535
320 86
1752 336
1210 545
496 138
446 386
739 285
343 156
2106 93
547 56
146 466
391 97
422 398
778 66
2106 56
295 97
406 126
241 577
1210 546
271 93
587 56
255 383
1340 310
326 66
813 360
1512 66
540 206
750 768
710 76
456 66
680 76
682 66
2326 126
298 66
849 126
406 156
256 288
950 51
448 468
726 66
288 246
542 86
422 398
758 72
835 123
396 91
812 407
306 106
163 417
628 126
858 106
695 93
706 225
356 206
424 136
399 56
818 558
298 66
680 581
471 66
406 156
261 66
860 67
306 179
406 126
1246 406
256 136
290 187
343 156
506 406
839 286
809 86
496 138
669 86
159 567
406 156
491 66
819 356
379 225
990 586
456 106
255 383
680 554
2326 556
341 93
740 770
446 151
913 417
241 66
2259 555
176 506
1646 406
811 486
889 406
695 556
396 91
333 378
870 66
990 558
446 151
696 56
549 97
406 96
2382 556
188 86
818 323
856 356
702 353
813 360
453 398
506 406
745 318
470 126
720 126
406 156
593 417
256 116
1210 545
769 66
1998 86
868 555
870 576
458 406
1126 56
558 97
406 156
562 66
1246 406
746 56
2402 576
1636 366
406 106
1755 360
350 179
906 468
2326 556
440 548
781 556
706 141
390 137
356 116
356 206
620 157
849 66
1006 93
2216 256
668 166
838 176
202 894
730 236
616 66
870 308
1550 93
1289 406
241 66
745 126
445 66
766 93
695 93
370 176
1739 64
180 453
516 584
758 146
386 121
756 556
506 48
2406 93
310 236
1556 586
402 173
849 126
356 116
2216 95
408 106
270 98
530 106
1255 56
444 86
338 146
1582 86
1550 420
621 378
203 397
406 206
516 66
456 106
366 66
570 891
981 66
769 126
1066 336
2423 93
1406 93
370 256
1002 556
1788 356
743 86
587 56
491 93
446 151
406 186
812 421
798 453
329 76
420 306
1506 241
327 96
2005 66
1636 61
835 528
370 255
853 385
2104 705
511 66
1758 76
913 417
298 66
668 166
1030 336
881 467
1206 106
470 530
516 278
570 256
906 93
636 196
870 106
2286 48
1246 406
456 121
1498 356
1036 356
868 556
480 452
990 66
1055 381
252 93
1646 406
565 386
769 555
1506 342
913 417
309 137
269 66
288 66
828 93
370 255
745 318
420 106
319 258
1906 106
511 93
374 126
767 68
420 308
446 386
853 428
491 93
868 555
2436 56
1404 468
281 66
874 123
506 396
1002 93
2406 106
179 176
366 556
1131 306
431 66
1000 556
868 126
868 556
248 66
481 66
86 268
388 72
141 431
271 93
391 97
803 421
470 530
806 93
770 271
480 793
1063 449
783 308
1770 93
422 548
806 236
206 66
470 286
2036 566
456 106
682 581
594 66
306 166
420 278
2241 106
456 146
456 121
770 356
1179 66
888 307
413 156
123 936
1000 126
823 76
406 106
600 93
516 414
876 86
241 66
930 86
708 106
438 406
439 56
549 97
720 308
639 288
420 308
930 61
870 336
770 86
612 257
511 66
338 66
835 93
1615 76
423 310
1770 336
882 86
388 106
1063 449
666 424
271 93
1131 188
1886 66
474 457
2402 576
853 385
393 889
740 106
256 136
456 156
126 427
868 556
446 151
420 308
356 324
378 87
758 66
870 336
1172 517
406 116
456 106
706 576
356 324
1966 206
811 486
1033 93
296 703
341 93
489 86
812 203
876 106
2106 86
706 206
1390 466
804 406
202 894
2070 93
256 136
606 586
808 136
531 66
123 918
406 156
891 390
511 66
547 56
888 307
506 406
447 106
881 467
389 87
421 66
890 126
1802 76
341 93
833 309
1701 246
441 66
956 66
419 528
370 256
770 128
829 528
887 203
306 106
1218 76
251 66
756 556
421 56
396 106
305 56
884 338
565 66
1946 66
359 87
540 206
1611 859
806 93
421 66
818 323
1020 66
796 124
666 420
338 56
417 116
1076 66
283 612
359 87
319 258
1056 246
898 66
344 126
431 66
338 56
356 206
766 93
750 93
743 337
420 306
1752 93
86 352
341 93
271 66
306 198
806 93
893 328
1404 468
456 436
123 66
449 106
740 86
163 417
733 600
356 286
667 536
406 156
328 238
616 126
458 406
185 503
491 93
446 151
531 66
386 121
695 556
803 383
163 417
891 66
1355 386
888 336
2402 56
756 336
421 66
406 156
818 586
163 586
606 86
876 106
306 336
1385 86
770 61
465 156
283 611
338 66
325 136
812 421
530 396
829 556
695 93
370 197
1788 66
1402 86
458 406
356 116
320 258
1570 93
1063 453
1826 449
2402 56
528 56
743 86
2006 93
406 66
2286 48
1290 576
123 918
424 136
600 157
663 478
467 106
1063 449
298 66
170 567
406 86
981 56
868 555
174 545
502 66
422 548
449 106
769 66
781 486
1970 336
612 257
254 76
509 76
606 239
417 116
220 86
456 356
612 257
1210 426
420 278
420 308
872 66
421 66
471 66
429 307
497 66
491 93
439 56
1659 398
1606 426
659 56
447 56
321 66
1550 556
876 106
906 56
406 126
870 548
531 66
126 427
406 156
1659 398
666 86
888 307
267 106
241 66
304 126
740 86
876 106
483 558
178 620
549 97
406 106
386 121
420 330
766 93
682 66
298 66
2210 206
1870 76
406 116
770 126
870 206
646 586
2068 468
2226 556
406 116
1528 86
309 137
1179 76
486 56
818 66
449 93
455 206
2006 93
858 66
708 106
1290 576
818 586
406 106
2382 576
406 156
399 56
406 91
480 452
816 616
663 478
497 66
858 106
528 66
568 66
1966 56
1770 66
706 206
430 421
421 66
333 378
740 770
1376 256
1140 76
1872 106
860 74
791 126
872 86
325 518
783 528
769 56
796 186
306 106
406 56
445 173
891 66
666 424
540 93
370 256
835 93
978 76
392 87
797 66
808 136
406 116
606 239
960 66
2048 336
1450 76
310 236
784 56
366 106
344 126
1370 406
1390 466
420 86
500 126
430 421
771 137
491 93
421 66
1752 336
511 66
881 781
163 417
491 93
448 468
1385 76
1606 426
570 256
271 93
470 106
2236 86
1063 449
343 156
356 324
487 186
455 206
480 56
1606 426
241 66
2064 86
327 96
343 156
252 218
1872 106
756 336
491 93
306 93
2210 206
784 179
2210 206
320 258
600 176
534 61
420 106
306 179
1260 995
396 91
470 286
1419 56
769 86
286 136
491 93
306 336
781 66
422 398
391 66
286 156
491 93
1586 63
424 136
843 187
406 126
406 136
1406 66
438 406
2036 586
781 486
620 570
1063 449
458 66
779 545
1526 606
269 66
776 66
870 106
327 318
497 66
1555 372
835 93
409 286
1370 93
806 286
667 528
2190 406
2103 556
406 126
1210 546
509 76
876 106
1512 66
1906 106
2259 555
486 486
256 136
2066 506
708 106
525 173
348 403
726 134
289 1172
1260 48
1570 93
889 406
344 136
2064 86
320 286
770 128
2426 76
703 288
406 186
769 56
406 116
1836 61
453 398
202 894
393 86
86 316
874 123
255 383
491 93
182 365
532 406
290 206
421 66
406 126
950 51
286 86
784 179
286 156
201 86
203 397
511 66
291 93
880 56
720 308
256 126
620 157
491 93
888 576
1290 93
220 66
1570 93
516 66
406 106
1688 106
888 307
241 66
1010 307
202 894
383 277
348 403
1556 586
500 126
470 106
1550 556
528 56
420 106
1290 576
990 66
438 436
458 406
913 417
570 237
906 93
856 126
1570 406
556 466
1063 449
520 438
123 66
66 802
1506 420
445 548
1755 360
406 146
703 442
696 61
1528 86
501 66
86 489
1970 336
406 156
304 126
960 566
838 176
