1000
1220 2440
438 406
882 86
770 253
420 308
888 336
359 87
639 288
441 360
770 1110
1550 420
178 620
769 486
348 146
421 66
393 889
1289 402
769 126
1550 93
356 286
2104 705
1659 66
2382 556
1188 66
870 93
429 468
330 66
458 66
1755 360
163 417
741 56
430 407
370 255
316 392
356 116
835 123
888 307
320 296
366 486
232 824
319 258
320 303
181 280
2439 66
1506 241
1906 286
291 66
829 93
453 453
384 456
402 173
1210 324
695 528
259 377
404 66
1210 545
252 246
1556 586
813 360
439 366
1289 393
431 66
1289 406
453 398
1788 66
990 586
141 48
1091 66
781 93
1040 616
835 123
319 258
788 328
2382 556
928 123
880 66
2326 556
769 126
2091 56
818 586
366 56
620 157
532 86
291 93
390 137
378 225
430 421
408 136
255 383
1390 466
565 358
720 278
819 356
458 406
884 370
232 406
180 453
1970 286
2190 406
429 307
1179 66
306 179
538 66
1953 86
651 528
783 528
543 435
341 353
695 556
682 581
1565 561
2382 556
113 427
745 346
480 402
296 156
1289 393
2326 556
320 258
319 258
556 466
2190 406
870 308
1555 372
882 86
798 453
256 116
870 308
1733 66
316 66
781 486
1802 76
706 206
2106 56
806 286
775 166
438 406
256 106
788 66
870 308
406 186
294 156
420 336
1659 398
2005 66
319 258
670 238
1606 426
839 286
436 66
818 586
271 93
232 824
529 469
659 48
818 558
1550 93
695 556
750 768
781 486
1390 98
2006 406
2292 472
870 336
1402 86
202 894
448 468
438 436
468 206
1056 246
887 203
1906 286
1398 620
927 256
848 453
797 66
392 87
320 258
1755 360
348 403
750 768
553 433
1036 356
446 126
1088 326
891 548
1595 421
580 56
750 740
720 336
148 535
283 87
480 452
1055 66
320 258
882 86
919 556
2006 93
813 360
888 336
291 278
891 256
282 66
931 93
356 286
2066 506
1966 576
798 453
771 137
2104 705
830 76
1788 66
745 318
2382 556
409 251
761 486
376 60
1063 449
453 398
419 528
300 267
829 528
818 558
1355 66
1506 342
483 558
910 126
341 355
570 891
516 414
870 336
1550 436
902 358
516 584
182 433
663 506
1570 406
1103 465
2259 555
620 570
768 556
347 506
1770 336
1340 256
306 106
1210 426
420 336
306 93
670 575
486 486
948 246
849 126
406 106
1755 430
406 136
1020 56
356 116
621 378
1289 393
378 225
1636 366
1606 66
413 136
420 336
2348 66
508 306
853 385
2068 468
491 66
823 76
770 253
393 889
320 258
948 456
449 556
1836 61
415 307
990 586
606 566
356 206
348 403
409 76
521 93
1338 256
553 433
528 56
781 486
904 406
565 126
809 86
565 358
783 548
452 86
290 187
1506 420
913 417
406 166
779 545
770 241
406 156
421 66
625 353
1336 241
620 570
343 156
806 286
769 555
456 206
2236 86
1210 545
750 768
422 419
2011 556
1215 61
891 86
406 116
422 419
769 555
186 285
324 528
1251 347
409 251
783 528
267 106
1526 606
2382 556
553 489
532 86
829 556
430 421
988 106
456 336
2216 336
818 586
1007 106
1076 256
455 528
417 116
1770 1010
420 336
667 536
798 449
539 503
406 206
1752 93
818 323
420 267
1391 66
506 406
612 257
321 93
1290 576
2070 126
324 218
1210 324
486 486
2326 556
330 436
1556 586
320 258
1131 306
2326 556
2068 468
816 183
1056 246
497 66
252 93
158 468
1808 346
888 336
1246 406
356 66
779 66
298 66
386 66
420 308
565 358
1966 206
2402 576
2326 126
1570 406
856 126
516 414
163 417
756 556
970 106
888 336
370 256
439 66
406 545
428 96
1716 216
1290 93
486 486
222 433
282 66
436 458
1236 306
733 600
2116 56
2326 556
291 278
1895 76
818 558
695 56
856 356
746 88
663 478
1002 93
384 456
1966 576
588 256
448 468
316 392
606 586
553 433
816 406
386 121
319 258
1606 426
366 556
1290 93
1251 61
1020 66
750 730
1498 356
320 258
328 238
612 257
470 106
256 146
860 56
1598 246
458 406
520 517
818 558
291 278
348 403
241 575
516 414
182 403
506 406
291 278
806 286
778 486
370 329
319 258
369 332
818 586
520 517
271 93
919 528
1179 76
347 66
2402 56
696 56
440 548
750 768
453 398
1973 489
938 386
540 205
429 307
1404 468
565 358
808 136
1406 66
480 452
818 66
481 93
183 743
1210 545
783 548
283 611
497 66
893 356
232 824
870 548
406 326
444 137
829 528
786 88
491 93
695 556
413 93
497 66
1970 336
829 93
1172 517
298 66
651 528
667 556
420 336
733 620
2439 93
453 363
185 503
1506 420
606 566
891 390
1565 561
420 336
870 106
888 336
324 528
536 56
1071 285
486 486
1970 336
433 156
1246 406
789 137
745 126
889 406
745 318
420 278
768 555
906 66
1966 576
2368 468
720 335
309 87
829 556
768 555
383 277
2316 56
420 306
720 308
768 126
2068 468
1210 545
720 308
934 198
2093 556
1570 406
806 286
745 66
888 336
750 768
1025 453
2003 414
417 116
1534 48
829 528
890 781
870 336
880 66
1191 216
553 489
420 278
500 66
1556 586
1288 126
1826 449
123 66
888 307
497 66
695 556
667 528
422 398
1595 421
798 453
2292 427
779 545
370 237
769 555
919 93
480 402
420 308
1755 360
1598 246
1007 86
870 336
449 106
676 82
1555 372
396 91
788 88
556 66
906 93
1290 576
2016 151
835 556
2406 581
2382 576
406 356
429 307
438 406
420 66
1260 48
441 66
392 87
910 66
570 256
406 206
256 136
378 225
486 486
383 277
756 556
666 424
1170 66
1210 546
320 258
1556 586
960 566
1066 336
2091 66
1104 576
1659 398
1236 306
1546 414
420 66
2382 556
291 278
913 417
898 66
221 389
438 406
339 146
1055 126
448 468
1030 336
470 106
1020 278
558 97
333 378
422 548
696 88
960 126
480 402
418 66
1098 365
306 126
663 506
491 93
657 146
1970 286
1063 453
783 308
2266 66
1970 156
888 548
2048 336
486 66
370 66
740 770
221 389
458 406
66 578
469 106
1966 576
359 87
283 611
716 126
1218 76
990 586
324 218
1906 286
453 453
406 156
421 66
880 126
306 336
375 527
411 528
486 486
470 258
1770 336
880 56
1188 66
2036 566
1071 285
703 288
445 548
348 403
409 251
666 341
2026 56
829 528
456 436
573 326
480 452
441 358
420 336
383 277
1546 414
558 97
710 76
406 206
348 403
888 548
960 66
1870 86
745 346
438 406
469 106
506 61
666 556
769 486
1188 66
2070 556
835 556
663 506
356 556
1659 398
870 336
768 93
828 66
420 106
320 296
391 97
420 278
456 336
2126 546
341 530
780 197
474 538
364 68
703 442
406 126
1289 402
1210 406
146 466
769 265
2382 556
1550 420
770 296
420 66
300 267
1438 625
1336 241
818 558
1355 386
2382 556
306 198
291 278
422 419
868 556
420 286
798 453
520 517
570 237
2406 66
657 146
656 256
402 173
319 258
556 546
1110 236
829 93
436 66
406 156
306 106
839 76
588 256
1555 372
1973 489
931 306
1210 545
2226 556
471 93
1376 256
770 241
829 528
1290 576
596 187
770 241
457 106
222 433
2012 151
621 378
186 285
1788 48
682 581
670 575
304 126
1550 93
436 66
2382 556
957 428
556 546
320 258
553 165
296 703
1550 556
784 179
474 457
174 545
565 386
344 76
547 56
256 288
818 558
1418 96
2093 206
960 566
781 536
348 403
1881 56
252 218
420 278
1068 286
1088 326
540 206
424 136
910 576
764 126
492 558
726 66
816 616
593 417
893 328
437 528
750 740
429 307
426 93
491 93
1506 241
1565 561
2070 556
391 66
830 56
860 74
803 383
565 358
785 76
1260 86
1636 366
1534 66
477 126
588 256
341 93
1326 66
808 136
902 385
1055 381
696 88
869 86
835 556
140 537
458 406
812 86
348 403
808 136
356 176
252 246
330 66
889 406
480 402
422 548
823 183
1030 336
781 556
470 530
491 93
781 66
445 173
516 414
388 72
367 206
348 403
1007 106
420 306
496 61
406 156
350 179
1076 66
224 429
565 386
553 489
2116 61
553 433
2216 336
2226 556
884 370
310 236
720 308
370 255
206 870
2190 406
1636 366
1210 546
2151 46
1506 241
429 307
902 358
1970 336
809 86
556 546
868 556
682 581
341 530
486 56
770 241
406 106
1659 398
874 123
808 136
516 584
483 558
320 296
1586 63
781 486
221 389
695 528
600 176
1606 506
388 66
123 66
2382 556
406 156
291 278
453 363
680 66
1390 466
417 116
890 537
406 156
1770 1010
1056 246
452 1206
255 383
739 217
570 256
651 528
458 406
770 216
366 56
356 116
316 66
600 176
319 258
611 257
786 236
420 308
487 186
783 308
1755 360
818 558
768 555
346 535
356 558
343 156
769 486
406 106
1236 306
470 286
370 255
399 56
123 918
406 156
612 257
695 556
356 93
530 158
682 554
2006 406
781 48
960 566
781 486
348 403
750 138
170 196
927 556
2286 48
320 76
783 308
1616 106
420 308
1565 561
1550 436
700 318
1506 241
913 417
393 126
456 336
453 398
489 98
348 403
446 386
1206 93
429 307
356 286
468 206
319 258
446 151
729 86
1040 616
480 452
406 106
853 385
1601 381
528 66
1167 76
319 258
281 66
1338 328
508 306
1063 449
420 66
