2500
1220 2440
489 86
320 258
781 48
868 93
406 136
910 126
1170 88
620 157
414 173
2003 414
682 76
835 93
501 66
758 106
721 66
325 136
377 56
417 116
402 889
491 93
491 93
251 93
1255 156
785 76
888 336
420 86
392 87
888 66
1870 76
487 86
370 255
406 56
629 148
766 66
1498 356
536 56
565 93
870 336
181 280
809 86
1606 56
339 66
406 106
456 156
769 66
391 97
266 106
2012 151
392 87
406 186
1550 436
812 421
876 106
2056 93
406 146
870 126
558 97
766 66
1271 176
778 56
308 106
406 56
395 93
406 56
391 97
848 453
1210 126
347 506
1906 106
178 620
710 66
491 93
241 66
306 198
558 97
421 66
1598 246
406 126
1030 56
305 56
321 66
860 74
651 528
746 56
497 66
696 88
458 66
2196 66
781 486
297 56
491 93
528 66
406 106
390 137
406 156
406 116
1546 86
486 66
1770 66
471 66
491 93
467 163
1826 66
781 93
960 566
458 66
720 336
388 72
1040 616
174 76
1752 336
437 86
1612 93
506 176
86 489
636 196
1406 66
388 66
939 86
186 285
481 66
486 66
470 287
891 66
1550 436
600 157
882 93
370 66
430 421
306 179
306 146
2316 56
783 308
350 179
1450 76
270 106
231 76
406 106
906 56
497 66
523 187
420 66
651 528
1002 93
2106 106
491 93
406 126
558 97
620 176
600 157
666 176
203 397
310 236
497 66
703 446
1448 66
291 278
348 146
910 576
393 126
534 61
456 146
1000 126
721 66
406 56
839 251
706 576
183 743
521 93
2382 556
283 87
870 106
206 56
2406 93
1836 56
549 97
600 93
960 126
188 86
1006 93
1426 64
391 66
783 68
959 66
406 136
2028 66
271 93
199 356
768 93
445 66
406 106
480 402
446 151
870 66
771 137
406 146
538 66
420 93
321 66
1251 61
2060 66
948 66
2056 93
620 93
398 93
370 66
348 403
808 136
706 56
158 468
406 136
406 96
737 66
417 116
913 417
857 86
406 56
286 156
371 508
406 186
1770 66
286 56
870 308
620 93
600 157
511 66
2316 56
813 360
420 106
611 257
2103 556
1255 74
1770 66
2226 556
356 176
141 431
511 66
185 503
2026 56
66 506
470 126
1290 576
283 611
1910 66
770 61
408 136
1382 66
941 56
620 176
86 288
308 106
758 146
458 66
594 106
406 56
696 176
884 66
66 578
891 66
872 61
408 136
386 121
1648 93
1410 126
185 503
677 68
2060 93
842 86
2439 93
812 421
1866 61
406 116
1486 56
2326 556
1210 93
1030 76
893 66
2241 61
768 93
830 76
306 198
1314 93
386 106
1728 66
948 126
919 93
482 86
256 116
406 156
910 126
519 56
789 66
496 135
849 66
371 126
1289 406
667 536
283 87
2068 468
406 126
769 126
519 56
421 66
348 146
406 86
695 93
338 66
1066 336
2316 56
406 156
728 436
526 66
86 489
1659 66
1406 66
780 197
853 428
1606 66
320 126
1966 206
511 66
706 576
1701 246
378 87
2005 66
621 378
348 403
1670 106
202 894
516 137
320 258
238 76
2402 93
919 126
1966 206
620 157
420 306
248 66
241 93
186 285
745 318
797 66
325 136
650 894
868 126
481 93
406 156
471 93
446 151
1188 66
805 56
1550 93
741 56
491 93
516 391
1066 336
758 72
839 86
887 203
872 86
774 179
646 66
491 93
606 66
289 1172
491 93
1340 310
424 136
341 93
370 66
1246 406
304 126
2121 61
406 106
406 126
370 66
406 56
417 116
970 106
283 87
131 1163
1556 66
1048 106
396 166
482 86
863 56
1908 86
2176 106
430 421
1570 406
2382 576
646 86
306 93
471 66
802 366
1048 86
511 66
858 86
348 403
456 106
726 134
849 66
501 66
1048 86
573 326
96 106
378 87
843 187
620 93
891 66
682 76
778 66
870 126
833 307
621 378
768 93
269 66
558 97
528 56
491 93
476 126
298 66
486 56
1406 66
511 66
447 56
406 106
420 336
486 56
400 86
491 93
778 56
803 421
348 403
422 419
56 566
370 356
839 86
2402 576
406 156
1350 76
758 72
764 126
781 486
1940 538
417 116
1731 66
810 66
556 546
1391 106
406 136
421 66
2402 93
491 93
406 116
406 156
491 93
869 86
1895 76
348 403
241 66
406 156
2423 93
481 93
281 66
220 86
580 56
1973 489
470 258
887 203
770 93
516 66
406 156
824 66
261 66
682 66
459 428
453 398
371 66
2316 56
206 317
682 66
420 66
406 106
406 106
1260 66
532 86
585 156
422 398
1593 106
111 395
1006 86
325 136
486 56
248 66
1048 66
168 346
784 179
889 406
309 137
406 126
356 106
141 431
309 237
981 56
388 66
344 126
2292 472
809 106
406 66
256 136
1970 156
309 137
1906 286
509 76
506 48
721 356
170 567
456 121
447 106
855 126
417 116
2208 66
620 93
849 126
530 106
366 556
456 156
470 138
486 486
491 93
646 86
941 56
1656 66
406 166
1419 56
439 56
491 66
426 93
1270 66
1236 306
363 172
436 486
491 93
600 157
337 126
406 156
438 436
406 126
600 176
306 336
1170 126
855 126
325 136
729 86
181 280
356 116
816 183
528 86
948 126
370 66
1508 56
421 66
456 106
1770 66
446 151
768 93
511 66
413 156
2016 151
492 558
486 486
403 163
456 121
823 76
2326 556
178 620
108 427
781 66
502 66
370 66
471 66
356 66
846 66
511 66
1055 126
530 61
960 66
913 417
2206 56
2370 106
1131 188
710 196
798 449
419 86
960 66
1210 126
1170 66
1636 116
368 86
393 889
868 556
669 86
178 115
486 56
406 156
1973 489
2003 414
960 66
506 66
1659 66
491 93
406 106
1314 93
348 403
511 66
396 106
430 421
920 86
406 96
390 137
1836 56
421 66
172 469
1206 106
870 106
849 66
333 126
835 93
1421 106
1752 93
531 66
756 336
421 66
501 66
944 61
2361 46
990 126
855 66
870 66
768 93
406 156
1666 46
677 68
1870 76
491 93
2021 66
406 86
456 156
812 421
990 66
430 407
880 66
404 66
1406 93
676 106
386 121
758 72
356 66
978 76
1170 88
769 66
1290 93
309 137
1770 93
1418 66
202 894
855 126
390 86
406 545
429 468
785 76
870 106
2126 546
325 136
238 76
703 442
760 74
396 166
259 377
321 66
768 556
1000 93
310 236
421 66
346 535
231 76
404 66
746 556
366 56
558 97
842 137
651 528
439 56
406 96
1870 76
389 87
392 183
788 66
302 126
1570 93
758 138
322 97
1995 106
1870 76
406 106
874 123
1390 98
990 126
183 397
174 307
392 87
600 93
406 156
626 126
1387 66
858 86
283 87
178 620
182 419
1076 66
851 137
419 528
332 68
2086 66
1786 56
374 126
785 76
56 506
371 66
1000 126
1251 61
1289 393
406 86
396 106
489 98
416 186
1586 56
2241 106
456 66
1210 93
338 66
587 56
600 176
1215 61
306 146
409 76
796 106
855 126
439 56
892 123
1236 306
783 548
975 86
874 123
2321 152
596 187
777 203
1006 93
433 156
1040 616
718 399
851 137
856 126
538 66
388 106
620 93
981 56
777 203
768 93
486 56
370 66
809 86
2286 48
470 106
1290 93
656 256
406 106
906 66
1270 66
606 586
486 56
763 76
798 449
1586 56
1546 86
339 146
680 66
868 93
389 87
849 126
990 66
368 66
447 106
399 56
467 106
791 126
86 268
356 93
163 417
448 468
406 183
406 156
2206 56
406 106
2064 86
593 417
2382 556
781 486
646 66
491 93
845 126
756 556
446 151
1289 406
491 93
256 116
835 56
406 136
696 176
424 136
1870 86
1615 76
868 556
2406 86
957 66
186 285
356 176
1391 106
406 126
2005 66
853 76
341 93
710 93
396 106
445 66
363 172
2106 106
324 528
710 93
393 86
163 417
2176 106
354 121
356 116
420 106
480 86
1416 176
150 56
151 56
516 66
1666 46
1355 66
402 889
446 126
1406 66
950 51
768 126
620 157
1701 246
396 106
341 93
309 137
1556 93
758 106
829 93
390 137
970 126
448 468
180 453
726 96
288 66
304 126
891 126
271 93
378 225
1895 106
682 76
1755 360
860 67
406 156
321 93
470 106
470 106
1179 76
808 136
745 318
376 97
388 72
406 86
812 203
108 427
406 86
356 176
421 66
406 86
320 296
271 93
556 60
2048 336
2402 93
1002 93
491 93
341 93
876 66
297 56
778 66
178 620
1030 76
415 309
812 56
1210 324
406 186
286 136
506 66
456 66
681 106
174 307
1582 86
630 93
1140 76
491 93
1258 106
1606 66
2116 56
320 56
306 146
447 106
1739 64
620 157
769 486
421 66
206 66
655 184
540 205
470 126
325 518
2288 48
2286 48
663 187
774 86
670 575
511 93
1570 93
467 106
842 137
1241 131
663 506
429 307
856 356
406 156
888 126
491 93
186 285
480 86
920 86
406 166
728 845
2326 66
908 61
406 56
750 138
220 93
420 106
696 88
343 156
470 66
406 156
320 316
420 106
1870 86
341 530
496 61
406 156
761 93
256 146
392 183
620 93
356 286
666 86
808 136
449 126
1380 66
927 256
288 66
1131 188
1390 98
830 86
829 93
882 86
960 66
446 151
745 346
446 151
268 56
706 576
1063 449
981 66
409 76
531 66
185 503
502 66
330 166
556 66
808 136
343 156
2326 126
348 403
407 93
830 76
1155 156
421 66
482 86
356 116
695 56
1172 517
406 126
2266 66
856 356
388 66
433 156
1402 86
446 151
646 66
1570 406
703 442
1802 76
220 86
456 121
181 280
540 206
1406 66
620 93
960 566
356 116
895 86
306 179
540 205
805 56
341 93
568 56
391 97
368 86
835 123
1946 66
756 56
406 126
696 56
811 66
491 93
446 151
898 66
486 56
1070 61
849 126
990 558
486 56
620 157
708 106
466 126
1570 93
370 197
810 478
1065 353
491 93
406 156
768 556
532 158
952 746
813 360
388 72
426 93
261 66
928 123
506 176
2093 556
406 136
1718 625
1953 86
1246 406
808 136
375 527
860 74
338 66
1056 61
806 56
659 56
620 106
829 93
1546 414
783 548
1290 576
1290 576
758 146
646 66
450 56
1131 286
1106 61
593 417
971 126
1788 66
2288 48
880 66
291 66
406 156
1565 561
409 86
380 76
291 66
343 156
347 66
706 141
778 66
491 93
818 126
778 66
444 137
388 72
719 172
56 218
839 251
180 453
338 146
324 56
460 126
158 285
1895 76
407 93
896 203
356 176
663 66
320 258
2106 56
745 66
2070 126
429 307
1210 93
638 93
1377 116
853 385
178 620
808 136
290 187
1251 347
2036 586
1806 66
406 91
406 86
870 126
870 86
1701 86
606 56
891 86
2070 126
487 186
534 61
1355 386
256 136
1033 93
185 503
829 556
528 56
1900 98
1010 307
1950 46
1636 366
1326 66
346 535
540 206
868 93
2044 106
374 126
960 566
745 126
856 156
666 171
1665 86
2371 66
796 95
1218 76
817 93
796 124
491 93
316 66
526 66
523 187
492 558
290 206
853 385
1659 398
540 205
220 86
406 106
383 277
497 66
1002 93
1606 66
421 66
565 358
538 66
868 93
1370 66
491 93
666 420
870 86
771 137
811 486
388 76
688 56
251 66
2005 66
682 581
2216 95
768 93
406 156
891 256
516 414
339 146
252 93
468 66
420 66
523 133
1906 66
769 66
2406 106
165 553
1701 86
766 93
745 318
183 743
746 86
1526 606
271 93
797 216
413 106
397 87
600 157
677 68
540 206
486 56
186 285
406 91
491 93
1788 48
2174 66
781 93
155 463
449 106
179 176
1155 156
2382 556
746 56
406 156
736 107
506 176
148 535
406 136
467 106
891 126
391 97
444 137
1260 86
444 86
1506 106
419 528
2170 142
745 346
106 106
887 203
367 106
990 56
419 86
241 66
732 137
441 66
337 106
1326 66
636 196
656 93
1770 66
1806 66
836 66
1788 48
540 205
906 93
406 106
251 66
420 86
421 66
241 66
422 126
256 136
486 56
309 137
178 620
409 86
2106 56
853 76
1570 93
356 93
681 106
396 106
756 66
891 86
396 106
271 93
1430 56
769 56
1820 93
668 166
330 66
491 93
1900 98
876 86
1188 66
86 316
406 56
906 93
808 136
329 76
388 72
491 93
148 535
870 126
497 66
496 138
491 93
845 126
796 186
718 196
438 436
788 106
366 56
415 66
826 66
1289 393
1550 93
1570 93
406 156
456 106
910 126
338 146
499 56
811 56
808 136
247 93
870 66
391 97
802 93
741 86
1063 453
953 86
406 126
456 106
1870 86
359 87
656 196
406 106
1266 81
283 87
356 116
330 66
611 257
990 66
271 93
497 66
330 66
449 528
406 56
797 328
1266 66
2326 66
324 528
356 131
1306 66
155 463
343 156
306 106
436 66
321 66
406 56
456 156
1419 456
359 87
891 86
538 66
568 66
256 136
1006 126
369 66
491 93
406 106
182 397
870 126
906 56
1007 106
471 66
1658 86
981 66
366 66
2288 66
530 158
2326 93
248 66
161 449
540 93
491 93
990 66
321 66
540 205
567 93
182 397
2044 106
392 87
146 466
420 308
1870 76
805 56
1135 76
356 176
406 126
424 136
1020 66
148 739
1733 66
948 456
429 307
934 86
934 76
771 137
1863 56
456 146
465 156
502 66
269 66
437 528
511 66
565 126
1701 86
1506 106
356 116
1091 66
856 126
346 126
870 86
491 93
406 56
356 116
206 66
1721 56
456 436
840 66
957 66
320 76
391 97
181 280
388 106
1752 93
206 408
1770 66
158 305
511 93
421 66
1713 116
449 106
756 66
781 93
745 346
2286 48
367 106
2301 186
471 66
810 428
256 93
910 66
413 106
798 453
789 137
1406 56
406 86
797 66
356 106
860 67
403 163
621 378
496 86
283 611
523 133
404 56
565 358
921 86
1066 336
745 66
808 136
818 66
2156 61
1070 106
767 137
406 116
750 126
406 156
838 176
809 86
695 56
823 76
835 95
406 86
491 93
970 567
486 56
784 179
1006 86
449 126
1871 66
948 246
388 106
1606 66
663 156
536 66
108 427
747 328
338 146
580 56
420 66
784 56
880 126
421 66
2266 66
743 86
356 116
491 93
1556 106
2070 93
421 66
321 66
806 61
406 156
2156 61
456 121
238 76
1806 66
406 116
486 486
1906 66
797 188
1406 93
330 166
2091 56
356 236
739 285
906 66
347 86
785 126
620 157
453 398
458 66
310 236
2382 556
1416 106
990 66
471 66
1966 576
620 157
851 137
491 93
523 133
467 106
429 307
486 66
761 106
845 126
870 126
1998 86
397 87
256 136
892 123
86 268
489 98
937 158
406 136
806 236
291 66
343 156
1931 66
406 106
256 179
491 93
2106 106
620 157
456 121
570 86
1872 61
817 93
811 66
750 148
710 196
1380 66
321 66
1615 76
1406 66
528 66
2206 56
241 66
1570 93
327 96
388 76
356 176
806 93
558 97
2026 56
1000 93
1508 56
458 66
521 93
446 151
978 76
445 66
406 66
306 93
386 121
406 156
797 188
838 176
943 76
309 97
906 66
163 417
344 126
1752 126
338 66
181 436
491 93
291 66
482 86
1755 360
870 106
970 66
1255 156
888 66
406 156
406 86
1416 176
710 196
491 93
256 136
818 586
806 93
540 93
703 446
455 528
655 66
387 131
516 391
516 391
342 166
501 46
306 146
568 56
446 151
538 66
499 56
868 93
405 162
769 126
680 76
356 66
386 121
937 66
420 106
853 385
491 93
338 66
183 397
904 406
808 136
359 87
990 66
316 392
565 386
406 156
1598 246
849 126
855 126
248 66
910 66
446 151
769 86
888 307
978 76
786 56
1820 66
568 66
1356 86
888 336
783 179
872 61
402 126
392 183
745 126
406 166
406 106
1056 106
420 93
406 91
421 66
668 166
776 76
1289 393
1826 449
556 60
2288 66
406 106
343 156
320 56
429 468
746 56
338 146
329 76
620 93
491 66
2066 506
252 218
158 468
663 66
141 431
646 86
1406 56
405 162
406 136
565 66
406 156
818 66
413 156
600 157
501 66
888 126
770 56
406 156
392 87
710 196
696 56
86 316
771 137
409 76
516 137
1900 98
620 157
491 93
781 48
700 136
2272 86
2286 48
635 126
659 48
791 66
1981 106
422 419
1380 106
406 146
785 76
306 93
1646 406
534 61
486 56
261 66
620 176
252 218
1289 406
888 76
356 206
835 93
448 468
202 894
1218 76
1770 1010
2006 93
348 403
646 86
1006 86
359 217
456 106
1066 336
256 116
476 126
420 66
328 256
185 503
202 894
768 126
789 137
406 56
798 449
206 56
789 137
467 106
781 93
2402 93
960 66
422 419
241 66
779 66
1556 66
1030 56
2404 906
769 126
1108 57
377 56
155 463
388 66
696 66
1881 56
202 894
870 86
391 66
491 93
1063 449
406 156
396 166
491 93
1470 136
1380 66
1606 106
898 106
511 66
2226 106
155 463
870 56
2070 93
657 146
948 126
390 86
370 86
397 87
2316 56
937 287
248 66
870 126
1000 93
656 256
341 93
1598 246
568 56
470 76
990 66
320 258
838 176
1895 76
606 566
1550 93
1210 426
568 66
1752 93
406 56
1063 453
1266 66
456 66
321 66
2005 66
506 176
1566 66
470 106
406 146
406 126
990 586
2161 56
570 106
333 68
457 106
406 156
2070 93
256 136
500 66
1289 393
406 186
740 86
1526 56
320 258
620 93
1448 66
2226 556
839 76
341 93
396 91
406 136
491 93
2216 66
296 156
540 205
870 336
726 56
830 56
388 86
500 66
458 66
517 93
486 486
791 66
913 417
870 106
1565 123
600 157
421 66
369 204
898 66
186 285
2006 93
391 66
1188 66
232 824
816 183
306 126
343 156
406 146
486 56
497 66
1441 66
774 86
306 179
406 126
616 86
497 66
906 356
221 389
1956 191
406 156
600 157
201 86
959 66
252 218
1064 46
298 66
640 87
491 93
611 257
706 86
1398 600
549 97
1326 66
446 151
906 76
406 206
2210 206
391 66
106 106
506 66
629 148
291 278
1241 131
291 66
888 336
172 389
428 96
321 66
771 137
511 66
181 436
256 136
420 336
2101 66
750 93
870 126
406 116
174 545
406 186
199 356
252 93
445 173
163 353
910 576
1008 46
1056 86
390 137
318 106
2402 56
406 106
256 106
306 126
2316 56
855 126
497 66
406 183
1260 48
1670 106
593 417
468 66
2070 93
2131 66
182 338
341 93
890 66
252 246
1140 76
1826 66
386 66
476 126
391 66
788 88
441 66
366 66
406 66
842 137
370 66
764 126
321 66
2070 93
1326 66
256 179
406 106
286 56
450 66
413 136
393 126
843 187
344 126
96 276
406 96
491 93
409 76
1290 93
1380 66
406 126
86 268
784 179
842 137
406 126
256 126
756 61
202 894
538 56
812 86
491 93
406 156
1770 93
620 176
440 548
538 66
449 528
771 162
767 68
458 406
363 172
343 156
406 116
1416 176
530 158
1570 93
906 93
708 106
2106 86
774 179
113 928
288 66
895 86
321 66
271 93
1002 556
391 76
870 66
420 66
506 106
441 66
783 179
181 280
294 156
966 106
565 66
1758 66
858 76
487 186
2091 56
868 93
2326 93
325 136
406 116
406 156
938 106
288 246
538 66
540 206
970 567
343 156
480 452
106 338
678 66
588 256
366 66
148 739
646 86
600 157
482 86
616 66
741 61
769 486
876 86
406 106
1556 386
406 106
320 258
1998 86
419 528
528 66
1403 66
1266 81
511 66
396 91
818 66
745 66
367 88
732 137
406 146
881 356
786 56
870 126
690 86
774 179
1146 66
1758 76
256 136
1406 66
446 126
990 66
406 156
835 123
320 86
369 323
1616 106
333 126
248 86
182 397
531 66
359 87
406 146
1770 93
889 406
769 555
406 93
937 66
758 146
456 146
1356 116
2106 56
532 86
106 106
256 136
251 66
456 146
2286 48
678 66
824 106
824 66
870 126
386 66
606 66
1656 56
860 56
1701 86
241 66
778 56
781 508
291 93
570 891
703 288
455 86
356 116
659 56
695 56
770 93
347 66
1179 76
888 126
489 98
1806 66
2070 93
540 93
421 66
825 86
491 93
1306 64
325 136
868 93
1088 326
266 106
2066 506
316 392
306 106
811 66
306 146
449 106
696 176
306 146
2156 61
806 61
420 126
181 436
406 126
406 116
231 76
174 307
1104 576
538 56
1550 93
406 156
489 98
1566 66
1820 93
1570 93
1506 420
291 66
1658 86
1403 66
396 106
868 126
280 93
306 179
1881 56
808 136
839 76
978 76
990 66
2292 427
339 68
329 76
781 66
959 66
797 126
387 131
839 286
1788 48
799 76
403 66
1752 126
1586 63
356 337
371 126
808 136
406 156
1788 66
406 86
391 97
733 620
720 126
356 93
471 93
406 156
2286 48
491 93
391 66
1050 761
491 93
835 123
536 66
789 137
496 61
491 66
489 86
458 66
1246 406
558 97
203 397
256 136
2046 56
448 468
521 66
341 93
934 198
1000 93
406 136
1140 76
881 356
1615 76
1836 61
1966 56
220 86
370 255
329 136
327 318
174 76
458 66
406 91
625 377
206 66
420 66
808 136
1550 93
2121 88
516 66
406 146
784 179
388 66
519 56
753 354
279 68
302 126
2091 66
908 86
808 136
439 56
286 156
406 156
339 146
521 93
616 66
491 93
501 93
406 106
378 87
1391 66
320 316
788 106
465 156
142 328
528 86
870 106
267 106
422 126
165 553
806 93
406 116
343 156
338 76
399 56
2346 66
670 575
406 156
620 93
429 307
281 66
761 66
896 203
756 66
356 116
880 66
391 97
920 86
791 66
906 286
808 136
706 56
406 126
799 76
2070 126
256 126
1520 76
870 106
1726 66
639 56
446 151
818 323
395 93
2272 91
1556 66
1135 76
261 66
1020 66
1500 56
1070 61
788 66
1416 176
593 417
620 157
868 93
2402 56
123 936
1155 156
851 137
920 76
271 56
96 106
1895 106
321 93
888 307
326 66
809 86
2402 56
338 66
789 137
343 156
2406 93
1556 586
319 258
491 93
806 93
1030 56
769 56
1419 56
420 86
391 97
202 894
469 106
870 206
808 136
356 116
981 66
486 66
1534 66
1498 356
858 106
1289 402
486 56
444 137
2406 106
491 93
290 187
429 307
616 126
781 508
406 186
406 106
859 126
842 137
826 66
870 66
252 218
818 558
532 158
359 87
421 66
941 66
888 66
611 257
600 93
422 419
406 156
835 123
182 487
406 166
531 66
406 186
421 66
388 72
746 556
356 106
761 106
750 740
306 146
960 66
140 537
441 358
770 93
880 126
919 126
406 146
737 126
1076 256
491 93
309 87
770 217
356 106
1210 546
319 294
406 156
344 136
2070 93
2402 576
565 93
388 76
406 136
818 66
408 106
343 156
491 93
906 66
1606 56
788 66
939 86
806 93
511 66
2326 126
409 286
986 66
405 162
811 66
306 179
1150 236
876 106
1881 56
538 66
1063 76
2026 56
1260 86
521 93
241 66
570 256
2288 48
501 66
359 87
199 356
898 66
306 93
745 93
359 87
190 453
286 136
842 137
666 124
808 136
369 204
366 66
1946 66
606 56
