2500
1220 2440
758 146
392 87
1391 66
760 74
842 86
2326 66
501 66
286 156
1506 420
180 453
1391 106
165 553
1270 66
720 308
338 66
370 106
785 76
406 126
406 156
470 106
908 61
893 66
839 76
491 93
2382 556
393 86
339 146
320 107
474 61
486 56
2426 76
422 548
193 66
470 106
2402 576
1752 93
406 156
506 66
256 116
1406 66
446 151
717 66
786 56
805 56
491 93
170 226
271 93
406 156
406 156
150 56
1289 406
406 146
406 156
696 176
666 124
404 486
508 86
870 106
549 97
797 188
1210 93
596 187
449 126
183 743
1063 76
1870 76
1688 106
529 469
743 86
620 106
406 146
796 56
1376 256
402 173
439 56
791 126
906 93
406 91
1970 336
449 106
409 86
677 68
791 126
2026 56
746 56
558 97
829 528
491 93
534 61
781 66
511 93
149 486
406 186
798 449
1131 188
1419 66
206 66
406 156
1385 76
441 358
516 66
148 535
486 56
1534 48
2326 93
391 66
106 106
971 126
469 106
1788 66
690 76
123 66
406 156
681 106
404 66
567 93
1506 106
771 137
456 146
406 156
396 166
406 106
186 285
181 280
421 66
491 66
593 417
123 918
1608 106
990 66
406 156
420 86
1241 131
141 48
506 66
172 469
1872 61
732 137
758 146
663 126
449 93
981 66
391 66
219 86
232 406
356 66
320 126
1534 66
455 206
406 116
321 93
321 66
768 93
528 86
668 166
370 356
570 237
181 280
1419 56
553 433
356 176
838 176
402 173
829 93
486 56
678 66
835 93
506 396
420 278
816 216
635 126
481 93
290 206
491 93
491 93
1441 66
441 66
808 136
726 134
639 288
1000 93
741 91
406 106
497 66
408 136
530 158
666 146
2012 86
482 86
1170 66
549 97
1556 586
540 205
182 433
456 156
596 187
366 56
370 66
256 136
406 186
251 66
769 126
406 86
1970 286
338 146
2162 106
2103 556
406 56
393 126
456 121
708 106
471 93
491 93
271 93
690 76
491 66
1962 61
781 93
2406 93
2226 106
1570 406
366 458
1370 93
356 116
959 66
1406 93
202 894
420 93
268 406
740 106
856 126
371 66
808 136
594 66
799 76
2121 88
768 93
1002 93
460 126
338 66
682 76
1963 66
2326 126
872 61
1770 93
950 106
808 136
350 179
509 76
516 391
471 66
770 66
298 66
756 336
639 56
406 106
600 93
480 793
703 442
470 66
823 76
497 66
830 56
606 56
809 61
1406 66
316 66
206 66
343 156
565 93
206 56
706 86
523 133
182 365
1406 66
396 106
771 137
1002 93
486 56
1818 86
816 183
677 68
1906 286
1002 93
809 106
470 286
547 56
406 56
1836 61
824 106
1659 66
809 86
456 121
1170 66
746 556
2016 151
729 86
836 66
1355 66
406 116
1820 93
796 106
758 138
718 66
429 307
256 136
182 403
170 567
252 218
461 86
556 546
456 121
420 566
406 146
252 93
808 187
843 187
948 66
220 86
761 106
1448 66
1326 66
870 106
1752 93
663 156
1870 76
356 93
891 86
2026 66
202 894
490 66
2070 93
396 106
1586 56
420 66
343 156
354 121
356 116
778 66
2006 93
316 66
1179 66
392 87
356 116
188 86
491 93
420 106
148 534
320 126
1260 86
421 66
306 179
406 156
491 93
682 76
406 156
338 56
1870 76
1266 66
445 66
706 56
486 486
870 106
1410 126
870 126
489 98
888 66
1570 93
2396 56
180 453
783 179
421 66
570 106
960 126
740 86
356 558
547 56
406 156
1251 61
388 76
1002 93
1866 61
1570 93
1402 86
766 93
255 383
326 66
769 126
309 87
413 156
906 93
470 76
785 76
470 106
420 106
538 66
818 586
421 66
806 286
506 48
446 151
455 206
288 66
470 286
417 116
406 96
306 336
1550 420
367 106
397 225
406 156
489 86
420 66
447 56
565 66
1030 336
1615 76
406 86
406 86
1406 93
406 106
344 76
291 278
1251 347
306 146
268 86
356 286
142 328
356 558
663 506
486 56
784 179
256 179
890 66
540 206
890 106
304 126
868 93
1385 76
853 76
758 106
491 93
141 431
366 66
1255 56
716 106
470 66
1303 106
406 106
2326 126
788 66
491 93
2060 93
819 66
561 141
441 66
288 66
370 66
402 173
2124 86
456 106
501 93
1056 106
480 402
835 93
1029 76
286 136
356 116
333 68
880 66
928 123
856 126
491 93
891 86
456 156
770 56
444 137
421 66
1172 517
370 176
882 86
870 106
438 406
406 126
404 66
695 556
393 126
587 56
417 116
1126 56
796 56
491 93
178 620
1290 93
428 96
913 417
892 123
193 66
506 176
389 87
808 136
908 61
2277 86
781 93
540 205
388 72
202 388
506 61
2402 576
406 136
283 87
2048 336
2210 93
1000 126
1306 66
344 136
1906 286
341 93
1770 66
696 176
620 176
521 93
2103 556
391 97
491 93
511 93
460 126
306 106
371 126
327 96
1703 66
511 93
868 93
291 278
2382 556
1900 98
1900 98
872 61
770 61
1755 360
716 206
744 347
202 388
2286 48
161 449
506 176
267 106
797 66
990 558
990 66
491 93
830 76
1006 93
337 106
880 66
910 467
491 93
406 106
2406 106
348 146
386 121
456 106
271 93
390 137
1430 56
524 173
558 97
1260 86
620 570
406 156
556 66
1966 206
656 93
343 156
2266 66
1382 76
406 126
174 553
750 768
783 308
491 93
186 285
1770 66
849 126
1872 61
456 146
406 156
356 116
696 61
516 66
420 126
540 93
406 86
845 126
1218 76
2382 556
706 66
321 66
185 503
251 66
2106 93
706 576
540 205
836 66
888 576
523 187
1406 66
486 56
424 136
596 187
870 336
1140 76
178 620
1886 66
764 126
805 56
887 203
491 93
406 56
781 66
1167 76
421 66
295 97
409 286
409 86
502 66
489 86
2326 66
1218 76
261 66
875 66
446 126
420 106
306 146
981 76
1636 61
682 66
2116 61
659 56
2266 66
2406 86
456 146
659 48
758 138
172 363
368 66
422 548
271 93
1056 61
870 548
446 151
420 278
2402 48
465 156
784 56
341 93
710 196
889 406
1550 93
2071 46
141 431
396 106
86 288
640 56
390 137
908 86
342 166
876 106
456 156
620 106
811 486
1970 286
2406 66
390 137
181 280
756 66
1167 76
309 137
628 126
416 76
283 611
487 186
501 66
802 366
306 93
174 553
422 398
806 93
1770 66
199 356
375 66
371 66
247 93
252 93
2266 66
870 66
370 197
446 126
921 86
406 146
823 76
486 56
256 136
696 176
835 76
337 126
370 356
2326 93
758 146
256 179
2406 106
1088 326
406 96
408 556
855 126
370 86
281 66
491 93
1210 406
1766 106
630 93
1506 66
2326 66
1836 56
406 156
743 86
456 336
330 436
368 86
777 203
587 56
659 48
256 146
540 206
306 336
1871 66
1179 76
471 66
491 93
491 93
1266 66
406 156
486 438
778 66
406 116
2121 56
409 76
224 76
770 93
406 156
2241 61
422 398
420 66
870 336
1550 93
497 66
343 156
350 179
808 187
1091 66
298 66
421 66
2402 56
1659 398
888 336
377 56
1293 56
180 453
663 66
778 66
343 156
406 156
756 66
888 336
835 93
700 318
1006 93
549 97
406 106
199 356
1709 56
1430 64
791 66
736 107
511 66
491 93
1030 56
769 56
497 66
337 106
66 846
565 126
783 68
170 226
570 256
1570 406
720 336
771 137
678 66
452 86
1063 453
306 106
1963 66
838 176
366 486
1615 76
656 93
465 156
256 146
1995 106
677 68
491 93
868 93
588 56
870 106
420 566
1266 81
491 93
406 116
422 398
356 176
470 66
823 183
768 555
1210 93
937 66
190 453
501 46
386 66
726 56
950 66
306 166
288 66
345 535
506 176
528 56
241 66
2408 56
1140 76
1739 64
1241 131
2216 95
374 76
549 97
870 126
540 205
708 106
666 86
888 307
1870 86
470 106
696 196
1658 86
456 156
1570 93
1526 88
2026 66
356 106
224 429
1255 56
86 288
338 146
406 126
781 508
181 280
497 66
706 206
1210 546
1570 93
740 86
286 156
338 66
2005 66
678 66
170 567
845 126
1050 761
695 528
888 336
111 638
835 123
869 86
310 236
458 106
320 286
1534 48
487 86
420 106
178 620
835 556
406 56
348 146
638 93
978 76
424 136
413 156
181 436
2101 66
745 318
271 66
842 137
406 136
363 172
341 93
183 743
1296 166
517 93
2070 93
1002 93
456 121
406 86
828 66
402 126
771 137
458 106
186 285
1658 86
1406 66
366 66
496 61
523 187
702 353
941 56
383 277
1565 561
371 66
321 93
182 397
612 68
468 66
165 553
306 179
420 417
321 93
496 138
1306 66
600 176
486 56
2288 66
406 106
252 93
906 66
446 126
180 453
406 186
791 66
2316 56
2070 93
944 86
321 66
1556 66
981 56
221 389
1770 93
796 56
220 86
406 186
2021 56
471 66
339 66
406 86
139 413
806 56
868 93
406 156
232 824
806 56
808 136
371 66
892 123
268 56
486 56
523 133
456 106
1733 86
420 336
1752 93
391 66
322 97
1155 156
1135 76
818 558
302 126
812 56
283 87
2316 56
369 66
891 66
870 576
167 308
547 56
406 156
446 86
1179 76
1063 453
433 156
343 156
1206 106
1406 93
359 87
390 137
769 66
406 136
860 74
1582 86
271 93
431 66
2266 66
406 146
1403 66
261 66
185 503
2216 336
2121 56
1733 86
687 184
406 91
406 93
906 66
1534 48
480 452
342 166
256 136
540 205
286 156
371 126
376 60
356 206
458 66
891 86
1293 56
2316 56
158 305
785 76
402 126
942 86
797 188
568 56
1665 86
148 739
990 66
511 66
366 106
356 93
406 136
930 106
422 548
1041 56
1007 106
238 76
823 76
789 137
809 61
1910 66
842 137
406 96
2070 93
343 156
403 163
2288 48
406 156
406 106
406 136
306 179
420 93
2402 56
717 126
1556 106
771 137
174 307
620 157
491 93
426 93
458 106
651 528
768 126
620 157
1616 66
406 86
1636 61
786 56
2131 56
2326 93
291 66
532 158
163 417
163 417
516 137
880 66
1103 465
521 93
580 56
422 126
741 86
521 66
737 66
256 136
348 403
1606 66
756 66
553 433
374 126
565 358
321 66
809 86
457 106
406 56
1289 406
540 93
341 93
417 116
942 86
467 163
780 197
950 51
406 126
870 106
406 106
1179 66
206 408
695 93
1028 421
66 802
1056 61
306 106
880 66
530 396
330 66
1658 86
163 353
716 176
721 66
950 51
429 307
786 88
324 56
663 187
838 176
2091 56
2316 56
388 72
481 93
568 216
501 66
1550 420
396 106
256 136
158 468
829 556
784 179
409 86
565 66
870 126
547 56
558 97
467 163
758 72
437 86
771 137
1788 66
666 171
158 305
806 106
990 126
696 56
1007 106
785 76
368 86
713 106
406 106
761 486
446 151
937 158
506 106
406 166
406 116
441 66
784 56
1055 66
131 1163
256 116
829 93
1416 176
516 414
1326 66
390 137
565 66
1872 61
1290 576
406 156
1296 166
486 56
600 157
1402 86
695 93
829 93
224 76
402 173
363 172
898 106
695 93
898 278
620 157
1091 66
769 66
327 96
185 503
556 546
565 66
667 528
1406 66
769 66
519 56
1140 76
286 56
392 183
811 66
406 156
2406 56
306 146
406 326
298 66
471 93
2036 586
406 91
2277 86
880 126
981 66
2348 536
538 66
183 397
1410 106
789 66
294 66
420 336
2070 126
366 66
769 66
415 66
252 93
182 403
910 66
2070 93
406 136
576 239
860 56
491 93
388 72
178 115
417 116
746 586
447 106
920 76
870 308
796 186
2012 151
429 307
327 96
474 61
178 620
163 417
1106 61
391 97
341 93
501 66
771 162
489 98
406 86
501 66
948 66
937 158
775 166
2423 93
969 56
1528 86
978 76
378 87
906 93
538 136
456 156
1172 517
456 121
456 156
941 56
1688 106
1236 306
540 205
2206 56
733 600
406 56
256 136
1055 66
838 176
1210 546
298 66
306 146
959 66
367 106
309 87
429 307
172 469
763 76
338 66
536 56
758 72
354 121
538 56
486 486
406 156
937 158
286 86
396 91
1206 93
934 86
491 93
420 66
406 146
844 123
829 528
816 183
470 76
509 76
812 407
2206 51
345 535
419 86
256 136
2026 56
271 93
238 76
417 116
750 93
812 203
438 406
359 87
450 56
1290 93
339 66
811 486
835 93
690 76
526 66
880 56
770 61
808 136
1404 468
333 68
528 66
796 176
206 56
2151 46
730 236
445 328
771 137
767 137
86 316
406 126
491 93
1402 86
486 66
480 793
316 392
556 61
758 138
2241 106
123 918
305 56
2079 66
506 396
1260 86
151 56
267 106
690 86
480 86
316 392
402 126
163 417
450 66
810 428
530 61
1770 66
343 156
1418 96
1188 61
1755 360
341 530
706 576
695 556
406 156
248 66
491 93
400 86
1895 76
141 508
1570 93
1636 61
1752 93
386 121
497 66
491 93
202 894
747 328
1391 406
663 126
421 66
523 187
480 452
370 176
356 116
706 206
606 278
185 503
220 86
341 93
406 106
491 66
406 96
406 146
506 406
174 307
396 91
808 136
448 468
646 86
880 66
433 156
666 124
891 66
406 156
781 508
422 419
222 433
2086 66
511 66
453 398
638 93
870 308
356 131
769 56
286 136
429 468
872 86
256 136
586 106
811 66
1612 93
1656 66
172 363
811 56
406 156
470 106
199 356
446 126
1260 156
534 61
491 93
713 86
2316 56
491 93
906 93
261 66
788 66
306 146
2216 95
978 76
818 558
291 66
344 126
329 76
219 86
1752 93
975 86
470 106
558 97
870 336
2196 66
1770 66
798 449
829 93
540 206
158 468
356 206
1146 66
523 133
316 392
1419 66
491 93
123 478
406 116
771 137
406 156
182 419
417 116
185 503
420 106
1143 198
343 156
280 93
421 66
181 436
858 66
1290 576
306 106
256 146
1260 325
370 66
948 126
870 66
1895 76
1739 66
1306 66
1550 556
174 566
781 66
938 106
516 66
1665 86
1418 66
306 146
421 66
1416 176
1526 56
913 417
456 146
806 56
849 66
420 106
746 56
797 66
1000 93
406 126
359 217
2348 66
726 66
406 116
384 456
853 76
256 136
808 136
180 453
774 86
271 93
406 86
549 97
1260 48
220 93
858 56
770 106
420 106
456 156
656 196
2394 66
422 398
309 137
1135 76
251 66
2070 126
1670 106
458 406
406 116
942 86
406 116
835 123
2216 336
1260 156
2292 427
471 66
386 66
1520 76
178 620
1007 106
868 555
2068 468
1586 63
406 126
366 66
155 463
870 106
1260 66
1391 106
329 76
1441 66
716 106
1688 106
813 360
663 126
686 203
568 66
745 93
266 106
2326 556
1843 575
465 156
876 86
2316 56
2190 86
306 166
409 86
224 429
667 536
271 93
468 66
784 56
271 93
1648 93
474 538
845 66
919 93
538 56
811 66
784 56
1030 76
1550 556
616 126
378 66
842 137
470 377
256 136
838 176
2055 66
480 402
1995 106
677 68
406 136
1170 66
306 106
625 377
325 136
386 121
1135 76
390 86
370 66
1388 66
2316 56
808 136
421 66
808 136
363 172
838 176
981 66
2236 86
421 66
421 66
868 556
178 620
252 218
508 126
870 106
111 395
1406 93
376 97
808 136
888 76
2241 61
768 93
496 61
1029 76
565 358
663 66
501 66
835 556
540 206
486 486
826 66
798 453
456 121
962 126
341 93
404 66
406 186
325 136
906 93
176 307
319 294
406 156
540 206
131 1163
149 486
1872 106
805 56
840 66
769 126
321 66
1406 93
2012 86
256 146
421 66
486 486
750 740
2064 86
359 87
2326 126
2210 93
789 137
420 86
857 86
884 66
2280 66
341 93
1555 372
2012 151
471 66
769 66
255 383
449 106
2423 93
1143 198
1863 56
346 535
919 126
123 66
695 93
406 116
769 56
406 156
406 136
1419 66
2116 56
456 106
256 116
1606 66
422 419
446 151
251 66
695 56
682 66
441 66
422 398
1210 546
409 286
1608 106
904 406
511 66
1246 406
540 206
2005 66
406 106
568 66
1721 56
706 66
870 66
2277 86
860 74
2086 66
2406 93
288 66
447 56
787 56
758 72
873 93
606 239
491 93
371 66
600 157
409 86
306 93
805 56
1030 56
663 66
898 66
491 93
626 126
367 206
2026 56
389 87
181 436
406 136
2426 66
542 86
746 56
470 66
406 156
779 66
910 126
779 545
819 126
700 126
446 126
556 64
1048 106
491 93
511 93
1716 93
540 205
1210 546
781 56
887 203
506 106
487 86
286 136
497 66
486 56
343 156
663 66
1611 859
620 157
889 406
1406 66
206 56
489 86
835 528
291 66
808 136
348 403
396 106
2382 556
766 93
256 116
1290 576
480 452
888 86
445 126
856 356
710 76
461 86
406 156
178 620
356 93
86 316
256 970
491 93
338 66
981 76
439 56
406 126
302 126
477 126
326 66
2326 66
770 93
268 56
406 116
419 86
1390 466
306 106
1598 246
859 126
809 86
542 86
670 238
406 126
359 87
2382 556
482 86
181 280
86 268
1210 126
747 318
528 66
570 256
1466 88
202 894
456 156
392 183
421 66
1002 93
1550 556
1006 86
268 86
448 468
256 136
521 66
261 66
720 336
155 463
326 66
818 66
695 528
259 377
344 76
446 86
639 56
695 56
417 116
506 406
1606 66
458 66
2426 56
1288 86
369 66
406 106
2146 93
1786 56
663 66
456 106
406 156
86 288
470 138
797 328
797 216
779 545
348 146
202 894
538 66
920 86
2348 66
455 226
444 86
1758 76
497 66
155 463
818 126
486 56
491 93
908 86
256 136
781 93
695 556
696 176
338 76
1380 66
783 548
838 176
178 115
2382 556
348 146
420 126
830 86
406 156
600 157
406 56
320 258
695 93
286 156
320 66
2162 106
1063 76
620 176
696 66
420 336
489 86
406 156
778 66
797 188
1002 93
506 66
409 76
666 176
261 66
406 156
497 66
306 126
769 56
470 66
2361 46
1206 48
620 157
86 239
486 56
872 61
370 93
870 126
756 88
149 486
341 93
516 414
271 93
256 146
870 308
829 93
491 93
406 116
741 56
2026 66
1665 56
1251 61
141 48
320 316
406 146
471 66
806 56
320 126
1172 517
396 106
1565 561
2005 106
281 66
1556 66
1143 198
706 86
855 126
1382 66
629 148
986 66
789 137
1007 106
812 56
2126 546
659 48
696 66
990 126
348 403
708 106
417 116
406 156
256 288
888 307
471 66
163 417
341 93
406 146
521 66
703 442
888 307
491 93
710 76
620 93
956 66
96 106
706 86
874 123
406 156
391 97
422 419
1382 66
1306 56
406 156
282 66
870 66
781 486
1863 56
540 205
818 66
269 66
713 86
656 196
1056 246
406 126
835 528
1406 76
1570 406
393 86
1210 426
406 156
2326 126
408 136
471 93
1146 66
406 126
470 138
1030 56
2003 414
420 308
919 126
348 403
1258 106
417 116
880 66
1403 66
844 123
556 60
163 417
420 126
781 486
506 48
165 553
339 66
1416 176
1788 66
573 326
1788 356
1126 56
1606 56
1421 106
937 66
845 126
406 186
458 106
1670 106
486 56
406 146
888 336
320 107
1966 206
391 66
876 106
1246 406
1520 76
491 66
523 133
439 56
875 465
741 61
1843 575
1055 126
767 137
271 93
86 489
399 56
141 431
174 76
406 156
480 86
600 93
781 536
695 528
957 66
943 76
531 66
344 126
928 123
420 267
400 76
1271 66
174 545
710 196
306 146
359 87
2005 106
338 66
366 486
896 203
256 136
378 87
470 106
740 86
990 66
876 106
2006 93
818 586
758 72
1418 66
1752 93
1406 56
540 206
1416 176
710 93
750 148
404 66
1131 188
422 419
2402 93
538 66
489 98
347 86
781 48
760 56
271 93
444 97
413 156
2316 56
470 76
470 306
808 136
506 106
869 86
252 93
530 158
1406 66
348 403
874 123
286 56
2121 56
422 126
1470 106
2348 66
491 93
420 86
310 236
406 156
458 66
271 93
420 106
532 158
199 356
870 336
816 123
321 66
491 93
1406 56
415 307
543 416
501 66
338 76
655 66
842 137
486 56
297 56
769 486
366 56
870 66
872 86
2046 66
298 66
422 126
2326 556
1416 176
258 106
769 265
501 93
1470 106
182 397
458 66
756 56
406 156
256 136
437 86
531 66
1556 66
330 66
1593 106
470 286
783 179
1582 86
868 126
2126 546
406 156
540 93
506 66
203 397
682 581
858 106
2292 472
803 421
2216 95
359 87
888 336
306 146
797 66
2106 56
256 146
338 56
78 338
470 106
750 126
491 93
406 96
290 187
471 66
445 86
521 66
446 151
883 56
1582 86
251 66
2368 468
396 106
818 586
497 66
408 136
1188 86
1528 86
990 56
856 126
333 378
770 241
406 136
756 556
356 116
356 93
1970 286
470 286
1598 246
406 106
482 86
817 93
356 286
306 179
1020 56
2402 56
758 146
458 66
1582 86
888 126
1270 66
413 106
540 93
320 258
785 76
666 124
567 93
406 86
741 91
870 106
343 156
421 66
870 66
1215 106
1970 286
706 86
781 48
870 106
170 567
659 48
2348 66
486 56
758 72
1416 176
155 463
476 126
791 126
486 66
570 66
938 381
343 156
380 76
1895 76
511 66
386 121
1385 76
402 889
406 126
256 136
830 56
810 66
858 106
491 93
789 126
516 391
990 66
600 176
779 66
2382 556
406 56
482 86
2104 705
833 307
220 66
570 66
667 536
429 468
771 137
1210 126
531 66
538 56
163 417
1598 106
884 66
870 420
1063 76
806 93
706 66
496 61
646 86
530 61
856 156
185 503
1290 576
769 126
356 66
2091 66
870 106
486 66
739 217
325 136
1000 93
370 255
789 66
346 278
2216 66
224 429
172 469
332 68
496 135
771 137
501 66
1570 93
359 87
324 528
388 66
528 66
306 106
2402 93
294 156
876 66
481 93
174 553
408 556
406 156
396 106
870 86
536 56
422 419
842 137
687 184
202 894
491 93
1385 76
2226 556
366 556
446 151
781 48
767 137
491 66
481 93
406 156
1063 453
325 136
870 106
1950 46
406 136
491 93
445 66
553 165
657 146
391 97
806 93
430 421
530 61
2402 56
406 156
1048 106
256 106
406 106
183 743
363 172
819 93
486 56
810 66
491 93
183 743
256 136
888 66
1570 158
420 93
343 156
521 66
768 126
151 56
399 56
169 386
158 285
306 179
420 66
606 336
1870 76
1382 66
470 106
1172 517
746 56
206 56
812 56
420 86
1755 360
898 278
178 620
456 436
406 106
990 586
356 93
256 136
771 162
1611 859
736 107
706 576
808 136
2070 126
771 162
770 61
1962 106
294 156
406 96
421 56
446 151
183 743
511 66
891 390
378 87
446 86
2146 66
1206 48
549 97
491 93
291 66
2055 66
370 66
1636 366
785 66
282 66
860 74
220 93
760 156
248 66
375 126
406 156
415 66
1350 76
829 93
123 66
108 427
2286 48
506 176
1820 66
1000 126
86 970
2131 66
540 205
406 206
406 126
406 116
2402 56
849 66
1416 176
506 66
521 66
745 66
860 156
306 126
436 66
732 137
