1500
1220 2440
1020 66
470 76
291 66
797 328
1766 106
745 318
341 93
2291 56
746 556
1350 76
420 306
884 370
356 324
417 116
270 98
170 226
420 566
1036 356
471 93
1355 66
808 136
406 126
489 86
486 486
1826 449
491 93
606 336
2266 66
818 558
580 56
271 93
325 518
328 256
256 136
718 196
860 74
456 106
106 106
1290 576
420 66
268 76
528 56
356 286
1462 306
324 528
808 136
406 206
990 66
811 486
2316 56
880 66
778 486
348 403
78 338
453 398
371 66
768 556
2382 556
440 548
1973 489
1140 76
990 66
1260 995
880 66
769 66
470 66
695 93
406 106
486 438
802 366
320 296
220 66
1246 406
721 66
1550 420
1063 449
771 137
474 538
506 406
370 66
508 206
884 370
913 88
1056 246
620 157
458 86
406 106
703 288
891 86
700 336
375 527
491 93
1534 48
663 187
812 203
486 56
620 157
338 66
839 76
1555 372
818 586
396 166
1251 347
810 66
1056 246
556 60
1966 206
870 106
1063 76
491 66
359 87
1582 86
470 106
1066 336
921 86
770 241
771 137
291 278
1056 246
420 566
268 86
875 365
377 56
286 136
898 66
380 76
291 93
2382 556
612 257
297 56
758 138
469 106
888 336
406 156
268 406
811 66
2286 48
406 86
908 61
456 121
703 288
2012 151
818 126
1970 286
516 391
445 66
729 86
2162 106
868 126
747 328
2326 556
828 126
397 87
888 336
856 356
870 66
279 68
819 332
186 285
802 93
446 151
456 206
356 324
497 66
743 86
1910 66
388 76
770 253
1788 66
1966 206
606 586
449 126
516 66
470 286
444 137
406 156
456 106
447 106
453 398
283 612
516 391
650 894
1570 93
198 323
594 66
345 535
678 66
2406 66
336 197
181 436
2382 556
855 66
710 196
888 307
348 403
767 68
438 406
906 93
370 256
1070 61
2241 106
422 548
892 123
439 56
429 468
516 414
2106 106
406 56
1701 86
320 76
1953 86
838 176
768 126
870 93
629 148
341 93
740 86
639 56
538 66
1752 336
406 106
256 116
695 556
325 518
1470 106
480 402
600 157
406 86
797 188
420 308
890 781
670 575
486 56
455 226
1382 66
406 56
721 66
406 66
745 66
1570 406
718 196
1808 346
470 287
1966 206
888 66
818 586
480 402
338 146
663 506
667 536
397 225
540 93
833 309
1290 576
758 106
421 66
2382 556
553 165
333 378
429 468
1380 66
511 66
2216 336
455 226
839 86
370 255
2316 56
695 93
549 97
491 93
529 469
1550 420
241 66
1752 336
298 66
220 66
406 146
172 363
720 335
891 126
870 106
446 126
356 286
775 336
506 48
1788 66
470 66
821 93
944 61
366 56
902 358
406 146
86 489
2348 66
256 126
516 391
1210 546
1131 188
172 389
406 126
356 116
470 377
853 428
811 56
391 97
2068 468
768 556
412 528
830 433
1418 96
819 126
2210 206
321 66
392 87
420 278
783 528
778 486
620 157
1582 86
445 126
406 56
990 558
86 288
743 337
421 66
666 424
306 179
161 449
417 116
718 126
530 158
406 156
1418 66
680 581
422 419
290 206
2036 566
203 397
2326 66
161 450
302 126
870 126
888 336
340 93
2292 346
1565 123
1068 286
687 184
492 558
1895 76
356 196
444 137
310 236
1550 93
174 545
797 66
391 97
491 66
397 225
342 166
325 518
720 126
720 308
565 93
248 66
2382 556
406 106
474 538
1752 126
750 126
356 558
406 146
252 218
348 403
1659 398
746 586
1770 1010
696 176
990 126
421 66
356 206
438 66
2116 56
835 556
891 66
486 56
333 378
848 453
1010 307
703 442
2406 88
448 468
776 76
139 413
86 268
1570 93
256 116
288 246
346 535
474 538
424 136
811 486
366 556
625 377
396 166
306 93
470 258
870 66
291 66
491 66
182 403
1350 76
1755 430
406 106
422 548
906 356
1900 98
959 66
142 328
570 237
516 66
1550 436
446 151
491 93
511 66
238 76
830 433
506 106
1406 66
990 586
420 308
806 93
489 86
320 76
1570 93
356 116
774 179
286 156
809 106
1595 421
1290 576
718 66
876 86
123 918
1215 106
746 556
1659 398
406 96
2382 556
868 126
558 97
540 205
2368 468
366 66
1289 393
682 581
388 72
798 453
420 336
667 536
600 93
158 468
806 106
1646 406
736 107
824 66
1290 576
1966 576
438 436
356 206
811 66
1506 420
516 414
406 126
526 66
326 66
388 72
2012 151
803 421
606 239
1733 66
838 176
491 93
491 93
620 93
123 936
1385 76
346 256
447 106
420 93
501 66
376 206
420 308
388 66
251 66
682 76
333 126
492 558
309 137
636 196
482 86
1241 131
1606 426
1002 556
798 449
803 383
1206 48
348 403
540 206
1260 48
870 106
346 535
524 173
393 889
1688 106
491 93
2121 56
927 556
1391 106
491 93
1390 466
406 206
870 86
406 166
406 106
304 126
429 307
2382 556
1179 76
1441 66
1970 336
870 308
491 93
2055 66
406 126
1416 176
319 258
1398 600
667 536
870 106
1135 76
870 336
231 76
835 123
686 203
476 126
366 486
2226 348
406 206
888 336
446 126
404 486
309 87
523 133
516 414
343 156
943 76
286 156
829 93
981 76
995 307
406 156
2005 66
420 93
392 87
620 157
1246 406
860 67
2176 106
388 72
835 93
663 66
868 555
870 126
511 66
491 93
2292 427
324 218
2070 93
2326 93
506 106
1546 414
252 246
509 76
781 93
306 146
336 197
1598 246
1172 517
506 406
378 66
456 436
1556 386
2348 536
695 93
420 278
320 258
406 116
769 126
530 158
1266 66
206 287
413 156
123 478
990 586
383 277
549 97
870 206
491 93
423 310
2206 56
868 93
1752 93
320 296
366 56
406 156
421 66
2316 56
839 86
497 66
406 126
397 225
348 403
231 76
506 66
670 238
706 576
853 385
739 285
356 286
1526 606
1508 56
330 436
178 620
1210 545
1028 421
823 76
341 93
870 308
338 66
868 556
1390 466
553 489
356 286
785 76
2070 93
1410 126
663 126
523 187
740 106
586 106
486 56
874 123
158 285
354 121
491 66
320 276
2048 336
770 128
706 576
447 56
202 894
588 56
1063 453
600 157
181 280
921 86
406 106
888 336
470 258
1251 347
849 126
370 197
271 93
781 536
509 76
491 93
286 156
818 558
796 95
2402 56
1570 406
1289 406
906 356
1071 285
354 121
136 185
528 66
423 310
256 116
1025 453
2006 406
231 76
606 86
420 66
406 106
2003 414
252 218
310 236
2406 106
1526 88
406 156
829 556
320 258
1966 56
811 66
338 66
406 156
2348 66
826 66
261 66
491 93
1000 126
2382 556
438 406
870 126
123 936
319 258
1406 93
1380 76
467 163
2406 93
891 576
781 536
2402 93
420 126
1210 426
778 66
913 417
406 356
783 308
406 186
148 534
406 156
781 508
445 548
836 66
686 203
438 406
824 527
446 151
682 76
445 548
227 832
838 176
2056 93
56 218
1210 93
482 86
788 66
290 187
614 218
737 66
320 316
441 358
420 106
1616 106
241 66
182 403
1820 93
835 95
406 106
781 66
990 558
393 889
256 136
506 406
708 106
297 56
2316 56
370 237
696 88
319 258
769 486
573 326
457 106
406 106
719 172
2190 406
1131 306
338 146
343 156
330 436
1056 246
1546 414
538 66
639 288
288 246
1570 93
256 116
306 336
252 246
325 518
390 86
928 123
1221 56
406 156
540 205
1550 436
320 126
960 126
1450 76
565 358
420 86
781 556
830 76
170 196
392 87
844 123
1430 64
458 66
420 106
406 136
480 793
468 206
516 414
1000 93
316 392
728 845
406 156
370 356
291 66
1406 93
424 136
509 76
343 156
856 126
370 256
316 66
937 66
739 217
1636 61
770 86
1290 576
392 87
612 68
1380 66
1246 406
420 93
913 417
540 205
316 392
781 93
629 148
906 76
1260 956
1416 176
919 556
429 307
1172 517
396 166
139 413
621 378
1210 545
781 508
390 86
562 66
1188 66
291 66
2005 66
398 93
339 66
667 528
695 93
397 225
904 528
950 106
2048 336
2011 66
788 106
441 66
384 456
2266 66
2326 126
959 106
746 586
1290 93
320 258
882 93
418 66
2382 556
399 56
406 126
888 86
1755 360
256 136
343 156
781 93
158 305
580 56
517 93
808 136
429 307
306 179
812 407
606 66
348 403
429 468
456 436
206 408
1091 66
338 66
471 93
251 66
540 205
798 449
808 136
910 467
625 353
206 66
470 377
1126 56
480 402
186 285
769 66
870 126
547 56
990 56
767 137
1836 61
990 66
826 66
271 93
1808 346
371 536
1866 61
341 355
348 403
1066 336
86 239
329 136
875 465
1818 86
406 106
2292 472
826 66
898 66
393 889
408 136
290 187
290 187
252 218
720 335
539 503
606 336
384 456
970 567
803 106
1289 393
398 93
370 356
302 126
319 258
906 356
516 414
1966 576
496 61
390 137
1688 106
486 66
511 93
455 86
521 66
1406 93
948 456
406 116
1385 86
739 285
491 93
771 137
1055 66
729 86
1179 76
1210 406
506 66
829 93
1550 556
320 316
1646 406
241 66
1276 166
449 556
1755 430
530 406
1260 156
444 137
420 66
839 76
413 156
703 442
819 356
439 366
952 746
456 206
1636 366
1966 206
1063 449
310 236
806 56
570 66
1970 286
784 179
325 136
818 586
898 106
816 183
1601 381
406 56
406 146
420 86
881 781
271 93
680 554
384 456
1970 286
868 126
874 123
764 126
259 377
1733 66
1870 86
409 251
406 126
870 106
383 277
396 106
327 96
570 237
621 378
776 76
838 176
375 527
2402 56
343 156
391 66
491 93
511 66
770 556
1076 256
829 528
291 66
2326 556
438 406
703 288
1570 93
768 126
420 417
913 417
338 56
378 225
710 93
739 217
1131 188
391 97
710 196
2064 86
910 126
856 356
441 66
780 197
1068 286
491 66
480 402
1179 66
221 389
2190 86
910 66
2402 576
543 435
1944 91
656 256
898 106
1385 76
1646 406
2406 86
408 106
1733 106
809 86
1970 286
1210 545
482 86
396 106
540 205
666 424
2070 93
1406 93
2161 66
356 93
172 363
371 66
404 66
1556 386
2326 556
884 66
1606 426
1326 66
870 93
161 449
650 894
391 97
1293 56
470 138
778 66
2382 556
1179 76
86 352
720 336
870 308
1306 66
406 146
1426 64
370 86
421 66
66 802
1002 93
829 528
543 416
408 556
686 66
149 486
403 163
888 126
930 86
497 66
1006 86
449 126
429 307
770 66
758 72
1555 372
802 366
421 66
406 156
750 740
1098 365
549 97
497 66
377 56
875 465
341 530
726 66
286 156
448 468
666 556
471 66
491 93
486 486
468 66
2326 556
491 93
2151 46
406 156
2292 472
758 138
368 86
316 392
706 576
1550 436
1290 576
1598 246
676 106
66 578
1290 576
450 56
283 612
750 148
438 406
2326 93
406 146
499 56
370 329
796 106
186 285
1076 256
2348 536
388 72
445 66
428 96
1289 406
818 586
489 98
1659 398
1064 46
1406 93
2382 556
756 556
396 106
663 506
573 326
1030 76
1376 256
86 489
646 586
366 556
884 66
453 398
990 66
86 268
774 179
745 346
2048 336
344 76
458 66
256 146
2070 556
1326 66
391 97
797 66
620 176
446 151
1000 556
291 278
486 56
758 146
356 106
1646 406
639 56
516 584
620 93
703 442
444 137
869 86
370 255
891 390
820 356
348 403
760 56
620 93
359 87
470 106
540 206
409 251
706 206
378 87
339 68
438 406
370 66
770 241
366 458
402 126
231 76
441 66
540 93
521 93
870 93
256 146
2006 93
884 370
796 186
784 179
446 151
449 93
875 465
810 66
2190 406
393 889
482 86
920 76
726 96
497 66
203 397
388 72
532 158
2226 556
741 61
1041 56
420 66
1030 56
1246 406
486 438
776 241
816 538
406 156
367 86
330 66
666 171
1406 66
448 468
990 586
656 196
356 206
429 468
1906 286
806 286
565 358
1441 66
910 126
1063 453
530 158
797 188
1752 93
1752 336
565 386
254 76
468 206
341 93
421 66
506 76
348 403
1260 66
391 97
1306 66
888 307
1206 106
354 121
639 288
508 126
530 396
695 93
881 356
325 518
2326 556
414 173
620 93
706 206
206 408
952 106
419 528
1056 106
521 93
467 106
268 56
386 121
356 176
370 255
975 86
291 66
470 377
480 793
406 156
163 417
288 66
1770 93
556 66
1770 66
835 56
666 86
2206 576
1970 336
516 306
406 106
445 548
306 93
2006 93
521 66
309 137
1036 316
2071 46
336 286
553 489
325 518
375 66
491 93
420 126
406 106
758 72
86 489
491 93
756 556
406 126
409 76
771 162
348 403
588 256
2216 336
769 126
450 428
393 126
528 56
431 66
206 287
746 556
511 93
808 136
625 384
283 612
680 581
803 383
839 76
1350 76
440 548
304 126
611 257
350 179
516 584
497 66
506 66
573 326
2005 66
424 136
1418 66
453 398
291 93
1007 86
1172 517
2216 336
379 225
931 271
288 246
1289 406
341 93
406 106
506 158
288 246
667 536
1500 56
131 1163
663 187
888 336
2402 576
1388 66
1071 285
1550 93
848 453
570 256
1826 449
470 530
1033 93
1402 86
1966 576
667 556
896 203
1066 336
420 336
320 258
417 116
1802 76
1076 66
408 556
302 126
600 157
420 286
320 286
480 452
256 136
256 970
438 406
898 306
1966 576
320 286
383 277
491 93
806 236
481 93
829 93
1338 256
420 336
756 336
758 146
768 93
1946 66
406 156
855 126
178 115
606 586
565 386
1646 406
370 66
181 280
470 286
321 66
921 86
1000 93
502 66
768 555
750 768
182 403
520 517
774 86
839 86
142 328
640 87
829 556
491 93
682 581
1416 176
528 66
178 115
393 126
1398 620
1210 324
388 72
621 378
870 336
458 406
256 136
565 386
456 106
429 307
316 392
670 238
449 106
403 163
809 86
252 218
2006 406
1946 66
870 336
169 386
1030 56
