1500
1220 2440
681 106
491 93
501 66
1737 56
1616 66
420 306
1076 66
2326 768
325 518
1406 66
612 257
543 416
1370 93
238 76
406 56
348 146
1179 66
521 66
367 206
491 93
1565 561
639 288
1382 66
540 205
348 403
467 106
828 93
1063 449
291 278
491 93
406 136
259 377
1188 86
1506 241
320 258
678 66
600 176
667 536
422 398
848 453
1041 56
339 146
491 66
978 76
737 66
406 156
876 106
565 66
106 106
268 56
406 66
420 278
456 146
573 326
818 126
455 226
396 91
891 66
1210 545
366 66
663 66
806 286
726 66
406 66
1659 398
458 106
957 66
532 86
868 556
256 126
787 56
456 436
306 93
406 545
341 93
1906 106
222 433
796 56
86 239
952 106
506 176
1030 56
202 894
778 66
471 66
309 137
421 66
347 66
750 740
629 148
406 146
771 137
356 176
343 156
910 126
406 106
1251 61
600 157
536 66
811 486
875 365
1314 93
758 146
440 548
376 206
441 358
480 402
406 156
486 56
876 86
497 66
470 287
1289 402
868 93
860 74
1806 66
863 56
306 336
680 581
818 586
606 278
406 156
797 126
769 486
2316 56
891 66
771 137
445 66
369 204
437 528
700 318
1356 306
606 336
1550 420
268 76
835 556
186 285
1755 430
356 116
406 96
981 66
333 378
771 137
470 258
320 107
471 66
2241 61
158 468
356 324
56 218
888 336
329 76
744 347
1926 66
269 66
321 93
338 66
746 586
1410 246
1466 88
594 66
371 66
840 66
356 116
870 93
458 86
496 61
736 107
859 86
713 86
902 358
2226 106
366 66
1131 306
347 86
256 136
621 378
706 86
927 256
873 93
776 66
770 86
888 336
620 570
870 106
808 136
1172 517
377 56
868 556
2006 406
796 106
256 146
456 436
369 332
256 136
703 442
781 66
2382 556
950 106
359 217
1906 286
1000 93
291 66
2026 66
271 93
429 468
2226 556
155 463
165 553
797 188
348 403
499 56
446 151
1010 307
455 86
906 456
170 567
420 308
1926 56
781 536
1056 246
446 151
256 136
486 56
1172 517
756 556
348 403
298 66
706 576
511 93
174 307
668 166
409 286
388 72
805 56
874 123
400 86
666 86
526 66
824 106
530 158
808 136
1406 66
406 126
695 556
872 86
283 87
1520 76
406 106
511 93
2190 406
406 156
438 406
438 406
370 329
466 126
540 206
1556 66
470 306
745 346
456 146
706 576
620 570
893 328
2106 106
600 93
252 246
710 93
904 528
888 126
770 241
2104 705
456 436
2406 106
682 581
521 66
422 419
256 136
771 137
326 66
1764 66
491 93
1416 106
290 206
781 486
1906 286
482 86
467 106
178 115
198 323
1606 426
449 126
1966 576
2266 66
422 548
931 271
406 206
406 66
420 417
600 157
309 137
344 76
444 137
823 76
2226 556
256 106
888 336
2272 91
492 558
530 158
1048 86
1906 286
446 126
319 258
1970 336
656 256
348 403
1553 465
421 66
2048 336
1709 56
481 93
919 556
1770 93
256 136
2382 576
406 116
553 489
324 528
770 556
860 156
406 156
1056 86
356 558
316 392
690 86
891 390
530 61
1355 386
346 278
778 66
630 93
1615 76
306 106
1172 517
1871 56
1371 66
680 66
663 126
497 66
1056 246
931 93
785 76
341 530
2066 506
781 556
1210 406
508 206
853 385
700 318
828 93
978 76
319 341
570 66
222 433
806 93
1788 66
1550 93
870 66
898 306
417 116
1131 188
835 123
646 66
516 391
403 163
875 66
700 318
720 308
325 518
346 535
511 66
282 66
516 278
521 66
1556 586
1390 466
471 93
568 66
937 66
241 577
786 56
710 196
185 503
788 307
2036 566
188 86
436 66
320 296
491 93
2286 48
1944 91
2326 93
803 421
1598 106
341 530
1556 386
491 93
667 536
639 56
1656 56
682 76
320 76
906 93
1920 91
640 56
682 66
182 338
2368 468
1010 307
2021 56
686 203
406 146
306 106
256 136
818 586
344 76
818 586
2348 536
1752 126
356 116
396 91
356 116
1826 449
344 136
456 106
56 566
744 347
680 76
1598 246
2316 56
486 486
888 66
1398 600
750 126
406 545
781 66
888 336
769 486
1480 728
256 146
406 93
421 66
252 487
758 146
781 66
870 308
1906 286
421 66
86 239
1289 406
869 86
1636 366
696 176
872 64
388 66
291 93
2216 106
1659 398
528 86
309 87
666 424
2292 427
420 308
477 126
436 286
2382 556
783 308
422 419
540 205
356 196
417 116
1210 93
501 66
446 151
309 137
181 280
456 66
455 528
2368 468
739 285
808 136
717 126
750 126
797 188
470 287
406 156
549 97
363 172
745 346
2106 56
2070 93
621 378
306 93
298 66
2348 66
2048 336
695 528
870 336
470 106
449 93
813 360
470 138
1966 206
1290 576
818 323
370 197
835 556
406 56
2292 427
2382 576
639 48
681 106
436 458
306 336
486 56
370 329
948 456
2070 556
406 126
271 93
338 56
338 66
320 258
913 417
1410 126
2216 256
848 453
1550 556
406 106
763 76
261 66
341 530
163 417
406 166
474 538
202 894
695 93
891 576
888 336
330 66
141 508
356 206
873 93
1593 106
910 66
1966 576
1040 616
1210 426
412 528
406 166
438 406
1770 336
532 406
482 86
406 156
455 226
406 156
1470 106
497 66
163 417
764 126
952 746
720 308
770 241
406 86
620 93
558 97
422 419
396 106
408 136
829 93
1064 46
376 60
565 386
202 894
1218 76
406 206
565 66
420 278
181 280
1002 206
695 556
816 406
491 93
402 889
406 186
851 137
891 548
436 66
913 417
913 417
388 66
884 370
388 66
1210 324
406 156
2406 66
446 386
86 316
268 86
1370 406
439 66
404 66
1246 406
556 546
123 66
888 126
778 66
1755 430
420 308
356 116
328 256
1210 545
1030 86
813 360
1350 76
2396 56
338 146
422 126
420 336
321 66
1260 325
870 308
356 93
288 66
556 546
391 97
366 56
710 196
657 146
283 611
420 566
356 106
391 66
491 93
913 417
2067 56
219 86
1290 576
444 86
1802 76
370 66
639 288
1260 307
302 126
870 126
895 86
1403 66
430 407
506 396
402 126
283 611
506 94
990 586
366 66
521 66
429 307
421 66
744 347
587 56
1251 347
270 106
1289 393
829 93
420 308
354 121
449 528
696 196
2402 56
838 176
356 93
1398 620
695 93
766 93
2026 66
666 86
663 478
437 528
528 66
2190 86
1406 66
327 96
981 76
835 93
306 106
417 116
306 126
820 93
379 225
338 66
818 558
2216 336
682 581
1658 86
778 56
256 136
1570 406
811 66
2368 468
523 133
333 378
297 56
480 402
511 66
453 398
476 126
252 93
720 335
199 356
770 216
406 106
320 303
470 530
770 128
839 86
1215 106
810 66
1390 466
1966 206
450 66
455 528
271 93
806 286
1056 246
271 93
702 355
532 86
406 146
565 358
268 56
420 93
511 66
770 86
1528 86
1526 56
429 307
450 56
445 66
888 307
506 158
1030 336
718 399
486 486
783 308
682 581
766 66
2396 56
676 106
703 288
492 558
629 148
424 136
808 136
893 356
1210 546
952 746
2068 468
530 396
304 126
283 87
321 66
768 556
767 68
558 97
420 66
756 556
919 528
860 67
415 309
2048 336
288 66
1140 76
516 66
1010 307
306 126
868 93
2326 556
2079 106
870 308
406 156
420 308
366 556
1788 356
785 126
1041 56
870 576
501 93
1088 326
386 121
2064 86
1498 356
888 336
540 206
1406 93
1550 556
906 468
1546 414
2326 556
232 824
1135 76
502 66
420 306
309 137
1866 61
769 66
497 66
2436 56
491 93
448 468
356 116
1701 246
2402 576
370 256
811 486
770 1110
406 136
1506 66
2136 303
621 378
769 486
888 336
829 93
420 336
1098 365
732 137
251 66
406 56
1752 93
408 556
321 66
506 396
364 68
666 86
511 66
324 218
620 157
356 131
620 157
816 538
682 554
482 86
934 86
321 66
446 151
2321 152
1246 406
843 187
402 889
232 824
726 56
2106 306
395 93
835 95
1448 66
383 277
931 93
1170 88
746 56
2070 126
2121 88
756 61
356 324
2006 406
396 106
378 66
481 93
700 318
710 76
680 76
880 66
422 419
2406 66
348 403
248 66
406 136
521 93
348 403
521 66
471 66
1606 66
891 548
835 556
666 424
178 620
978 76
870 308
2006 93
391 97
470 258
761 486
1025 453
113 928
422 398
181 436
1550 436
771 137
429 307
406 116
417 116
446 151
1170 66
1416 176
845 126
439 366
470 377
798 453
990 66
255 383
543 416
1063 449
343 156
1131 286
870 66
791 126
1382 66
1260 48
368 66
366 66
1404 468
913 417
874 123
378 87
906 468
781 508
1206 93
1050 761
446 151
2106 86
480 793
420 278
1498 820
1555 372
256 136
452 1206
812 421
2226 556
829 93
1210 324
700 126
252 93
338 66
393 889
766 93
570 237
391 66
539 503
558 97
420 278
406 156
1556 106
1266 66
1659 398
1246 406
696 176
502 66
220 86
938 106
183 743
471 66
2326 556
2046 56
835 93
288 66
291 278
321 66
1076 256
812 407
1550 93
455 226
416 186
720 308
1970 286
448 468
271 56
1063 449
206 56
406 156
453 398
1188 66
874 123
480 793
420 306
356 116
1000 93
333 378
1976 86
441 358
446 386
720 308
1255 56
816 216
888 76
806 61
819 93
391 66
417 116
406 156
321 66
845 126
2028 66
78 338
721 356
422 398
570 891
540 205
686 203
870 86
746 556
781 56
421 66
747 318
804 406
306 336
2060 93
1550 436
761 486
745 66
538 66
756 61
431 66
452 1206
408 106
769 56
2326 556
621 378
2226 348
1406 93
881 781
1755 360
835 556
406 156
806 236
455 226
1066 336
324 218
444 86
745 346
851 137
309 87
282 66
1063 449
920 76
786 566
491 93
429 468
406 126
1288 126
178 620
497 66
1140 76
224 429
384 456
1063 449
666 176
415 307
533 61
919 126
835 556
820 337
406 156
445 548
404 66
306 179
532 86
695 556
1002 93
1210 93
716 106
687 184
174 307
553 433
521 66
356 176
409 251
1040 616
417 116
550 770
833 307
1271 176
406 106
1303 106
406 106
406 146
516 414
182 403
906 456
356 206
424 136
1636 61
1380 76
453 363
540 205
383 277
511 66
306 146
420 306
406 166
406 136
1870 86
417 116
906 76
2348 536
783 528
241 66
1512 66
639 288
760 74
784 56
398 93
521 93
796 56
1788 66
391 97
750 93
491 93
406 156
96 106
501 46
325 136
423 310
813 360
320 296
816 216
1758 76
845 126
1970 286
491 93
960 126
486 486
2151 46
1063 449
667 536
516 584
600 176
1953 86
406 186
767 137
440 548
406 136
241 66
429 468
657 146
904 406
231 76
806 106
422 419
328 66
387 131
741 86
1500 56
2368 468
870 126
155 463
1752 93
388 72
906 456
366 66
990 66
188 86
770 126
406 106
288 246
744 347
406 56
835 556
718 399
1419 66
383 277
371 66
835 123
341 93
406 96
769 66
1788 356
743 337
448 468
587 56
406 156
1931 66
1063 76
620 157
356 131
881 467
816 123
338 56
1659 398
744 347
781 48
2426 56
1758 76
568 56
1076 66
393 126
2006 406
1731 56
2206 56
448 468
501 66
206 56
441 358
600 157
1550 556
445 173
224 429
489 86
280 93
1088 326
447 106
348 403
388 72
804 406
1506 66
732 137
928 123
182 403
256 288
406 146
816 183
330 166
397 87
402 889
356 116
421 66
482 86
346 256
596 187
625 377
320 258
556 466
1970 286
430 407
670 238
247 93
256 116
392 87
383 277
348 403
288 56
406 545
269 66
449 106
1398 620
306 93
420 566
700 336
508 206
356 324
2068 468
1416 176
2003 414
252 93
1788 66
438 406
774 86
816 616
904 406
404 56
868 93
761 93
528 66
1326 66
406 156
1546 414
420 126
491 93
809 156
870 106
663 506
306 146
453 398
306 166
420 330
406 106
433 156
783 179
1606 506
188 86
174 566
1066 336
706 86
486 438
271 93
291 278
2326 556
142 328
1236 306
706 576
769 56
797 328
695 93
420 336
845 126
1066 336
746 586
486 56
456 156
919 556
2216 336
241 93
892 123
396 91
2086 66
399 56
1606 426
420 330
2368 468
769 126
906 93
2316 56
1066 336
480 793
489 98
806 286
2382 556
86 489
516 66
343 156
397 225
391 76
528 56
438 406
888 307
706 225
858 106
480 86
421 66
486 486
565 93
786 236
455 206
756 66
882 86
343 156
520 517
2286 48
1900 98
768 555
283 611
1764 66
750 768
880 66
833 307
811 66
480 56
791 126
553 489
406 156
1271 66
588 256
348 403
1721 56
1886 66
889 406
1406 93
320 126
921 86
769 66
1391 106
1385 86
506 406
455 528
2402 56
161 450
1260 48
568 56
206 56
853 385
1870 76
482 86
406 156
151 56
1076 256
420 336
830 433
350 179
439 366
606 239
508 306
420 566
486 106
919 93
835 556
465 156
1506 342
182 403
238 76
406 106
1966 576
663 187
1402 86
506 396
1246 406
420 86
1063 453
1246 406
556 546
898 278
600 157
2070 556
646 586
2126 546
496 61
521 93
1601 381
776 56
1906 286
325 136
769 486
1556 586
855 126
2146 66
1048 66
291 278
366 66
390 137
429 307
528 56
500 66
470 286
406 116
853 385
399 56
1172 517
2006 406
611 257
811 486
1448 66
156 788
1020 278
778 56
456 121
568 56
1188 66
446 151
811 66
868 93
913 88
845 126
392 87
720 308
588 256
406 116
280 93
1866 61
345 535
367 206
420 93
1890 61
448 468
797 356
553 433
437 528
2402 576
413 156
421 56
769 126
870 576
456 156
123 66
1260 156
621 378
2162 106
530 396
783 179
1608 106
720 308
532 158
86 268
406 86
565 93
718 399
870 106
791 66
446 151
346 535
812 421
388 66
875 365
456 106
1210 126
309 137
872 86
1616 66
396 91
713 86
392 87
338 56
1550 93
844 123
