2500
1220 2440
444 137
491 93
888 66
231 76
760 74
798 453
477 126
840 66
783 528
838 176
728 845
308 106
256 136
444 86
789 66
771 162
600 93
420 306
321 66
158 305
496 86
1131 188
713 86
181 436
2012 151
890 537
808 187
446 126
338 56
422 398
528 66
256 970
1406 76
366 106
769 126
2070 93
471 66
2326 93
953 86
1210 406
406 156
540 93
328 238
2402 56
710 76
1770 1010
656 196
341 93
944 86
1371 93
1570 406
2406 88
390 86
1658 86
2326 126
1615 76
1170 66
392 87
771 137
842 137
2216 256
327 96
390 137
343 156
2126 546
870 66
1636 366
406 106
86 316
163 417
2423 93
406 545
511 93
874 123
306 146
910 126
392 87
1218 76
286 136
839 86
298 66
220 66
1829 138
456 156
769 56
419 86
163 417
431 66
769 126
855 66
291 66
1895 76
269 66
870 106
1895 106
2190 86
1255 56
309 87
557 86
593 417
666 86
499 56
549 97
937 66
818 558
453 363
657 146
1000 126
1550 556
786 56
542 86
406 146
370 66
406 156
506 176
1135 76
406 106
667 528
446 151
771 137
420 126
536 66
990 66
2064 86
356 176
639 48
368 86
491 93
486 56
491 93
1290 93
486 56
406 106
449 106
415 307
2368 468
838 176
446 151
470 286
2402 56
356 106
620 157
703 288
318 66
406 116
680 66
348 403
396 106
388 72
291 278
486 56
371 536
271 56
868 93
406 186
320 126
511 66
356 286
496 61
2006 93
156 788
306 336
781 508
406 156
338 56
818 126
882 86
406 126
402 173
424 136
388 72
437 86
421 66
1406 93
892 123
181 436
404 56
320 76
549 97
2026 66
405 162
306 166
682 581
390 97
269 66
320 303
875 66
106 338
491 93
651 528
629 148
271 93
406 166
391 97
1726 66
680 66
509 76
921 86
321 66
2079 106
501 66
406 126
421 66
892 123
290 206
1512 66
420 66
256 126
870 106
320 88
329 136
839 76
1550 93
811 56
458 106
1041 56
761 93
406 156
480 86
856 356
805 56
2116 61
406 156
2402 48
199 356
2236 86
406 86
446 151
185 503
934 86
2406 106
356 116
123 66
636 196
406 156
902 358
456 106
816 123
1788 48
720 335
565 358
486 56
377 56
891 66
496 135
1406 93
182 403
1056 86
766 66
568 56
491 93
695 528
500 126
2146 93
906 56
870 126
1441 66
2241 61
271 93
391 66
406 186
324 528
338 56
874 123
491 93
600 176
906 66
356 116
181 280
356 116
2079 106
1210 93
406 156
1402 86
770 126
768 93
889 406
680 76
370 66
501 66
183 397
771 137
468 206
449 106
406 156
680 76
406 106
536 56
420 126
910 66
740 86
2426 56
511 66
181 436
406 545
1764 66
1260 48
378 66
2106 56
521 93
491 93
2216 256
348 146
290 187
339 66
706 141
502 66
398 93
713 106
845 126
406 156
873 93
169 386
356 116
888 76
927 256
291 93
781 93
868 93
1872 106
2402 48
356 93
387 131
806 93
516 66
952 106
829 528
2280 66
587 56
1976 86
491 93
818 323
356 196
1260 326
1570 93
306 126
930 56
450 56
811 66
682 76
347 86
491 93
741 56
283 612
767 68
508 126
666 176
406 106
567 93
1188 86
268 76
491 93
910 467
506 48
1895 86
778 56
612 68
860 74
241 93
344 76
1895 86
417 116
593 417
202 894
391 97
2190 406
1523 606
406 116
872 64
1430 64
739 285
461 86
206 56
1179 206
747 328
406 86
1255 156
568 66
511 93
406 156
86 239
1788 66
174 307
338 56
491 93
165 553
321 66
202 894
2060 66
417 116
681 106
248 66
341 93
851 137
392 87
356 93
600 157
781 356
1970 286
528 66
845 126
1970 336
344 126
408 136
384 456
333 126
2406 66
158 305
163 417
198 323
408 136
397 87
696 88
489 98
436 66
870 86
421 66
808 136
2106 93
363 172
745 93
406 156
406 116
220 93
696 66
388 106
1215 106
178 620
406 156
386 66
870 336
304 126
406 86
193 66
937 66
1380 76
371 508
838 176
913 88
341 93
1030 86
421 66
1506 342
1290 93
851 137
781 93
455 226
600 93
446 151
1066 336
445 173
1172 517
186 285
809 156
453 398
1236 306
252 93
458 66
309 87
2406 66
1840 106
870 66
781 56
1170 88
291 93
1716 93
159 567
656 93
1271 176
506 406
884 66
406 136
558 97
388 72
758 106
202 894
1063 449
392 87
783 548
448 468
248 66
2060 66
1970 336
540 205
1063 449
480 793
769 66
251 66
406 106
291 66
1646 406
2026 66
844 123
456 106
356 116
859 86
252 93
486 56
1370 66
840 66
682 581
872 61
309 137
2005 66
906 66
713 86
528 86
716 106
220 86
406 56
1210 93
558 97
700 136
306 179
321 66
835 93
178 115
816 123
306 106
870 86
123 66
106 106
506 158
540 205
781 66
720 335
1088 326
937 158
446 151
491 93
570 237
2266 66
600 157
456 66
695 93
1290 93
123 918
320 258
1416 106
406 146
558 97
420 86
2406 66
919 126
1881 56
870 93
163 417
186 285
1210 546
806 93
2326 66
756 556
1385 76
2006 93
706 66
1926 66
482 86
910 66
441 66
532 86
766 93
1758 76
155 463
1616 66
406 106
956 66
416 186
141 66
870 86
783 308
2311 40
1140 76
320 258
321 66
816 616
406 146
906 93
470 286
294 66
710 93
181 436
406 156
872 66
888 126
1701 86
785 66
1570 93
402 889
2206 56
778 66
407 93
540 205
486 56
424 136
306 93
2151 46
306 336
2026 66
758 138
406 156
366 66
321 66
1210 126
1556 66
370 197
376 206
406 116
256 970
1008 46
399 56
406 146
758 146
588 56
868 93
404 66
480 452
855 126
1506 420
393 86
1246 406
767 137
456 66
396 166
600 157
482 86
330 166
182 397
471 66
1480 728
745 66
1391 66
695 93
1506 66
202 894
659 56
368 86
392 87
874 123
1470 106
447 106
248 66
2316 56
502 66
2402 56
406 146
2406 66
343 156
835 556
606 336
774 86
441 66
2326 768
1076 66
376 60
424 136
549 97
750 768
511 66
568 56
444 137
558 97
1006 86
710 196
2106 86
486 56
737 66
1506 66
406 106
558 97
950 106
769 56
870 106
806 106
421 66
1709 56
530 61
168 353
1966 206
436 56
456 106
288 66
1251 347
471 66
856 88
491 66
283 87
356 116
491 93
481 93
811 486
501 66
409 76
1170 126
888 336
783 528
497 66
2016 151
558 97
491 93
756 66
702 353
606 336
888 307
680 76
406 136
888 336
1179 66
413 156
600 157
1876 106
329 76
321 66
1002 556
511 66
270 106
2026 66
421 66
570 256
348 403
420 66
1402 86
406 66
456 436
1802 76
950 51
769 126
2151 46
306 126
2402 48
681 106
402 126
1289 402
406 56
1020 56
219 86
339 66
1870 86
330 66
406 156
913 417
86 489
1406 93
338 66
770 93
818 66
291 66
1506 241
1636 61
741 91
666 86
547 56
480 452
870 126
1000 93
406 156
626 126
409 76
910 66
486 106
491 93
470 66
421 66
797 328
884 370
1246 406
783 548
696 56
829 528
406 56
1289 406
678 66
938 106
549 97
170 567
306 146
320 258
341 93
812 56
856 356
397 87
2021 56
506 61
371 126
769 56
422 126
420 126
2382 556
656 93
880 66
870 106
343 156
291 66
750 126
1170 66
486 56
172 389
732 137
388 72
343 156
769 66
770 86
123 66
506 106
839 76
421 66
791 66
565 386
446 151
450 56
2368 468
593 417
231 76
391 66
532 158
421 66
468 66
497 66
420 86
306 106
457 106
1406 66
406 156
2216 336
845 126
386 121
271 93
1006 86
931 93
366 66
366 56
906 456
421 66
1350 76
306 179
406 156
429 307
486 486
366 66
687 184
888 336
456 66
422 398
388 72
1251 61
1606 66
888 336
855 126
810 66
809 86
906 286
309 137
488 76
342 166
2061 88
306 336
778 66
86 316
916 66
1550 436
231 76
283 87
1752 93
406 86
271 93
288 66
769 126
458 86
1966 576
356 116
188 86
470 66
788 66
481 93
406 106
393 126
388 66
406 136
356 106
302 126
2439 93
1586 63
158 468
1550 556
1155 156
1070 61
256 126
423 310
769 126
270 106
2316 56
682 66
1752 126
1271 66
767 137
1210 546
818 126
818 586
113 928
1418 96
2070 93
406 136
406 146
1486 56
789 137
657 146
1995 106
344 76
1371 66
406 156
406 116
356 286
359 87
829 93
2326 556
406 156
338 146
506 48
441 66
769 56
1956 191
1206 93
465 156
600 157
870 93
872 86
456 146
558 97
733 600
706 66
346 535
1000 126
1448 66
784 179
797 188
251 66
769 56
491 93
756 556
222 433
540 206
981 56
325 136
816 183
148 534
1500 56
530 396
1188 66
528 66
336 286
256 136
1416 176
942 86
2241 106
1946 66
876 106
456 146
408 106
818 558
378 87
271 66
306 93
1570 93
256 93
706 141
769 56
710 93
778 66
406 186
397 87
770 86
406 106
745 66
2070 556
396 106
1721 56
643 884
810 428
1920 91
413 156
2086 66
1000 93
666 86
553 165
491 93
785 76
538 66
640 56
185 503
990 66
491 93
486 66
388 72
521 66
2402 576
891 66
600 157
528 56
424 136
96 106
838 176
188 86
764 126
1598 246
404 66
1870 76
1303 106
2006 93
256 136
338 66
764 126
491 93
1371 93
870 126
650 894
855 126
787 56
269 66
491 93
919 93
1387 66
928 123
2326 126
497 66
870 308
789 137
629 148
356 286
521 66
1506 66
891 86
565 386
202 894
1659 66
806 93
421 66
803 170
406 136
271 93
370 86
600 176
839 86
400 86
823 76
766 56
220 86
386 121
409 76
321 66
2086 66
448 468
870 66
471 66
388 66
600 176
758 146
986 66
1820 93
370 66
406 116
347 66
421 66
56 566
1770 93
320 126
1064 46
1326 66
1598 106
1975 106
763 76
686 203
467 106
882 93
526 66
2366 66
446 151
363 172
521 66
370 66
808 187
519 56
396 166
824 106
781 66
549 97
389 87
151 56
458 406
1866 61
252 93
1526 606
306 146
306 106
1063 453
406 86
959 106
142 328
726 66
396 91
570 66
736 107
420 93
826 66
655 66
2406 106
659 56
429 468
870 106
456 336
406 156
341 93
1338 328
261 66
438 436
2286 48
406 56
781 93
256 136
910 66
396 91
414 173
703 442
406 166
449 126
1820 66
1795 106
990 66
456 146
1556 66
491 93
798 453
406 136
471 66
803 106
1006 126
781 66
716 106
717 66
1172 517
306 146
406 116
540 206
452 86
436 66
376 206
238 76
256 136
695 56
506 406
700 336
1063 76
378 87
232 406
406 156
408 106
321 66
788 66
896 203
540 205
913 417
830 76
924 66
467 106
1091 66
2266 56
368 66
937 66
328 66
518 56
270 106
491 93
818 126
875 66
320 296
810 66
406 106
268 56
830 76
181 436
396 106
1448 66
501 66
1555 372
750 93
1556 106
393 86
422 398
888 76
1406 66
491 93
420 93
860 156
406 56
629 148
845 126
1836 56
870 126
908 86
406 183
2316 56
471 66
716 106
446 186
433 156
594 66
406 56
506 94
797 188
669 86
818 66
746 556
417 116
471 66
565 93
1326 66
256 146
391 97
1030 56
406 126
320 107
199 356
206 66
446 151
1210 324
1355 386
497 66
532 86
329 76
86 489
406 56
851 137
291 278
491 93
2012 151
1766 106
819 332
406 106
1135 76
271 93
1570 158
668 166
491 93
343 156
348 146
470 106
202 894
620 157
206 56
747 318
406 96
406 66
666 124
1688 106
286 56
406 156
1616 66
1731 56
86 268
870 106
476 126
420 93
356 116
771 137
889 406
280 93
2292 427
756 61
1752 126
254 76
506 61
1210 545
540 205
876 106
1441 66
594 106
769 66
178 620
2106 106
553 433
321 93
1658 86
528 66
1752 93
530 158
2060 93
445 66
835 93
1172 517
338 66
1606 506
388 66
990 66
1210 93
540 206
1416 176
281 66
726 66
629 148
758 72
456 121
928 123
870 93
874 123
528 56
491 93
1900 98
2121 61
412 528
1071 285
291 66
906 66
771 137
870 86
178 620
356 116
855 66
346 126
256 136
406 126
387 131
1380 76
774 86
620 93
811 66
960 566
291 66
320 258
1556 93
370 106
570 237
768 556
1906 106
1944 91
835 123
796 124
2190 406
467 106
304 126
1088 326
919 126
1410 106
491 66
491 93
646 86
612 257
726 56
66 802
758 106
616 126
1953 86
356 116
406 136
2396 56
870 106
760 74
888 126
565 66
444 137
330 66
565 358
695 93
439 56
806 106
1150 236
858 106
1290 576
904 406
56 218
470 106
491 93
1550 93
1260 156
406 106
1966 576
696 196
390 86
241 93
256 116
796 56
417 116
1766 106
356 93
2070 126
630 93
750 93
406 56
868 93
256 116
778 66
540 93
511 93
306 93
470 126
1041 56
919 93
1616 66
474 61
356 131
990 56
511 66
1886 66
406 186
839 86
808 136
429 307
1555 372
880 66
1140 76
491 93
444 137
663 126
206 56
294 156
469 106
1266 66
391 66
919 93
521 66
1041 56
791 126
174 545
406 93
846 66
855 126
960 126
2068 468
438 406
538 56
851 137
438 406
1534 66
159 567
146 466
348 403
821 93
568 66
348 403
456 156
2162 106
306 106
408 136
202 894
1390 98
241 66
2406 88
406 156
882 86
406 156
1188 66
845 126
770 126
424 136
348 403
339 146
844 123
501 66
770 66
306 146
1430 71
1806 66
835 93
491 93
796 56
470 106
343 156
2348 66
821 93
406 156
406 56
2190 86
690 86
2156 61
695 56
338 66
491 93
1266 66
481 93
202 894
784 56
1251 347
111 395
1410 126
1906 286
491 93
356 93
155 463
182 403
338 66
248 66
2121 581
756 56
2436 56
370 237
2266 66
2406 56
686 203
811 486
446 151
1582 86
406 116
1370 93
2286 48
391 66
506 396
354 121
960 126
376 60
1131 188
750 126
845 126
776 66
559 206
1900 98
600 157
656 93
256 136
718 66
458 66
1356 116
2226 106
320 76
812 56
446 151
370 66
413 93
185 503
1666 46
458 66
1056 66
718 196
805 56
338 56
640 56
769 126
1737 56
580 56
606 56
142 328
149 486
769 126
540 93
306 336
904 406
268 56
588 66
1843 575
393 126
255 383
181 436
359 87
363 172
2266 66
781 66
178 620
1406 93
532 158
506 66
781 48
2048 336
767 137
1615 76
839 86
835 93
1556 586
812 421
338 66
281 66
808 136
406 156
391 66
455 226
350 179
1007 106
1606 66
791 126
820 93
750 93
906 356
516 66
406 126
948 126
1606 66
756 66
1140 76
882 93
395 93
151 56
86 316
558 97
364 68
2286 48
392 87
808 136
1570 93
456 106
1528 86
436 486
872 86
489 98
858 66
2226 556
629 148
156 788
870 106
804 406
449 106
341 93
420 86
870 106
521 93
402 126
1670 106
677 68
620 157
882 86
1355 386
1926 56
639 48
256 116
421 66
750 93
532 86
1890 61
406 96
108 427
906 93
1636 61
594 66
906 76
1608 106
1326 66
366 66
944 61
497 66
343 156
341 93
1066 336
680 554
266 106
445 126
178 115
1167 76
1688 106
406 86
2436 56
295 97
356 116
309 97
819 93
241 93
2382 556
482 86
818 586
1713 116
306 179
422 419
540 206
496 61
445 548
123 66
829 93
781 606
2406 93
491 93
835 123
221 389
131 1163
297 56
756 61
369 204
717 126
406 146
1167 76
406 116
366 66
406 106
1306 56
338 66
446 126
776 76
491 93
374 126
540 206
1608 106
448 468
1288 86
356 176
446 86
1636 116
421 66
406 116
771 137
256 116
271 93
186 285
2402 56
241 66
530 158
2046 56
306 179
2396 56
1002 556
252 218
2103 556
806 61
771 137
379 225
1010 307
403 163
732 137
1210 93
161 450
516 391
406 166
449 93
500 66
990 66
444 86
2406 66
406 91
268 56
2406 66
392 87
406 136
356 206
406 86
248 66
2241 61
981 66
1146 66
808 187
291 66
445 548
706 576
424 136
890 196
829 93
267 106
256 146
521 66
1382 66
931 93
2326 93
2126 546
421 66
1926 56
1048 86
521 66
291 66
1752 93
870 66
406 146
309 137
682 581
404 66
456 66
406 156
775 166
540 206
406 106
888 307
176 506
456 121
906 66
783 179
740 770
341 93
522 389
565 66
868 556
549 97
252 93
2028 66
1956 56
406 156
1380 66
471 66
421 66
251 66
606 66
325 136
1271 176
1020 66
1076 256
186 285
339 146
456 106
182 365
920 86
406 156
1703 66
319 258
717 126
452 1206
860 67
1403 66
206 66
178 620
1752 126
797 328
1048 66
406 156
256 116
421 66
375 527
771 162
406 166
2382 556
343 156
155 463
1752 93
511 66
511 66
2103 556
1728 66
406 106
838 176
321 66
710 76
770 86
420 66
470 106
163 417
978 76
390 137
826 66
406 86
501 46
1126 56
501 66
667 528
181 280
142 328
1520 76
1866 61
238 76
506 158
2070 126
2286 48
316 392
910 576
387 131
470 138
1871 56
321 93
549 97
613 86
532 86
876 86
828 66
876 106
390 137
666 86
501 66
978 76
399 56
486 66
530 158
511 66
1355 66
511 66
366 66
538 66
415 66
256 179
256 136
2404 906
1550 436
891 66
406 156
178 620
811 66
808 136
406 126
456 156
1733 66
1806 66
291 278
791 66
341 93
446 126
931 306
1241 131
486 56
1550 93
256 136
363 172
366 486
371 66
872 86
1406 93
768 126
1290 93
667 536
1288 126
406 156
1728 66
356 176
420 106
446 151
758 138
252 93
486 56
808 136
256 116
1340 256
306 126
842 66
1550 93
356 106
736 107
409 251
567 93
696 176
766 93
396 91
957 66
413 156
2406 56
256 116
163 417
1241 131
1508 56
406 156
844 123
556 466
990 586
774 179
770 128
887 203
256 136
491 93
402 126
445 66
406 106
890 66
706 86
756 66
720 278
371 66
1382 66
682 76
291 93
1906 286
421 66
1570 106
406 126
181 280
565 66
480 86
491 93
851 137
421 66
406 106
436 458
370 86
420 308
1546 414
486 486
863 56
486 56
1962 106
791 66
1500 56
713 86
1076 66
322 97
2356 106
397 225
406 136
646 66
842 137
868 93
406 56
1953 86
1030 56
1306 56
766 93
783 179
465 156
2286 48
437 86
396 106
706 86
797 126
2316 56
1385 86
256 136
344 136
657 146
540 206
835 123
516 391
835 56
1406 93
829 93
835 95
378 66
406 106
769 66
703 288
447 106
2402 576
1419 66
86 239
393 126
471 66
1391 106
2036 566
501 66
338 56
348 403
523 133
431 66
378 66
309 137
252 218
417 393
600 176
549 97
777 203
388 66
785 76
140 537
158 468
587 56
706 86
178 115
523 133
796 56
420 336
344 126
182 403
388 72
668 166
796 95
811 66
540 206
1406 93
767 137
860 74
199 356
429 468
366 556
785 76
341 93
406 156
636 196
2406 88
341 530
533 61
680 76
706 86
256 146
568 56
424 136
421 66
356 116
366 66
491 66
174 566
1470 136
406 136
146 466
666 86
1108 57
1048 106
791 126
338 56
501 66
182 397
656 126
2067 56
450 66
291 278
1870 86
1030 86
1658 86
491 93
904 528
406 146
768 93
612 68
990 66
421 56
406 116
2216 256
1656 56
888 576
596 187
570 66
750 126
429 307
1063 76
78 338
808 136
1260 156
406 146
921 86
406 86
406 206
397 87
456 156
348 146
740 106
482 86
823 76
1931 66
172 469
390 137
406 106
391 76
256 136
291 66
888 126
758 138
251 66
445 173
404 486
388 76
406 156
796 106
781 486
420 336
406 146
354 121
491 93
811 66
620 93
338 146
677 68
348 146
1314 93
1570 93
797 216
663 66
482 86
321 66
669 86
325 518
718 66
338 76
356 131
496 86
895 86
269 66
746 56
1770 93
990 66
186 285
766 66
688 66
181 436
558 97
981 76
695 93
491 93
376 97
283 611
444 137
511 93
533 61
155 463
86 239
378 66
1063 449
455 86
2236 86
1593 106
396 106
1636 66
406 56
1406 66
657 146
386 121
261 66
843 187
1733 106
480 56
678 66
556 546
990 558
406 106
842 137
356 176
767 68
123 66
169 386
747 318
298 66
420 308
521 66
978 76
406 86
480 793
1546 414
639 56
767 137
771 137
480 452
268 86
741 56
309 137
2121 88
1416 106
606 336
620 157
417 116
271 93
330 66
256 136
518 66
169 386
960 66
908 61
1755 430
325 136
1536 66
806 161
695 93
420 308
710 196
1546 86
438 406
872 61
891 256
338 66
770 61
696 66
824 527
811 66
538 66
796 56
1550 436
860 67
1326 66
131 1163
838 176
1615 76
930 106
396 91
406 106
474 457
449 126
2266 56
824 106
271 93
990 66
183 743
356 93
406 56
528 56
2286 48
309 137
420 566
388 76
338 66
406 116
1063 453
466 126
1526 56
556 66
420 278
565 358
306 106
808 136
489 86
678 66
638 93
316 392
870 106
906 56
491 93
417 116
182 403
256 116
851 137
291 66
256 136
829 93
291 278
2373 66
808 136
399 56
1179 76
247 93
344 76
927 556
406 156
889 406
745 318
1146 106
1570 93
1755 360
870 106
471 93
785 66
668 166
406 106
781 48
261 66
290 187
491 93
920 76
888 126
445 328
241 66
2101 56
491 93
406 146
333 126
420 93
1966 576
829 528
970 66
741 56
448 468
417 116
819 332
829 93
501 66
392 183
659 56
2402 48
319 86
491 93
457 106
791 126
446 151
491 93
2236 86
305 56
174 307
870 93
781 66
1550 556
406 66
1534 48
1788 66
703 442
1002 93
695 556
868 93
465 156
646 66
1108 57
406 156
1466 88
517 93
406 66
511 66
1962 61
429 307
1260 48
870 126
1546 414
530 106
420 336
1526 606
321 66
378 225
406 126
446 126
2382 556
456 66
781 66
256 136
406 156
366 56
186 285
1206 106
356 236
1758 76
1570 93
650 393
286 136
811 486
824 527
1944 91
1404 468
430 421
806 56
1002 93
568 56
835 556
1550 93
663 66
676 106
465 156
811 66
620 93
406 106
486 486
406 116
480 402
764 176
482 86
516 391
1606 426
1146 66
286 136
696 176
148 739
663 478
319 86
835 123
470 66
406 56
888 336
733 620
1406 66
501 66
288 66
528 56
421 66
829 93
406 116
456 66
486 56
356 116
486 56
188 86
500 66
858 106
611 257
778 56
511 66
324 528
481 93
406 126
1076 66
957 66
620 157
781 536
565 93
388 66
2272 91
309 137
769 66
491 93
835 556
746 586
497 66
406 156
266 106
1380 76
829 93
1290 576
159 567
356 116
256 136
1188 86
843 187
741 86
1498 820
486 56
406 116
842 137
141 48
1416 176
174 307
501 66
523 133
256 136
482 86
206 56
182 403
1566 66
663 187
256 106
781 556
406 136
2216 106
776 56
1055 66
370 237
163 417
406 96
612 257
288 56
676 106
309 97
436 66
713 106
744 347
141 508
1210 324
1076 66
406 146
406 186
320 258
819 126
1788 66
2286 48
528 86
326 66
356 116
1670 106
511 66
406 106
813 360
