2500
1220 2440
286 156
288 246
805 56
408 136
690 76
1962 61
445 66
1290 576
565 358
2216 336
356 116
370 93
1402 86
556 61
438 66
528 86
1402 86
706 86
1416 176
811 486
1056 61
789 137
1210 545
356 206
1758 76
716 126
1570 93
758 146
183 743
500 66
506 406
406 156
446 126
491 93
406 106
1419 66
919 528
324 528
1131 188
480 402
347 66
1355 66
1430 56
919 93
330 66
181 280
1041 56
469 106
399 56
538 66
806 93
1550 93
178 620
502 66
1970 286
271 93
774 86
2426 76
876 66
2162 106
327 96
891 556
321 66
2216 256
491 93
870 93
306 106
406 156
838 176
406 91
338 56
549 97
842 137
809 86
906 66
406 91
406 126
446 151
1970 336
695 56
206 56
491 93
445 66
378 87
540 93
306 126
1258 106
406 116
530 158
252 93
406 126
906 66
768 93
1506 66
1385 76
824 66
256 179
2070 93
876 106
420 306
540 205
449 106
1020 56
252 246
836 66
268 86
880 66
270 106
819 126
306 106
446 151
624 175
532 158
540 206
540 93
182 403
291 66
186 285
430 421
446 126
256 106
327 318
818 66
457 106
528 66
2005 66
370 66
770 61
2151 46
1956 191
737 126
306 198
2067 56
781 93
811 56
406 156
733 620
241 66
781 93
420 66
491 93
1380 66
663 478
2241 106
406 156
808 136
523 133
356 116
489 98
268 56
785 76
141 48
1170 66
838 176
420 66
291 66
1498 820
612 257
406 56
888 336
406 156
1210 324
776 66
321 66
356 116
1140 76
388 72
456 121
340 93
436 66
1170 66
420 106
113 427
855 126
1048 66
1976 86
1063 76
2382 556
816 216
344 76
421 66
769 56
406 206
682 581
960 66
528 56
534 61
1731 66
501 66
256 136
497 66
663 66
1288 126
796 124
406 116
256 116
359 87
516 56
600 93
538 66
421 66
106 106
690 86
824 106
338 56
532 86
256 106
678 66
913 88
338 146
406 86
1486 56
406 106
716 90
971 126
136 185
412 528
231 76
806 93
406 136
1546 414
312 68
695 56
835 528
491 93
2236 86
406 106
1593 106
406 136
778 66
2406 56
620 106
1820 66
406 156
835 93
516 66
321 66
695 93
1970 156
396 91
202 388
531 66
2326 556
1498 356
939 86
1006 86
2402 48
251 66
910 66
1056 66
202 894
835 528
872 61
750 126
703 446
393 889
66 536
406 86
1586 63
406 156
860 156
806 93
990 558
155 463
1534 66
286 136
139 413
849 66
533 61
206 66
449 106
420 66
2116 86
148 534
158 305
708 106
1406 56
1076 256
970 66
420 308
326 66
241 66
547 56
506 176
843 187
320 258
870 106
163 417
1570 93
870 126
769 126
141 508
340 93
2106 106
183 743
181 280
1651 66
420 66
388 66
471 66
990 586
663 187
226 196
408 136
300 267
344 136
606 336
449 126
1636 116
406 156
720 126
1512 66
342 166
424 136
256 116
486 56
829 93
321 66
830 56
1570 93
813 360
406 116
397 225
202 894
656 256
682 76
491 93
471 66
855 66
1006 86
887 203
657 146
930 86
420 66
348 403
306 198
522 389
446 151
456 146
348 403
343 156
1188 66
366 66
695 556
791 66
268 86
849 126
843 187
422 398
458 66
600 176
882 86
256 136
404 66
1550 93
444 137
367 86
567 93
910 66
241 66
438 406
680 66
186 285
968 93
268 56
547 56
457 106
808 136
471 66
726 66
438 436
439 366
444 137
808 136
788 88
521 66
646 586
455 206
199 356
921 86
406 116
406 116
663 156
528 56
1210 426
441 66
1063 449
406 156
180 453
491 93
111 638
2161 56
1450 76
570 66
519 56
406 186
845 126
708 106
386 121
791 126
306 106
1665 86
629 148
1091 66
470 106
600 157
1406 93
1506 241
1296 166
1616 106
181 436
1906 66
319 258
206 56
2016 151
643 884
2402 576
818 558
845 66
339 146
439 56
1398 600
770 93
406 206
438 436
696 176
283 611
810 66
620 93
420 86
350 179
959 66
1218 76
406 86
882 86
325 136
898 66
420 336
406 116
1406 66
319 258
356 93
593 417
251 66
960 66
1956 56
1416 106
2241 61
990 56
813 360
1555 372
1210 426
891 66
1406 66
506 406
888 336
1926 56
1070 61
491 93
1820 66
882 86
640 56
2411 58
491 93
2382 556
726 66
835 93
271 66
356 116
252 93
2286 48
271 93
391 97
812 203
306 126
1172 517
324 528
870 106
480 56
199 356
652 66
745 66
296 156
402 173
2106 106
809 156
667 536
921 86
456 121
888 66
1586 63
1981 106
2070 93
491 93
2286 48
758 146
666 86
2070 126
2206 56
371 126
2406 93
380 76
421 66
256 93
199 356
1326 66
540 205
2301 186
726 66
719 172
808 136
343 156
501 66
730 236
366 556
990 66
66 846
870 126
388 76
835 95
849 66
1870 86
1556 586
251 66
1178 218
1406 93
409 86
528 66
271 93
695 56
1908 86
406 86
271 93
183 397
1131 306
431 66
280 93
486 56
809 106
676 106
540 206
1881 56
1066 336
1406 93
1908 86
456 146
1056 106
890 106
666 86
430 421
406 106
768 556
872 61
1419 66
406 86
695 56
185 503
692 587
870 106
1416 176
1752 126
606 566
978 76
559 206
682 581
486 56
2126 46
180 453
1606 66
354 121
388 72
739 285
406 56
491 93
553 489
769 86
406 106
406 106
406 156
770 128
406 56
1251 61
306 179
359 87
1646 406
232 824
487 186
870 126
439 126
2026 56
506 48
600 176
430 421
158 305
406 106
2006 93
1758 66
880 56
182 397
636 196
600 157
269 66
1406 93
1076 66
1270 66
870 106
269 66
496 61
491 93
322 97
1826 449
758 106
474 61
320 126
950 106
833 307
1418 96
1665 86
887 203
534 61
532 86
320 126
418 66
791 66
182 403
769 66
812 407
321 66
338 56
2190 86
163 417
370 176
356 324
882 86
745 126
456 156
806 236
556 66
516 391
446 151
146 466
657 146
937 66
370 256
1716 93
806 93
256 136
406 56
437 86
700 126
870 106
823 76
159 567
695 93
291 66
726 56
809 61
344 126
1418 96
406 116
396 106
532 158
346 535
781 48
188 86
1008 46
960 66
534 61
761 93
2266 66
1956 66
1055 66
876 106
1007 106
406 136
471 66
450 56
320 76
540 93
811 486
391 66
256 116
776 66
2402 56
2272 91
271 93
506 106
406 206
760 156
2388 86
830 56
713 86
960 126
1306 66
906 66
343 156
1506 106
1385 86
2292 472
835 123
399 56
86 489
486 56
620 157
1007 106
956 66
406 86
937 158
421 66
309 87
843 187
562 66
406 146
676 82
743 337
174 545
663 66
540 93
806 93
1210 93
930 56
791 126
471 66
521 66
891 256
481 93
869 86
553 489
540 206
1179 76
424 136
341 93
1391 66
506 406
888 307
388 72
406 106
530 406
321 93
421 66
481 93
1556 106
523 133
781 66
1179 76
1271 176
808 136
1616 106
818 558
320 258
549 97
1290 576
1056 246
248 66
740 86
271 93
506 176
1036 356
306 106
458 66
163 417
696 66
163 417
388 72
348 403
1170 66
761 93
420 86
221 389
386 121
666 86
1266 66
470 286
359 87
920 76
2316 56
2406 56
2026 66
406 106
981 76
321 66
320 258
271 56
487 186
1659 398
1895 86
2348 66
294 66
491 93
420 278
594 66
1258 106
406 116
456 106
406 66
1036 356
573 326
271 93
891 66
695 93
202 894
2005 66
1326 66
811 56
181 280
540 206
540 205
770 66
606 239
356 106
2326 768
366 66
870 106
565 126
148 535
1666 61
482 86
342 166
406 156
248 66
359 87
1055 126
521 66
298 66
444 86
2316 56
818 126
1215 61
455 86
600 176
469 106
1306 66
446 126
2286 48
788 66
829 528
298 66
1658 86
56 566
620 157
271 93
356 206
491 93
536 56
1701 86
342 166
769 66
491 93
406 126
248 86
888 307
962 126
291 66
469 106
501 66
970 126
406 156
387 131
981 66
393 126
745 318
458 106
1167 76
1956 66
613 86
2388 86
320 76
406 136
540 206
533 61
796 95
420 126
959 66
406 66
1108 57
409 286
620 157
255 383
781 556
1659 398
764 126
1665 56
902 358
860 156
185 503
570 86
538 56
565 358
392 183
1030 174
338 66
1179 66
1290 576
978 76
629 148
1981 106
261 66
558 97
556 60
1063 76
378 87
501 66
732 137
123 66
913 417
950 66
404 486
445 173
496 135
823 183
1048 86
424 136
436 66
408 106
390 137
356 116
202 894
406 156
874 123
2402 56
386 121
1406 56
2406 66
769 56
868 93
2266 66
1512 66
502 66
406 166
1167 76
835 76
406 91
291 66
406 156
1110 236
185 503
406 86
896 203
406 126
497 66
356 116
1260 326
291 93
297 56
422 419
816 183
438 436
206 426
600 176
924 66
413 93
201 86
818 66
399 56
390 86
320 86
491 93
796 95
1210 546
294 156
413 156
768 93
870 86
1251 347
486 56
196 56
612 68
745 93
656 93
1416 176
456 106
491 93
770 56
185 503
441 66
808 136
2288 66
774 86
449 556
798 449
465 156
516 306
406 156
1406 56
182 433
455 226
298 66
1900 98
2241 106
891 86
1404 468
856 126
655 66
1870 76
1716 93
421 66
860 56
888 336
161 449
870 106
547 56
778 56
2012 151
1290 93
887 203
390 86
2402 48
417 116
745 318
406 156
1218 76
1215 61
470 106
420 66
452 1206
304 126
2070 126
422 126
808 136
1733 66
880 66
808 136
758 72
823 76
558 97
781 66
1770 93
392 183
2091 56
255 383
159 567
188 86
406 126
587 56
2406 93
769 126
326 66
148 739
1820 93
321 66
835 123
919 126
797 188
421 66
421 66
2006 93
221 389
1733 66
580 56
943 76
798 453
695 56
288 66
420 93
406 116
491 93
526 66
970 106
625 377
224 429
2006 93
1056 246
778 66
931 93
370 66
700 336
600 157
1088 326
406 156
682 66
2396 56
821 93
1755 430
812 86
1029 76
356 93
616 66
521 66
298 66
1255 74
659 48
840 66
528 86
2046 56
155 463
491 93
547 56
1020 56
420 66
919 556
806 286
2116 56
874 123
320 88
1374 66
1506 420
456 121
2026 56
248 66
1755 360
1218 76
540 205
818 66
396 91
491 93
2070 126
271 93
482 86
600 157
198 323
1598 106
294 156
687 184
540 206
436 458
778 66
185 503
2426 76
898 66
343 156
806 56
870 66
406 116
887 203
408 106
766 56
818 66
594 66
962 126
403 66
830 86
549 97
776 66
1376 256
1210 93
1000 126
371 66
321 93
406 66
511 93
2070 126
330 66
2382 576
538 66
1866 61
1406 66
501 66
1659 398
486 66
1570 93
1070 106
888 76
1179 66
696 56
306 166
375 66
1550 93
779 66
268 406
506 61
784 179
281 66
338 56
290 187
1170 66
2121 56
163 417
388 72
186 285
202 894
421 66
172 389
446 151
1570 93
745 318
341 93
1820 66
549 97
1007 86
391 97
354 121
341 93
406 116
2382 556
1306 66
769 66
1206 93
892 123
829 93
452 86
931 306
1788 66
1236 306
838 176
558 97
663 187
745 66
808 136
856 156
1290 93
2016 151
528 86
565 93
1406 93
2406 93
844 123
743 86
786 56
178 620
890 196
309 137
414 173
868 555
1534 48
523 187
521 93
1659 398
806 286
496 61
424 136
456 66
842 137
565 66
523 187
710 93
406 126
2368 468
1406 93
486 56
942 86
406 106
1221 56
835 93
390 137
875 66
306 179
391 66
2012 151
568 66
745 346
406 156
396 106
677 68
835 528
438 436
167 308
1498 356
406 126
417 116
491 93
420 126
870 106
408 136
536 56
298 66
706 576
406 56
488 76
1606 66
338 66
1056 106
480 402
1028 421
898 106
620 93
981 56
220 86
1210 324
1820 93
839 76
388 66
2079 106
378 87
286 156
306 146
123 66
409 86
873 93
708 106
872 61
663 66
338 146
343 156
1179 66
468 66
388 66
893 86
536 56
406 186
639 288
470 106
406 146
180 453
716 206
868 126
2012 151
206 66
2026 56
1206 93
491 93
789 137
770 66
2406 106
180 453
491 93
1293 86
359 87
2402 48
406 156
1260 66
530 158
1570 93
2196 66
1215 61
919 528
1056 246
1002 93
845 126
881 467
769 126
805 56
539 503
389 87
2091 56
320 86
1946 66
870 126
1290 93
829 93
321 93
321 66
406 156
904 528
406 156
406 56
366 56
1126 56
1314 93
1612 93
408 136
1843 575
251 66
1646 406
170 567
695 93
417 116
511 66
586 106
620 157
516 391
788 66
496 135
559 206
528 56
106 106
1289 406
678 66
388 72
783 68
1355 66
393 126
406 166
1390 98
695 93
934 198
447 106
906 93
338 66
553 165
803 421
808 136
2044 106
808 136
256 116
2326 93
746 556
259 377
406 116
1606 426
1550 93
406 126
406 156
370 86
1670 106
364 68
1826 66
1290 93
1713 116
758 138
970 106
1246 406
446 151
271 93
86 970
421 66
456 356
781 486
639 288
708 106
2121 61
438 436
1064 46
870 336
2439 66
406 156
906 56
413 136
540 205
829 93
870 126
2070 93
808 136
812 56
876 86
491 66
456 121
445 548
525 173
1895 206
756 66
406 146
406 156
111 395
420 66
316 66
1108 57
770 86
406 186
758 72
556 66
406 146
516 278
406 136
491 93
406 116
409 76
2406 66
1416 176
486 56
1266 81
406 156
1752 93
819 66
692 587
855 126
348 146
745 66
1290 93
406 106
256 288
406 156
445 66
429 307
487 186
845 126
783 179
2016 151
444 137
458 66
771 137
406 326
1406 93
829 93
283 87
402 173
1036 316
491 93
319 86
406 126
785 76
456 156
682 76
960 66
406 156
306 106
374 126
497 66
741 56
2005 66
1390 98
366 56
1030 86
531 66
938 386
306 166
1570 93
1179 76
803 170
811 56
113 928
565 386
456 436
593 417
1055 66
474 61
406 86
271 93
491 93
594 66
1506 106
1007 106
406 356
543 416
509 76
1973 489
491 93
1418 96
356 116
1306 66
508 126
518 66
406 116
470 287
343 156
937 158
828 66
1210 93
2316 56
404 66
823 183
1598 246
241 93
744 347
291 66
325 136
142 328
1410 106
406 86
406 186
523 187
2005 66
781 66
2371 66
444 137
370 86
1895 86
769 126
2003 414
784 179
1403 66
1289 393
750 93
487 86
594 66
1836 61
420 86
501 66
491 93
185 503
465 156
741 56
1556 93
329 136
718 66
386 121
785 66
2346 66
870 308
1886 66
182 403
2106 56
1002 93
1716 93
471 66
741 56
456 146
606 239
2241 61
481 93
906 156
1048 106
456 436
835 123
406 106
612 257
2048 336
86 239
491 93
696 88
481 93
392 87
406 146
417 116
198 323
396 91
501 93
797 188
306 166
309 137
558 97
558 97
406 116
500 66
1350 76
420 336
482 86
808 136
330 66
1788 66
816 216
1266 66
456 121
1550 93
1260 48
376 60
786 88
536 56
718 66
2121 61
736 107
406 126
1416 176
695 556
845 126
783 179
445 66
1188 66
406 156
768 93
706 206
448 468
1170 88
2326 93
256 179
480 452
910 66
291 93
338 146
874 123
370 176
391 66
406 106
406 106
338 66
663 506
2286 48
178 115
511 66
288 66
414 173
1167 76
123 936
123 918
170 196
870 126
445 66
565 66
1406 66
406 106
1255 56
406 136
682 474
2266 66
486 486
849 126
1260 48
486 56
333 68
420 66
356 116
1246 406
1656 66
256 136
470 138
776 241
682 66
1808 346
695 93
256 136
853 385
521 93
928 123
417 116
1550 93
811 486
291 278
657 146
261 66
2151 46
502 66
406 156
1556 106
775 166
406 106
408 106
690 76
343 156
2005 66
1962 106
2439 93
2396 56
330 66
835 95
746 88
1806 66
1688 106
449 126
1739 64
348 403
829 93
341 93
409 86
370 66
420 66
452 86
491 93
706 86
981 66
770 241
482 86
540 206
783 528
267 106
620 157
536 66
482 86
271 93
397 87
990 66
663 506
528 66
1406 66
2406 86
855 126
231 76
281 66
406 156
252 93
390 137
170 196
406 126
789 137
306 106
1055 66
880 66
406 116
580 56
600 176
366 56
549 97
348 403
540 206
327 318
441 66
1716 216
1020 66
437 86
123 918
1170 126
629 148
750 126
406 56
656 126
309 87
256 116
743 86
770 296
768 93
1970 336
1534 66
436 458
400 86
406 156
471 93
406 106
406 156
906 76
657 146
870 93
530 61
806 93
200 66
421 66
870 126
797 126
449 106
721 66
429 468
368 66
506 176
296 156
1534 66
420 66
2061 88
2116 61
491 93
183 397
356 116
329 76
721 66
2370 106
688 56
811 56
497 66
470 106
364 68
2048 336
288 66
740 770
420 66
406 126
390 137
778 66
2011 66
830 76
343 156
1066 336
165 553
1788 66
341 93
2406 106
2091 66
663 506
420 93
289 1172
880 66
896 203
819 66
2070 126
302 126
981 286
188 86
458 406
784 179
823 76
768 93
325 136
667 536
406 116
406 146
1418 66
283 612
396 106
640 87
447 106
2368 468
620 176
86 970
417 116
476 126
856 126
2174 56
406 126
2016 151
1416 176
347 86
151 56
406 106
406 146
123 66
482 86
1802 76
476 126
406 156
163 586
882 93
2241 61
406 156
186 285
553 489
369 66
446 151
809 106
860 74
511 93
791 66
356 116
141 431
406 156
491 93
86 489
860 156
2426 66
532 86
842 137
1995 106
356 176
2126 546
421 66
1870 76
417 116
920 86
779 545
181 436
2106 86
408 136
791 126
406 56
391 97
868 126
838 176
1260 48
491 93
1290 93
445 66
788 88
538 66
477 126
549 97
456 121
690 76
1550 436
902 358
480 86
206 408
141 48
174 544
458 66
146 466
420 566
511 66
1066 336
1063 76
406 146
2326 66
367 206
456 106
2266 56
396 106
309 137
491 66
771 137
1895 76
1870 86
486 66
670 575
696 56
533 61
1426 64
808 136
511 66
291 66
1665 56
835 95
406 156
2316 56
975 86
470 86
471 66
491 93
596 187
509 76
2368 468
356 176
703 288
139 413
1656 66
491 66
696 88
429 468
2382 556
490 66
532 86
600 176
789 66
309 137
768 126
1788 48
663 66
780 197
600 157
501 93
202 894
812 407
391 97
1416 176
348 403
747 318
486 106
565 66
420 106
1486 56
769 66
1106 61
356 116
2316 56
281 66
140 537
2116 56
438 406
516 66
1355 66
497 66
600 157
324 56
1752 93
491 66
745 126
556 106
1289 406
388 106
626 126
553 165
386 121
720 335
406 86
1733 66
406 106
880 126
797 66
486 56
941 66
869 86
174 553
388 66
784 56
371 66
663 506
1703 66
913 88
2126 546
771 137
405 162
158 468
791 66
406 136
741 86
404 66
1260 156
319 86
497 66
556 546
1636 61
267 106
2316 56
813 360
809 86
433 156
1306 66
417 116
1406 76
406 116
256 116
142 328
1055 126
380 76
406 56
2161 66
330 436
341 93
406 86
256 126
370 237
906 93
178 620
586 106
388 72
2348 66
328 238
767 137
170 567
769 265
1251 347
2326 556
797 66
758 72
869 86
1306 56
350 179
2426 56
594 66
486 56
799 76
1973 489
1944 91
446 151
771 162
356 106
446 151
1398 620
785 76
309 137
1876 106
1236 306
1506 342
937 66
2006 93
516 584
696 56
1570 406
2162 106
438 406
458 66
1953 86
421 66
282 66
291 66
1251 61
720 308
536 66
511 93
786 56
842 137
477 126
796 95
490 66
421 66
347 66
325 136
396 91
695 528
430 407
741 91
532 158
1788 48
491 93
1595 421
521 66
491 93
1550 556
1733 86
202 894
222 433
322 97
2406 106
806 93
501 66
306 106
1382 76
981 76
256 136
172 469
247 93
356 324
1606 66
408 556
988 106
455 206
377 56
491 93
444 137
469 106
183 743
797 188
248 66
471 93
791 126
818 558
860 56
255 383
568 66
770 128
396 91
1752 93
481 93
839 76
811 66
523 133
956 106
781 56
789 137
168 353
489 86
178 620
256 136
851 137
456 146
470 76
805 56
906 93
1870 86
2286 48
620 157
1380 76
891 66
348 403
406 126
1970 336
252 218
497 66
306 93
438 406
170 226
436 66
343 156
1606 66
392 87
2196 66
1966 56
453 363
1260 86
402 173
406 156
812 86
858 86
86 316
1218 76
809 86
86 489
906 286
891 126
844 123
1048 66
424 136
1206 106
181 280
338 66
374 76
870 126
393 126
656 93
2046 56
397 225
316 66
480 402
1326 66
1895 76
930 61
2326 126
1260 86
186 285
406 126
855 126
768 93
163 417
343 156
570 86
880 66
391 97
636 196
1806 66
271 66
421 66
356 176
141 431
170 567
391 66
1176 66
710 76
1450 76
1406 66
506 396
356 66
771 137
163 417
516 391
1820 93
271 93
436 458
743 86
283 87
975 86
108 427
402 173
428 96
252 246
888 336
538 66
1241 131
424 136
392 87
838 176
251 66
1391 106
2156 61
356 286
1260 156
506 106
1270 66
1306 66
2070 93
406 156
1055 66
1340 310
1556 586
766 93
750 768
341 93
199 356
808 136
1616 66
406 156
338 66
501 46
771 162
398 93
356 324
406 146
1030 56
2361 46
957 66
600 176
939 86
471 66
808 136
855 126
767 137
1546 414
2070 126
106 106
2241 61
256 136
489 98
1716 93
629 148
741 56
491 93
1416 176
420 417
406 106
521 93
540 206
990 126
808 136
356 116
370 86
306 198
163 417
386 66
666 424
1870 76
320 303
471 66
178 620
406 126
406 183
417 116
406 86
1402 86
449 93
456 156
797 328
386 121
348 403
497 66
1636 61
1188 66
764 136
491 93
1188 66
620 93
316 66
1150 236
441 66
870 126
450 56
538 66
708 106
406 56
1752 126
611 257
538 66
808 136
1895 106
256 136
1770 66
562 66
2292 427
343 156
470 258
750 138
2326 126
492 558
446 151
828 66
1666 46
399 56
256 146
587 56
646 586
770 61
390 137
337 106
860 67
1659 66
2406 66
613 86
650 894
856 88
1659 398
875 465
808 136
369 204
271 93
558 97
396 91
720 308
420 308
295 97
406 106
491 66
2044 106
163 417
818 66
870 93
370 66
304 126
639 288
388 66
960 566
456 146
446 151
1470 136
839 76
2176 106
785 76
174 76
797 66
343 156
320 76
2236 86
770 556
470 106
809 86
600 176
910 126
1326 66
108 427
343 156
420 86
1098 365
256 179
480 56
667 556
491 93
1550 93
1973 489
339 66
746 556
391 97
2406 66
2226 556
423 310
290 206
1406 93
1606 426
487 186
406 146
366 56
769 126
838 176
491 93
356 176
339 146
252 246
497 66
386 121
1508 56
343 156
2026 56
1755 360
869 86
696 88
538 66
142 328
359 87
1007 106
439 66
491 93
1606 426
406 96
565 126
540 205
870 93
668 166
596 187
2131 56
1788 66
403 163
406 146
163 417
2348 536
446 151
1906 66
256 116
600 157
491 93
261 66
471 66
393 889
628 126
868 126
1500 56
370 66
540 93
66 578
420 93
870 86
456 106
534 61
758 72
348 146
298 66
271 93
910 126
1416 176
737 66
176 307
496 135
568 56
181 436
706 86
1002 93
506 396
2326 126
729 86
413 136
491 93
667 528
2316 56
