1000
1220 2440
746 586
606 239
441 66
420 126
1266 66
868 555
891 256
291 278
2382 556
319 258
870 106
816 183
553 489
710 241
516 278
870 308
744 347
870 106
889 406
1404 468
423 310
1290 576
1598 246
483 558
438 406
910 576
420 278
406 186
726 66
1550 420
1210 406
803 106
768 555
221 389
913 88
356 196
342 166
420 306
310 236
406 86
913 417
291 278
1946 66
797 66
422 419
761 486
406 156
706 225
468 206
1450 76
904 406
710 93
470 66
667 536
806 106
1526 606
420 306
888 336
703 288
356 206
1546 414
761 486
324 528
491 66
420 86
875 465
768 555
231 76
1289 393
486 56
1946 66
397 87
438 406
891 576
919 528
1390 466
889 406
898 66
2382 556
480 402
778 66
593 417
449 126
508 206
370 356
1550 436
892 123
181 280
1071 285
458 406
747 318
1500 56
1210 426
774 179
670 575
733 620
449 556
1340 310
1260 66
424 136
769 66
422 398
620 570
391 97
1340 256
745 346
458 406
482 86
835 528
839 86
1251 347
2036 566
1210 426
666 424
1546 414
2070 93
388 76
891 126
540 205
880 66
1246 406
750 740
438 406
718 399
2402 56
1659 398
445 66
890 781
232 824
370 197
588 256
639 288
456 206
720 308
356 206
808 136
396 166
2070 93
412 528
291 66
2005 66
181 436
1818 86
1289 402
516 391
910 126
952 106
663 506
802 366
324 528
2106 306
2368 468
1290 576
370 66
778 486
471 93
1056 246
486 486
2382 556
1770 336
888 86
1179 76
1636 61
333 378
2012 151
421 66
429 307
170 196
818 126
456 336
1091 66
316 392
406 56
506 158
769 486
2048 336
437 528
1290 576
453 398
750 768
771 162
2348 536
444 137
438 406
565 93
356 116
283 611
620 93
1895 206
948 456
136 185
330 436
392 87
86 288
1570 93
319 258
422 419
1406 66
611 257
1025 453
1066 336
745 346
884 338
1636 366
1041 56
406 545
470 377
306 336
703 442
695 528
1546 414
421 66
806 236
438 436
770 253
1391 406
252 218
776 76
348 403
406 106
422 398
927 556
620 93
384 456
491 93
818 586
1406 66
1718 625
2241 106
2068 468
420 566
768 556
768 555
797 328
320 296
304 126
906 356
798 449
1355 386
370 356
2126 546
753 354
420 308
774 179
516 306
429 307
1550 436
330 436
1110 236
860 74
366 458
456 336
198 323
629 148
445 576
750 768
565 358
797 188
960 566
680 581
868 126
378 87
376 206
2326 556
231 76
270 98
593 417
981 76
868 556
600 93
1755 360
486 486
480 793
320 258
1755 360
919 556
1598 246
870 86
319 341
573 326
830 433
813 360
2406 66
1555 372
621 378
348 403
824 527
453 398
2190 86
1088 326
419 528
781 66
289 1172
680 581
1104 576
437 528
406 156
829 556
316 392
1755 430
375 66
1063 449
429 468
1293 56
448 468
818 558
686 506
356 236
528 66
816 406
391 97
2404 906
1550 436
889 406
406 156
1556 586
990 66
606 239
1055 381
377 56
1241 131
516 306
1350 76
456 336
486 486
1555 372
1071 285
703 442
2292 346
1210 545
682 581
1056 246
309 87
1002 556
509 76
1770 93
990 126
1701 246
1498 356
870 66
663 187
406 206
928 123
474 538
570 237
750 768
718 399
818 558
172 363
1752 93
256 116
720 335
286 136
758 146
1430 64
2048 336
1755 430
421 66
406 86
2266 66
1755 430
291 278
386 121
448 468
429 307
1526 606
1506 241
745 318
370 255
2368 468
756 556
491 93
1659 398
422 419
480 793
224 429
1555 372
449 126
1438 625
406 156
906 456
483 558
343 156
745 318
388 72
356 286
1570 406
486 486
1970 286
470 286
2326 93
1598 246
356 324
1843 575
320 258
838 176
1063 449
491 66
471 66
221 389
746 556
2055 66
556 60
729 86
458 406
224 429
1826 449
256 970
1526 606
639 288
491 93
440 548
538 66
222 433
553 433
420 308
224 429
700 318
455 226
422 548
1251 347
455 86
486 486
703 288
131 1163
1063 453
1030 336
255 383
324 528
480 402
921 86
667 536
1260 326
746 556
1966 206
870 93
1611 859
2012 151
700 318
576 239
891 66
890 537
670 238
804 406
310 236
429 307
511 93
889 406
802 366
306 336
530 396
888 126
406 126
870 336
651 528
902 360
720 335
2093 556
921 86
811 486
370 255
422 398
453 398
348 403
745 346
241 66
1416 176
408 556
593 417
1826 449
853 385
291 66
252 246
729 86
1406 93
486 438
370 256
798 453
835 556
516 391
291 66
1550 556
449 556
960 566
333 378
824 527
747 318
1210 406
853 428
570 237
491 93
2093 556
383 277
835 556
1438 625
678 66
818 558
1716 216
256 970
402 889
919 528
1385 86
429 307
706 225
291 66
476 126
888 336
86 489
891 576
770 356
448 468
1289 393
320 258
1036 356
970 567
530 158
833 309
106 106
888 576
328 256
556 546
420 308
1306 66
206 317
304 126
1063 449
2226 556
420 336
881 356
367 86
1210 545
336 286
1418 96
2382 556
2259 555
600 157
392 87
570 237
1290 576
682 581
256 136
656 196
227 832
1030 336
870 336
856 356
1570 406
818 558
456 336
288 66
1659 398
448 468
356 206
491 93
398 93
784 179
768 555
703 288
406 106
836 66
1206 48
798 449
341 530
651 528
333 378
252 246
621 378
746 586
383 277
338 66
553 489
338 66
429 468
586 106
1910 66
406 156
868 555
812 421
826 66
785 76
1236 306
593 417
606 566
444 137
2126 546
2151 46
523 133
943 76
406 545
743 337
1131 188
1973 489
2066 506
456 436
430 407
453 363
1289 406
1970 286
1550 556
1020 66
450 56
2402 576
415 309
161 449
497 66
1506 420
406 146
224 429
927 256
612 257
1944 91
222 433
148 534
1000 93
553 165
1462 306
422 548
838 176
835 528
2006 93
78 338
406 106
703 288
341 93
682 581
356 206
2326 556
539 503
409 76
747 328
438 406
158 468
409 286
406 545
875 365
406 106
371 66
906 356
666 420
420 278
388 72
520 517
456 106
549 97
178 115
706 576
480 793
868 556
788 66
830 76
812 407
812 421
663 478
813 360
639 56
2216 336
1470 106
393 889
959 106
2216 256
444 137
824 66
1410 126
333 378
439 366
420 66
710 196
891 548
345 535
453 398
870 548
356 286
445 548
457 106
797 216
1752 126
1390 466
2292 472
356 324
1970 286
990 558
1733 66
348 403
666 424
300 1068
2316 56
788 106
1636 366
682 581
767 137
320 258
651 528
781 536
438 406
1055 381
913 417
429 307
2402 576
1550 556
593 417
2216 336
508 206
470 286
406 126
875 365
142 328
56 218
449 93
870 336
798 453
182 403
422 398
1178 218
370 237
2121 581
316 392
356 206
811 486
919 528
756 336
1546 414
406 126
540 206
695 528
2259 555
848 453
370 256
1752 336
491 93
492 558
391 1046
1066 336
1788 66
539 503
1966 206
884 66
341 530
406 206
2348 66
330 66
2056 93
1066 336
2226 348
291 93
568 216
1582 86
1506 342
497 66
2382 556
481 93
2406 581
549 97
811 56
629 356
889 406
445 66
302 126
1140 76
650 894
2382 576
1251 347
913 417
2326 556
666 424
1556 586
1030 56
520 517
2216 256
870 66
491 93
769 66
320 296
746 586
241 66
806 286
2206 56
2402 576
543 435
1556 586
471 93
687 184
2226 348
1788 66
316 392
448 468
1179 76
810 478
540 93
695 93
455 226
746 556
399 56
806 286
271 93
506 66
499 56
448 468
549 97
1391 406
2216 256
1733 66
1770 66
888 307
1526 606
256 970
710 196
480 402
1391 106
283 612
913 417
350 179
449 556
651 528
172 363
798 453
420 93
781 556
797 66
808 136
539 503
356 286
370 255
411 528
2382 556
149 486
224 429
1659 398
770 241
651 528
2126 546
348 403
448 468
620 570
491 93
406 56
835 95
1556 586
769 486
1966 206
835 556
811 66
2066 506
486 56
1104 576
1688 106
1550 93
402 126
853 385
768 556
1570 93
429 307
888 307
1570 93
438 406
409 286
721 66
420 566
492 558
406 156
528 66
446 126
370 66
224 429
1172 517
1636 366
232 824
806 236
818 558
480 402
409 251
768 126
367 206
1550 436
2190 406
826 66
440 548
420 286
1506 241
809 106
612 68
1416 176
1380 66
771 137
686 203
1002 93
833 309
781 486
1385 76
695 556
1526 606
480 793
348 403
458 406
530 158
436 486
2216 336
356 324
370 66
327 96
268 406
818 558
2003 414
1534 48
474 538
1390 466
356 324
1063 449
769 126
802 366
570 237
320 76
2292 472
2048 336
306 336
1135 76
139 413
406 126
890 537
523 187
2259 555
406 146
356 206
1126 56
816 216
388 72
446 151
366 56
530 396
797 216
393 889
770 556
781 556
2070 93
440 548
1289 402
1770 336
888 307
703 442
470 66
398 93
486 56
750 768
291 66
379 225
291 278
639 288
203 397
806 856
1390 466
161 450
810 66
706 225
779 545
600 157
2316 56
706 206
383 277
1752 93
516 414
870 126
770 241
2161 66
347 506
1808 346
456 336
271 93
788 307
720 336
686 506
2326 768
835 56
2216 256
348 403
2216 336
482 86
470 287
231 76
446 386
835 528
1290 93
438 436
348 403
340 93
853 385
424 136
695 93
406 96
703 288
453 398
348 403
696 176
455 528
835 123
839 76
393 889
406 106
868 126
370 356
1870 86
302 126
