1500
1220 2440
1402 86
838 176
611 257
417 393
769 486
819 126
470 106
406 66
306 126
720 336
456 106
316 392
2259 555
342 166
856 356
309 137
636 196
913 417
420 336
816 538
348 403
838 176
2436 106
806 93
406 156
1002 556
2190 86
2104 705
835 528
540 206
756 556
770 216
1973 489
835 93
2121 56
438 406
456 436
453 363
806 93
2436 56
891 126
241 66
530 158
835 123
511 66
1326 66
756 336
540 205
448 468
320 296
656 93
458 406
1506 241
2292 472
390 86
2368 468
1419 66
470 66
695 528
1241 131
1895 206
471 66
446 151
1688 106
540 206
892 123
806 286
348 403
142 328
391 97
620 157
458 66
829 93
456 106
805 56
868 555
706 576
769 66
721 66
1063 449
906 93
2326 556
319 258
872 64
1380 76
447 56
404 56
1820 93
681 106
456 106
420 330
960 566
406 126
726 134
430 407
420 336
429 307
770 217
1550 436
421 66
870 66
1606 426
686 506
86 288
1048 106
406 106
721 356
341 93
1390 466
306 126
858 216
368 66
480 452
785 76
806 93
183 397
808 136
2026 66
528 66
1973 489
417 116
178 620
364 68
594 66
386 121
959 106
437 86
356 116
1550 93
348 403
501 93
383 277
306 179
567 93
370 86
206 287
747 318
391 97
2382 556
458 406
471 66
501 66
354 121
1188 66
1206 93
2292 472
383 277
258 106
906 93
337 106
453 363
136 185
406 116
797 188
612 257
470 377
256 136
606 66
1520 76
942 86
420 306
467 163
487 186
1550 436
283 87
256 116
356 324
720 336
870 93
676 106
2146 93
406 166
506 106
356 206
2064 86
506 61
486 66
1616 66
930 56
919 528
928 123
543 416
835 95
1570 406
950 106
270 106
511 66
366 56
309 137
80 338
888 576
1030 336
990 558
829 556
422 398
516 391
888 66
2104 705
888 76
606 586
870 93
811 66
486 486
836 66
501 66
643 884
2226 348
1441 66
568 206
2266 66
818 66
561 141
741 56
812 421
306 106
570 66
511 66
310 236
919 126
1246 406
320 126
835 528
370 356
1970 156
348 403
791 126
486 486
2216 256
406 156
420 93
406 146
356 324
178 620
366 66
388 72
888 76
185 503
402 889
379 225
482 86
869 556
1063 449
745 318
259 377
756 556
241 66
767 137
491 93
420 417
271 93
1512 66
1135 76
437 86
420 93
889 406
496 61
845 126
406 156
695 556
1290 576
656 256
420 286
436 66
858 66
506 94
486 56
318 508
391 97
966 106
1210 426
465 156
783 308
421 66
2402 576
798 449
356 286
422 398
868 556
777 203
829 556
516 391
1246 406
558 97
480 402
316 392
1385 76
406 156
783 548
406 106
283 87
316 392
370 197
251 93
1806 66
808 136
565 93
445 548
256 146
870 308
321 66
1506 106
1737 56
1826 66
2388 86
756 66
406 116
422 126
430 421
256 146
785 76
938 386
741 61
320 258
329 136
870 126
421 56
199 356
651 528
343 156
409 76
870 106
797 188
1172 517
417 116
283 611
870 336
123 936
695 56
570 237
1606 506
186 285
556 546
393 889
889 406
959 106
1406 66
686 203
808 136
835 556
1210 126
378 87
241 66
1966 206
471 66
1570 93
511 66
1416 176
66 536
458 66
406 126
455 226
835 556
306 106
420 330
860 353
771 137
842 137
809 156
341 93
470 76
2068 468
639 288
1289 406
456 66
829 93
370 66
406 166
306 166
1788 66
437 86
835 556
356 556
182 403
356 558
906 93
1752 336
241 575
291 66
386 121
868 555
320 258
849 66
2382 556
220 86
1550 556
663 156
2064 86
341 93
396 166
251 66
1966 206
568 56
491 93
2326 556
420 336
276 106
491 93
1406 66
919 528
1953 86
870 93
950 86
870 336
1406 66
768 93
2046 56
919 93
320 258
565 358
913 417
538 66
1570 93
1526 88
322 97
808 136
406 156
422 398
430 407
406 86
728 556
170 567
534 61
2006 406
1739 66
880 66
412 528
491 66
703 288
306 106
750 768
666 424
356 176
876 106
491 93
304 126
702 353
486 56
420 278
938 66
655 66
406 106
406 183
2048 336
888 336
491 93
186 285
769 486
745 318
406 136
549 97
1210 93
429 468
356 93
445 173
1066 336
2006 93
809 106
745 346
1306 56
746 556
803 170
470 286
446 126
1416 176
906 66
746 556
666 424
374 126
600 93
606 586
370 255
251 93
789 137
1356 116
844 123
2426 76
1970 286
456 106
309 137
2005 66
406 86
990 66
670 238
906 468
1601 381
370 66
875 66
2382 556
556 60
448 468
1289 393
406 126
842 137
808 136
441 66
482 86
406 156
371 126
732 137
181 436
785 66
770 126
1172 517
1002 93
736 107
702 355
1179 206
668 166
2316 56
156 788
2044 106
168 346
870 106
2396 56
445 86
1188 86
458 66
1615 76
1355 66
1276 166
80 338
739 217
348 403
288 66
271 93
2103 556
761 93
338 56
163 417
975 86
347 506
406 156
806 56
530 158
783 528
1556 586
771 137
612 257
811 486
306 126
420 66
580 56
367 106
182 403
741 56
259 377
206 388
870 106
482 86
2036 566
446 151
356 106
366 66
371 66
842 137
948 126
777 203
870 66
497 66
2003 414
398 93
506 66
453 398
1508 56
271 93
348 403
346 126
430 421
348 403
343 156
1733 66
1570 158
600 176
320 258
538 66
666 420
1973 489
406 106
470 286
817 93
131 1163
913 417
732 137
251 66
390 86
491 93
1055 66
620 106
2348 66
420 93
446 151
549 97
588 256
2048 336
568 66
768 556
396 166
905 198
1056 61
422 419
2026 66
970 567
316 392
406 156
290 187
2012 151
491 66
856 126
769 126
367 206
639 56
657 146
324 218
448 468
2382 556
1066 336
2206 56
406 206
1659 398
384 456
695 93
424 136
428 96
220 66
198 323
2103 556
2288 48
309 87
366 486
931 271
2406 106
1340 256
396 106
706 86
316 392
596 187
383 277
486 486
549 97
1210 545
1390 466
808 136
420 566
1289 393
256 136
2206 56
768 556
474 457
938 106
1598 246
1870 76
359 87
1338 256
354 121
1406 66
1010 307
835 528
828 66
906 93
2382 556
669 86
540 205
1826 449
553 433
437 528
639 288
778 66
386 121
256 116
420 566
767 137
2216 336
796 56
678 66
458 66
413 156
919 528
469 106
338 66
1606 426
2036 586
870 126
818 558
409 286
86 489
453 398
1534 48
359 87
455 528
491 93
1966 206
1651 66
960 566
1010 307
568 66
497 66
682 581
516 391
663 66
570 237
540 93
1556 586
1709 56
406 93
1418 96
2006 406
1498 356
1404 468
345 535
406 146
703 446
511 66
888 66
695 93
476 126
172 363
306 126
797 66
870 106
406 56
745 318
420 106
764 176
404 486
1314 93
739 285
170 567
252 218
420 106
1289 393
2241 61
449 556
481 93
570 256
1338 256
2068 468
745 318
224 429
367 106
646 66
702 353
948 66
1063 76
703 288
1966 206
424 136
320 86
420 336
680 581
336 197
346 278
1306 56
471 66
721 356
474 538
1566 66
2382 556
181 436
186 285
288 66
838 176
1598 246
576 239
406 126
480 452
470 287
448 468
344 126
341 93
870 106
350 179
567 93
491 93
611 257
1172 517
706 66
1966 576
858 86
1040 616
957 456
787 86
1221 56
835 76
849 66
376 206
891 548
291 66
344 126
1063 76
406 146
781 93
491 93
255 383
453 398
758 146
2286 48
825 86
565 93
268 406
180 453
1108 57
420 417
106 717
453 363
319 258
406 156
420 336
491 66
420 306
1236 306
406 156
872 66
420 308
471 66
348 403
666 86
696 56
851 137
1895 76
163 417
516 66
406 126
405 162
455 226
163 417
913 417
818 558
620 570
808 187
667 536
420 106
429 307
491 93
2226 556
298 66
539 503
324 528
1550 86
201 86
540 205
501 66
1788 66
959 106
1752 93
703 442
163 417
1385 86
667 536
875 66
497 66
506 66
356 116
781 48
328 256
491 93
1670 106
859 86
558 97
2070 93
928 123
406 116
161 449
874 123
906 286
508 126
1666 46
1306 66
2070 126
199 356
383 277
482 86
441 360
2226 556
855 126
565 358
2116 86
402 889
1526 606
1598 246
810 428
220 66
758 146
1376 256
468 206
706 66
534 61
818 66
356 558
908 86
1556 93
1066 336
858 76
511 66
429 307
492 558
746 586
1215 61
556 546
320 303
1210 545
891 86
1306 66
1595 421
420 278
491 93
320 258
532 158
553 433
1131 286
343 156
481 93
396 106
304 126
420 66
588 66
1788 48
666 424
869 86
695 556
1755 360
406 146
1666 61
288 246
1289 393
1733 106
888 307
830 86
813 360
256 126
851 137
2402 576
422 419
621 378
391 97
891 66
1326 66
445 548
476 126
781 93
1179 76
321 66
1616 66
1843 575
1570 93
1546 414
808 136
1410 246
761 93
185 503
516 391
320 258
1976 86
1260 325
758 106
2382 556
2124 86
1716 216
1406 93
1007 106
449 556
905 198
716 106
366 486
1508 56
1550 436
777 203
496 86
453 398
1063 449
811 66
639 48
406 116
808 136
348 403
1788 356
366 556
682 581
556 66
870 336
1210 426
845 393
2316 56
370 86
341 530
480 793
516 391
448 468
465 156
404 486
269 66
781 66
224 429
406 56
521 66
420 93
421 66
1770 336
430 407
855 66
321 66
1826 449
501 66
990 586
390 137
663 506
646 586
1526 606
543 435
612 257
516 391
448 468
356 93
1739 66
1944 91
163 417
188 86
888 336
316 392
1066 336
406 156
1752 126
1088 326
616 66
339 146
1066 336
406 156
306 93
406 106
1565 561
324 218
703 442
420 336
2048 336
868 126
325 518
1550 556
2368 468
781 556
406 126
406 86
1406 93
870 576
338 66
458 406
258 106
406 106
1701 246
406 156
491 93
486 486
155 463
341 530
1550 86
163 417
576 239
430 407
1146 106
1506 342
746 586
397 87
530 396
528 86
386 121
320 258
2210 93
2288 66
2036 566
406 116
768 556
540 205
540 206
486 486
802 366
629 148
509 76
450 66
458 86
406 106
506 396
286 136
406 156
316 392
783 68
898 278
562 66
677 68
620 176
422 419
417 116
745 126
710 196
470 126
2326 556
186 285
238 76
532 86
750 740
810 66
1716 93
2406 88
1150 236
376 206
2067 56
890 106
950 51
565 66
470 86
66 846
481 93
919 556
202 894
666 171
534 61
406 156
516 306
392 87
565 386
2382 576
826 66
261 66
870 308
339 66
1659 398
768 126
356 286
876 86
870 93
1870 86
356 116
324 528
298 66
420 308
406 106
2236 86
491 66
470 66
508 306
388 106
818 66
646 586
620 93
338 66
417 116
695 93
1788 356
2272 86
506 66
700 126
667 536
396 106
890 781
324 528
2005 66
1970 336
682 76
123 936
341 353
816 183
824 106
406 56
651 528
1920 91
1770 1010
224 429
339 146
1338 328
424 136
506 396
870 106
2439 93
252 246
445 576
811 56
388 86
2216 256
367 88
783 528
771 137
766 93
281 66
453 398
797 126
344 76
870 106
808 136
747 328
868 555
888 336
2070 93
670 575
808 136
1419 66
471 66
568 56
962 126
406 126
768 555
2326 768
651 528
1251 347
286 156
370 329
453 398
406 56
651 528
1752 93
747 328
389 87
1788 66
547 56
520 517
406 136
256 146
1056 246
1002 93
718 399
2190 86
206 66
219 86
2070 93
785 76
453 453
745 318
406 56
1326 66
486 486
769 555
863 56
588 56
356 236
2060 93
356 116
378 66
406 136
904 406
1906 286
422 398
1733 86
872 86
1338 328
880 66
406 106
758 72
356 116
1770 1010
1606 66
390 97
406 106
760 56
1586 63
1246 406
1210 93
606 336
341 530
1210 545
710 196
251 93
453 398
1962 106
310 236
181 280
593 417
1041 56
2190 406
1068 286
1555 372
2210 206
1210 546
294 66
376 206
781 66
1906 286
2402 576
812 421
309 137
1131 306
716 90
446 126
406 86
747 328
291 66
556 466
768 555
320 258
784 179
816 406
182 403
819 93
306 336
1025 453
920 76
1550 436
370 256
406 156
441 66
884 370
2190 406
888 126
2012 86
2016 151
406 156
756 66
1041 56
2382 556
170 567
538 66
438 436
774 86
870 106
875 465
870 106
338 56
1506 342
835 93
420 330
1246 406
931 306
524 173
456 106
1752 93
328 307
438 406
870 106
753 354
202 894
1416 176
1616 66
298 66
830 86
2366 66
406 206
1946 66
844 123
2402 576
824 106
856 356
819 66
620 176
771 137
1260 346
1570 93
528 56
2402 576
496 61
1398 620
726 96
320 126
158 305
319 258
779 545
804 406
666 424
2006 93
1556 586
845 66
366 66
291 66
2036 586
870 93
839 86
776 241
663 506
650 894
835 528
680 581
824 527
396 91
1598 246
320 258
178 115
501 66
185 503
826 66
306 166
339 68
420 278
480 452
606 336
1028 421
842 137
796 124
1770 93
975 86
256 136
808 136
1416 176
186 285
1246 406
1872 106
2121 88
1731 66
651 528
747 328
1260 326
2216 336
2382 556
2012 151
406 136
319 294
898 278
406 106
406 106
456 156
1000 93
486 66
910 66
818 558
511 66
369 323
467 106
341 355
106 106
422 419
2373 66
406 156
491 93
706 576
781 93
733 620
163 417
446 126
415 66
406 56
2402 576
1688 106
2070 556
745 346
491 93
565 66
391 97
1546 414
906 456
325 518
1000 528
291 66
888 336
320 296
1066 336
596 187
376 60
420 336
746 586
430 421
1340 310
1556 586
420 278
744 347
436 66
1506 241
612 257
1648 93
486 56
783 179
406 66
252 218
835 528
2292 472
332 68
348 403
474 538
1646 406
682 581
570 237
406 166
396 91
882 86
788 66
1430 88
870 308
441 358
708 106
1586 56
829 556
417 116
1770 66
1550 556
788 66
406 106
356 93
750 216
700 318
760 74
868 93
1820 66
356 116
441 66
565 93
1872 106
506 158
620 93
406 106
706 576
383 277
511 93
811 66
1966 576
220 66
2226 556
695 556
370 66
