2500
1220 2440
1416 176
185 503
420 93
870 336
1306 56
737 66
320 286
258 106
2070 126
516 414
808 136
950 106
1970 286
288 66
482 86
426 93
306 126
183 743
375 66
467 106
549 97
459 428
842 137
808 136
990 586
829 93
486 56
291 66
406 156
737 66
758 72
497 66
511 66
449 93
839 286
706 576
363 172
429 307
406 106
556 60
391 97
1290 576
431 66
1872 61
506 94
406 146
309 137
872 86
2406 106
1528 86
181 280
506 66
306 506
858 86
321 66
158 468
491 93
812 421
870 106
540 93
163 417
480 56
620 93
446 151
771 162
870 106
844 123
695 93
491 66
341 93
271 93
913 417
491 93
1170 66
2126 546
302 126
406 156
491 93
421 66
320 86
2206 56
534 61
491 93
2048 336
406 136
1391 66
1091 66
823 76
320 76
199 356
1953 86
668 166
521 66
1570 93
1236 306
820 337
1006 86
710 196
516 66
669 556
182 403
491 93
477 126
741 61
1260 325
928 123
406 146
445 66
745 126
536 66
1701 86
460 126
406 116
888 336
568 66
176 506
809 106
2382 556
445 548
1586 63
256 106
580 56
784 56
1606 66
341 93
959 106
449 528
496 135
248 86
501 66
758 146
406 206
1659 398
309 137
161 450
975 86
580 56
1688 106
506 158
354 121
506 176
2368 468
406 156
449 106
530 158
406 116
835 93
1131 188
700 318
1970 286
2326 768
2236 86
291 66
600 157
470 106
2292 472
1203 66
808 136
487 186
870 106
666 124
898 66
758 72
178 620
456 436
1108 57
387 131
1002 93
758 138
1020 278
1170 126
919 126
1826 449
1390 466
2005 66
322 97
570 106
1063 453
820 93
594 66
1970 286
406 56
477 126
1441 66
2070 93
491 93
2316 56
934 86
870 66
528 86
444 137
888 126
781 93
424 136
324 528
2070 93
1870 76
681 106
1063 76
516 66
256 136
2348 66
422 126
420 86
491 93
471 66
181 436
366 66
796 176
291 278
829 93
406 86
501 66
491 93
1289 393
910 126
1788 66
803 170
2060 93
682 581
1210 93
1356 116
406 156
534 61
781 536
320 126
1546 414
447 56
600 157
306 179
1419 66
931 306
789 137
456 106
446 151
389 87
1616 66
2190 406
1241 131
811 486
870 106
2382 556
496 86
181 280
706 86
2316 56
696 56
406 116
333 378
2402 576
321 66
1733 66
321 66
851 137
356 116
639 48
406 136
406 156
758 138
333 68
761 106
2046 56
663 506
2402 576
990 66
760 74
267 106
540 206
534 61
966 106
391 97
421 66
870 106
978 76
354 121
501 46
2161 66
491 93
888 66
406 126
406 146
348 403
413 156
1146 106
798 449
290 206
388 106
491 93
1963 66
291 93
445 548
2382 556
458 66
1135 76
919 93
415 66
600 176
726 96
771 137
2423 93
286 156
606 566
491 93
874 123
165 553
224 429
186 285
370 86
732 137
538 66
511 66
1752 93
549 97
378 87
906 93
784 179
811 66
370 66
842 137
511 66
876 86
406 156
2406 93
306 179
86 288
220 86
386 121
288 66
960 126
156 788
474 538
386 121
1820 93
516 391
848 453
1221 56
818 126
497 66
486 56
741 86
1570 158
370 66
811 66
330 66
298 66
497 66
521 66
1808 346
818 66
521 93
421 66
620 157
163 417
306 146
356 93
320 258
396 166
2292 427
620 106
297 56
2012 86
910 66
406 156
1419 456
1616 66
565 66
420 106
1534 48
2216 256
403 163
760 56
185 503
1666 46
1255 156
406 156
656 256
406 86
809 86
422 419
1210 93
2266 66
855 126
540 206
1258 106
686 203
248 66
820 356
975 86
797 66
393 126
370 66
2406 106
1266 81
870 86
1040 616
448 468
163 417
406 156
366 556
680 76
2006 93
1167 76
371 66
356 116
306 336
406 106
733 620
596 187
1246 406
839 86
2006 93
568 66
491 93
491 93
750 93
797 188
746 586
1382 66
708 106
565 93
341 530
2070 93
521 93
345 535
406 156
439 366
870 86
467 163
437 86
891 390
359 87
476 126
1382 66
343 156
2348 536
570 66
768 93
892 123
2272 86
1870 86
839 86
441 66
251 66
321 93
368 66
906 66
256 126
491 93
853 385
872 86
2174 56
1944 91
56 506
570 237
172 363
390 137
835 93
181 280
422 398
2066 506
508 126
770 253
770 241
570 66
876 106
276 106
182 403
261 66
616 126
206 317
676 106
523 133
341 93
289 1172
781 66
540 93
256 136
1820 66
718 126
2292 346
1260 307
745 66
781 93
538 56
436 486
420 106
146 466
406 156
710 241
188 86
509 76
549 97
391 97
321 66
406 146
509 76
2286 48
1900 98
796 176
818 66
891 256
616 66
1106 61
306 166
482 86
2411 58
1752 126
883 56
406 126
531 66
781 66
406 156
396 166
409 86
446 126
491 93
406 146
1210 126
406 106
948 126
363 172
920 86
1406 66
785 76
491 93
96 106
1962 61
556 466
1895 86
231 76
1651 66
470 106
348 403
309 137
1290 93
390 86
1731 66
876 86
252 218
1276 166
148 535
420 66
526 66
1377 116
2266 66
1843 575
252 246
170 196
325 136
798 449
471 66
420 66
441 360
905 198
910 126
406 91
330 66
829 93
1826 449
2006 93
326 66
720 126
1950 46
271 93
612 68
990 586
1416 176
482 86
291 66
486 56
406 156
241 66
406 206
889 406
341 93
406 106
1520 76
406 186
471 66
2071 46
612 68
788 66
271 93
395 93
406 136
305 56
511 66
396 106
870 106
768 556
256 136
406 126
174 545
791 126
421 56
448 468
784 56
774 86
1508 56
406 183
695 93
811 486
123 66
185 503
1406 56
511 66
1651 106
769 126
497 66
1041 56
486 56
808 136
1056 61
364 68
465 156
771 137
784 179
785 76
549 97
430 407
870 106
1870 76
470 76
883 66
224 429
1506 66
870 126
845 66
839 76
255 383
421 66
1555 372
446 126
306 179
348 146
491 66
501 93
501 66
458 86
417 116
2210 93
736 107
306 106
354 121
344 76
842 137
348 146
1550 93
1380 106
1070 106
816 216
676 82
396 166
406 156
2226 556
816 538
396 91
826 66
256 136
1210 546
406 156
450 66
872 64
198 323
456 106
491 66
1210 406
388 72
2321 152
1416 176
2406 66
1055 66
870 93
568 56
818 126
1290 93
768 93
1430 71
716 106
471 66
771 137
706 225
388 76
2012 151
758 146
2126 546
1419 56
471 66
2012 151
366 66
420 106
388 66
888 307
1056 106
521 66
1526 606
509 76
391 66
2021 66
2026 56
506 61
783 179
870 308
948 126
870 106
695 56
251 93
737 66
406 126
809 156
271 93
2301 66
414 173
2402 93
406 116
870 106
783 68
396 106
2402 576
356 93
185 503
251 66
570 66
1076 256
721 356
501 66
687 184
1636 366
1266 66
338 66
420 106
870 106
367 206
1758 76
542 86
356 558
874 123
806 93
906 93
251 66
1872 106
696 88
1326 66
491 93
891 66
708 106
486 66
406 106
880 66
398 93
639 48
406 156
1970 336
666 556
2292 472
870 93
356 93
306 126
396 166
388 72
298 66
406 116
1098 365
2406 106
835 76
808 136
256 136
538 66
531 66
778 66
370 237
2210 93
853 385
1570 93
570 66
453 398
406 156
465 156
421 66
771 137
2280 66
220 66
392 87
406 93
950 66
1356 116
523 187
528 66
406 166
429 468
1402 86
2316 56
420 566
806 61
421 66
840 66
1380 76
1063 449
1002 93
565 93
449 126
356 116
656 126
298 66
695 528
898 66
439 56
2241 61
888 126
419 528
406 156
309 137
806 106
306 146
975 86
2106 56
181 436
446 151
1946 66
1570 93
329 136
663 66
256 126
344 126
378 87
367 88
199 356
422 398
448 468
406 106
549 97
1025 453
1570 406
356 116
521 66
2288 66
491 93
872 66
781 48
526 66
791 66
769 126
1326 66
681 106
2226 106
775 166
1406 93
506 61
872 61
789 66
506 66
1764 66
1670 106
422 126
888 76
2311 40
1288 86
2190 86
817 93
521 66
530 158
1731 66
290 187
370 176
1636 61
808 136
805 56
656 93
959 106
436 66
406 106
491 93
1976 86
668 166
1241 131
271 56
948 66
350 179
781 93
406 56
796 56
406 106
549 97
219 86
325 136
811 486
509 76
340 93
975 86
1870 86
356 176
549 97
2388 86
66 846
2382 556
370 241
898 106
990 558
1570 406
781 48
449 556
491 93
181 436
826 66
406 136
422 548
1306 66
526 66
768 93
1646 406
1550 436
2426 76
750 126
291 66
764 176
446 126
1056 246
224 429
1421 106
367 106
406 86
202 894
491 66
356 116
888 548
219 86
756 66
678 66
1306 66
406 156
1416 176
540 93
343 156
1606 106
870 66
396 106
469 106
1556 586
379 225
306 166
406 126
764 126
959 106
202 894
696 88
269 66
470 287
491 93
769 66
406 116
409 76
492 558
486 66
486 486
271 93
716 90
417 116
406 96
646 66
369 204
406 56
486 56
761 93
202 894
327 96
859 86
399 56
1895 106
1314 93
819 66
413 156
1271 176
1418 66
371 126
2070 93
471 66
868 93
540 206
536 56
2396 56
779 66
446 151
771 137
771 137
496 61
343 156
796 95
2286 48
393 889
1900 98
448 468
1418 96
406 156
732 137
767 137
1002 556
406 106
620 93
1055 66
465 156
620 176
453 453
1752 93
424 136
2048 336
1251 347
378 66
666 86
186 285
532 86
256 179
106 106
386 121
286 136
406 126
695 93
630 93
347 66
2316 56
388 106
406 126
2012 86
816 616
756 556
593 417
891 86
868 93
620 176
888 126
612 68
511 93
481 93
629 148
198 323
808 136
391 66
456 436
2006 406
408 136
1020 66
2402 56
276 106
600 176
370 66
859 126
663 66
950 86
1410 486
856 126
1271 176
283 87
682 76
409 286
1385 76
666 171
1385 86
456 156
538 66
1770 66
1210 545
366 56
108 427
439 126
258 106
767 137
870 93
491 93
300 1068
1526 56
905 198
406 96
1728 66
304 126
406 156
860 358
142 328
606 66
695 93
511 93
659 48
2316 56
919 93
136 185
808 187
2382 556
766 93
939 86
304 126
521 66
1140 76
567 93
320 258
288 246
256 136
496 61
163 417
1570 406
393 126
261 66
511 66
2272 91
341 93
1063 449
540 205
1739 66
409 86
424 136
456 121
1210 93
1063 76
870 66
1290 576
508 126
202 894
295 97
448 468
888 307
809 156
547 56
870 126
620 106
406 106
606 86
1566 66
1746 66
309 137
420 308
491 93
818 126
830 86
367 106
781 486
596 187
491 93
567 93
179 176
501 66
788 66
470 66
338 56
456 106
339 146
777 203
270 106
2286 48
600 157
870 93
556 66
1293 86
1002 93
651 528
1829 138
322 97
489 86
1486 56
1920 91
729 86
2436 56
906 93
549 97
491 93
1606 426
497 66
436 66
812 421
306 166
920 76
809 156
396 106
838 176
681 106
163 417
870 66
531 66
306 93
594 66
178 620
421 66
540 205
486 66
1143 198
781 66
1206 93
486 56
1290 576
770 126
445 86
327 96
429 468
1966 576
1306 64
2406 88
540 93
1550 86
761 93
540 205
449 106
201 86
808 136
1788 66
1326 66
824 527
406 66
565 386
286 136
155 463
770 126
395 93
1048 106
206 66
1416 176
408 136
1206 48
844 123
268 86
344 126
325 136
238 76
568 56
359 87
1210 126
343 156
406 156
181 436
424 136
538 66
859 126
306 126
496 61
826 66
506 94
1788 66
288 56
2406 106
2026 56
2404 906
186 285
445 126
241 66
286 136
706 66
767 137
2311 40
845 126
1970 156
716 106
1703 66
224 429
1007 106
558 97
808 136
534 61
1665 56
306 106
1296 166
778 66
855 126
370 329
438 436
306 106
474 61
471 66
888 336
2402 56
220 86
306 93
306 126
620 157
849 66
2423 93
565 66
818 586
417 116
142 328
496 61
538 56
620 157
791 66
547 56
668 166
1179 66
291 66
919 528
959 66
620 93
320 258
447 106
1314 93
1550 556
2126 546
587 56
306 166
163 417
290 187
437 528
1007 86
348 146
2206 56
836 66
491 93
1716 93
835 93
686 506
553 433
356 116
449 528
796 124
959 66
2055 66
937 66
168 346
456 106
838 176
406 126
950 51
406 106
406 156
1970 286
256 136
455 528
1646 406
421 66
2406 106
771 137
1976 86
891 126
1416 176
953 86
306 146
565 66
771 137
777 203
960 566
781 356
995 307
1616 66
1636 61
1306 56
2064 86
406 106
896 203
1598 246
406 106
906 93
491 93
1251 347
356 116
806 93
1962 106
415 307
531 66
806 93
518 56
338 56
1170 66
783 68
188 86
829 93
1470 106
320 126
908 86
404 66
388 86
406 56
1770 336
391 66
183 743
330 166
639 48
880 66
370 66
1063 453
570 891
710 196
220 86
1570 93
806 286
1709 56
816 538
1512 66
471 66
2326 556
417 116
220 66
1406 93
890 106
446 126
406 326
506 396
798 449
390 97
80 338
1737 56
180 453
199 356
677 68
808 136
783 308
456 156
406 126
842 137
158 305
183 397
420 336
785 76
718 66
343 156
458 86
281 66
369 204
788 307
882 86
420 106
538 136
1808 346
316 392
439 56
756 66
1895 76
2292 472
565 386
256 136
161 450
406 156
558 97
1103 465
439 366
511 66
471 66
186 285
489 86
2436 56
491 93
906 56
849 66
2382 556
86 268
390 86
421 66
621 378
549 97
1895 76
458 66
2402 576
409 86
2056 93
241 575
406 156
482 86
388 66
1020 56
870 106
256 116
371 508
1550 86
876 86
891 256
745 126
386 121
444 86
390 137
1356 306
558 97
256 116
470 66
386 121
781 93
764 136
849 126
339 66
1007 106
421 66
937 158
906 156
538 66
471 66
803 106
406 106
294 66
511 66
341 93
870 106
1056 86
888 66
420 66
321 66
339 146
497 66
796 124
406 156
396 106
975 86
390 137
163 417
356 116
506 106
975 86
888 66
1065 353
797 188
2326 126
1829 138
256 116
397 87
565 93
271 93
324 528
872 66
791 126
163 417
386 121
339 146
770 86
1380 66
870 106
540 205
481 93
1820 93
2005 66
1406 66
348 403
1441 66
1421 106
316 66
390 86
1326 66
1188 86
281 66
377 56
338 66
406 86
990 558
511 66
406 156
844 123
469 106
870 93
363 172
1172 517
396 91
420 126
256 146
491 93
491 93
761 106
501 66
842 137
469 106
758 146
845 126
808 136
639 56
898 306
337 106
422 419
491 93
309 137
406 106
491 93
316 66
2161 66
1820 66
2241 61
835 528
1206 61
538 66
330 66
1586 56
497 66
639 288
789 137
666 556
406 156
386 121
328 66
181 280
318 106
2048 336
1050 761
990 586
330 66
506 66
728 556
906 156
558 97
338 66
1820 66
259 377
856 356
291 66
178 620
600 176
406 156
1788 356
406 136
2406 88
870 106
1556 93
403 163
808 136
1210 93
491 93
391 97
470 126
1290 576
593 417
663 506
2439 93
906 66
1306 66
874 123
1826 449
2012 151
482 86
346 126
371 66
251 93
256 136
406 156
256 136
2190 406
182 365
1606 426
356 116
502 66
975 86
291 93
321 93
470 286
420 306
356 106
406 136
1210 324
768 93
1410 106
588 66
868 555
703 442
419 528
2316 56
321 66
1404 468
638 93
480 402
1733 106
396 91
1406 93
1764 66
306 146
531 66
256 146
769 66
1906 286
2016 151
420 93
1007 106
409 76
421 66
786 56
163 417
406 166
808 136
428 96
161 449
421 66
491 93
547 56
202 894
370 86
1556 386
403 163
758 106
779 66
868 556
1606 66
817 93
1826 66
339 146
386 121
180 453
690 76
256 136
808 136
406 106
406 116
172 363
1534 66
870 308
491 93
343 156
593 417
182 403
1910 66
769 66
256 136
370 106
1926 56
538 56
445 66
2382 556
486 56
716 106
456 106
888 336
811 66
470 66
706 141
2067 56
910 66
446 151
777 203
220 66
420 106
1752 93
338 76
206 66
309 137
1802 76
420 66
389 87
863 56
165 553
2277 86
580 76
322 97
1550 556
530 158
781 66
1206 93
830 86
417 116
406 156
333 378
391 97
524 173
2226 106
1260 156
396 91
2036 586
379 225
620 157
806 161
356 176
342 166
406 156
565 126
769 265
805 56
470 76
710 196
741 56
408 556
1770 66
2326 93
1770 66
366 66
942 86
406 156
2091 66
2406 86
291 66
356 116
1006 86
1616 66
396 106
306 146
356 324
441 66
888 66
870 66
2394 66
2288 66
2067 56
1215 61
2436 56
2241 106
1276 166
816 183
809 86
446 126
771 137
270 106
606 66
810 66
2382 576
320 126
406 136
406 56
338 56
620 93
616 126
142 328
511 93
669 86
501 66
769 66
960 66
830 76
565 93
811 56
486 66
906 93
389 87
1170 66
455 206
486 486
771 137
1526 88
829 93
594 66
706 66
888 126
1063 449
356 93
784 56
2326 556
256 288
2161 56
486 66
1870 76
406 166
860 74
663 156
321 66
456 66
1658 86
181 436
406 116
781 536
395 93
2406 66
1755 430
906 93
2121 56
811 66
417 116
824 106
445 86
538 66
892 123
480 793
306 179
2044 106
880 56
456 106
406 56
480 402
770 61
811 56
469 106
540 206
406 126
306 106
96 276
338 66
808 136
681 106
2101 66
892 123
66 802
338 146
406 106
2106 93
558 97
1733 66
406 126
1374 66
838 176
855 66
406 106
839 86
248 66
1688 106
1071 285
341 530
186 285
406 156
339 66
811 66
1788 66
158 305
906 76
695 56
840 66
791 126
251 93
491 93
420 93
2190 86
1716 93
406 126
1508 56
835 123
870 106
969 56
170 196
406 56
405 162
420 93
745 66
406 136
521 66
398 93
456 106
538 66
224 429
343 156
568 66
481 93
1007 106
799 76
392 183
768 556
482 86
456 106
441 358
396 91
422 398
562 66
413 156
783 528
170 567
1188 66
540 205
910 66
1788 48
1770 326
849 66
565 358
521 66
404 66
491 93
740 106
767 137
123 478
553 433
825 86
561 141
1430 88
163 417
406 56
855 66
1419 456
407 93
406 106
86 316
341 93
1098 365
781 56
816 183
620 176
808 136
639 288
429 468
449 556
447 106
391 97
868 126
789 137
2146 93
66 536
891 126
2291 56
1006 86
306 106
1390 466
1441 66
481 66
825 86
141 66
502 66
167 308
950 51
1770 66
441 66
370 86
406 156
2005 66
830 76
406 146
565 358
721 66
356 116
406 156
344 126
123 936
851 137
406 136
588 256
726 134
1802 76
374 126
531 66
1556 93
797 188
511 93
155 463
908 61
306 146
928 123
655 66
870 106
1270 66
338 66
497 66
174 307
796 56
256 136
1981 106
1000 556
786 56
870 93
1215 61
1688 106
224 429
2196 66
476 126
2070 93
486 56
784 179
163 417
721 66
1063 76
491 93
540 205
406 156
1403 66
500 126
1550 436
356 93
420 66
489 98
521 66
343 156
396 106
870 308
1371 93
1556 93
456 156
280 93
2005 106
769 265
2326 556
1355 66
106 106
338 146
458 66
1615 76
180 453
348 403
256 136
857 86
388 72
745 318
471 66
371 126
706 66
338 66
252 246
256 146
1041 56
695 93
884 370
406 106
2070 93
320 286
938 106
824 106
766 93
784 56
1556 66
657 146
376 60
326 66
502 66
928 123
950 86
806 56
1406 66
458 66
519 56
206 66
1048 66
756 61
646 86
890 66
406 156
1406 66
1416 176
868 93
445 173
444 137
491 93
309 87
404 486
406 93
521 66
970 567
1508 56
540 205
470 86
511 93
486 56
178 115
206 66
1806 66
620 106
770 86
826 66
1826 66
823 76
1820 93
656 93
291 66
2266 66
2121 88
930 86
406 96
491 93
732 137
354 121
846 66
174 544
1546 414
893 328
406 156
409 251
186 285
741 56
406 106
186 285
456 146
491 93
420 93
501 66
580 56
241 66
1998 86
151 56
600 93
182 338
421 66
470 126
339 68
356 116
1752 93
501 66
1030 86
758 106
406 186
835 556
1570 93
770 93
532 158
1666 61
161 450
241 66
288 66
540 206
420 66
406 116
406 156
736 107
202 894
1606 426
888 66
131 1163
450 56
1659 398
444 137
868 126
181 436
437 86
869 86
769 126
396 106
2348 66
506 106
2116 86
406 156
467 106
406 126
491 93
842 137
480 452
1944 91
500 126
2288 48
875 465
181 280
328 256
356 93
446 151
870 93
636 196
1546 414
356 116
1206 61
445 66
785 76
286 136
856 356
421 66
444 137
445 66
86 288
770 1110
290 206
2286 48
540 206
306 146
224 429
835 95
1380 66
407 93
858 76
829 93
558 97
366 66
456 156
370 356
424 136
2079 66
185 503
1658 86
1418 96
294 66
406 146
402 126
420 106
256 116
56 218
620 157
131 1163
511 66
421 66
876 106
1210 93
326 66
406 146
1788 66
540 205
306 146
845 126
540 93
391 66
2064 86
1739 66
170 567
2316 56
769 486
528 56
1002 93
422 548
774 86
356 116
1962 61
870 106
491 93
306 126
325 136
343 156
1739 64
1508 56
768 126
458 66
1419 66
404 56
271 93
778 486
491 93
810 66
540 93
1215 61
343 156
806 93
320 296
756 66
174 545
378 66
740 86
450 66
409 76
283 612
828 66
646 66
1766 106
256 136
371 66
686 203
391 66
1385 76
1606 66
2026 66
511 66
281 66
356 106
440 548
1000 93
66 846
611 257
486 66
456 106
511 66
1606 56
558 97
1289 406
1260 66
422 398
2316 56
481 93
612 257
506 106
338 66
319 258
148 739
870 126
220 66
835 123
306 93
959 106
882 86
344 126
509 76
838 176
181 436
413 136
256 116
356 116
1872 106
636 196
344 126
835 76
406 56
1336 241
2326 556
406 156
490 66
406 156
286 156
406 156
338 66
808 136
939 86
370 197
1970 336
2006 93
158 468
1758 76
392 87
467 106
1390 98
1820 66
456 156
350 179
888 66
808 136
366 56
491 93
2124 86
453 363
406 126
1788 48
1002 556
2012 151
1606 426
325 136
750 93
1703 66
406 146
511 66
471 66
437 86
2226 556
823 76
2026 66
469 106
769 56
306 198
888 76
880 66
511 66
2005 66
304 126
397 225
170 567
497 66
370 66
404 66
364 68
388 72
656 196
986 66
316 392
123 936
797 126
650 894
486 56
858 106
2068 468
420 66
406 146
908 61
256 93
420 66
321 66
808 136
690 86
818 66
396 106
139 413
776 66
540 205
506 158
562 66
620 93
445 173
770 217
695 93
86 489
990 66
768 556
482 86
406 156
343 156
491 93
829 556
332 68
893 356
1385 76
366 66
458 66
906 66
1615 76
844 123
2106 106
1553 465
306 106
406 156
781 93
441 66
1953 86
270 106
788 66
206 66
406 156
202 894
806 56
1752 93
808 136
406 126
1002 556
437 86
342 166
816 406
256 146
406 106
290 187
336 197
298 66
808 136
406 56
928 123
893 66
471 66
241 66
342 166
919 126
819 66
283 87
343 156
359 87
2070 93
80 338
1179 76
500 66
1110 236
516 391
1007 106
600 157
930 56
695 93
858 86
1006 86
491 93
1586 56
392 87
2226 556
1271 176
920 76
744 347
2121 56
695 528
480 56
406 106
803 170
851 137
1733 86
1506 106
181 280
