800
1220 2440
366 556
1056 246
2048 336
1289 402
718 399
1088 326
798 453
333 378
1598 246
411 528
445 548
606 336
829 556
406 126
470 66
2382 556
319 258
888 336
86 489
486 486
1390 466
1375 700
1570 406
1404 468
621 378
1293 56
682 581
783 528
291 278
1290 576
347 506
448 468
1970 286
445 576
1066 336
786 566
2326 556
678 66
1236 306
692 587
666 424
870 336
376 206
393 889
889 406
1002 556
456 336
756 336
328 307
256 970
868 555
491 93
458 406
1066 336
720 308
720 308
829 556
769 486
370 255
812 407
1895 206
703 288
306 336
667 528
663 506
325 518
1556 586
1055 381
324 528
420 306
2382 576
769 66
802 366
990 558
411 528
480 402
2216 256
663 478
808 136
1063 449
1063 449
781 486
438 406
778 486
224 429
458 406
470 377
438 406
756 556
1063 453
1570 406
370 256
2326 768
2402 576
1025 453
788 307
593 417
588 256
438 406
224 429
913 417
733 600
348 403
283 612
700 318
1546 414
516 584
456 206
781 536
486 486
1030 56
1598 246
1002 556
539 503
798 453
1770 1010
720 308
252 246
458 406
750 768
835 95
406 86
438 406
835 556
593 417
252 246
429 307
422 398
392 87
523 133
798 453
448 468
383 277
1103 465
902 358
1570 406
2093 556
720 335
480 793
420 66
316 392
770 556
870 308
1755 360
423 310
491 93
446 386
663 506
1210 545
768 555
346 278
449 93
745 318
316 392
348 403
420 306
450 428
486 486
770 556
670 575
568 206
491 66
336 286
1290 576
1036 356
2216 336
870 336
670 238
436 486
1071 285
761 486
1966 206
1416 176
356 206
1555 372
816 216
348 403
370 256
516 306
256 970
291 93
520 438
319 258
756 556
845 393
492 558
710 196
682 581
438 406
1071 285
818 558
2216 256
1063 453
1966 206
1056 246
889 406
1289 402
2216 256
695 556
1910 66
830 433
2216 336
492 558
1020 66
621 378
516 391
881 467
812 421
816 538
1770 336
370 197
816 406
700 318
1701 246
324 528
1210 545
745 318
573 326
750 768
806 236
370 356
810 506
1570 406
437 528
870 336
1340 256
1398 620
1056 246
516 391
1350 76
474 538
448 468
753 354
324 528
345 535
1506 420
386 121
651 528
612 257
797 216
420 278
2382 556
370 255
588 256
870 336
252 218
889 406
1391 406
420 308
316 392
289 1172
770 241
252 246
1826 449
881 467
453 453
1210 426
420 336
806 286
890 781
406 156
383 277
1290 576
455 528
241 575
768 556
565 358
875 365
1438 625
1550 556
422 548
422 419
1526 606
456 336
1260 326
486 486
824 527
745 318
761 486
430 407
1555 372
458 406
2216 256
1260 326
291 66
480 793
1556 586
438 406
379 225
356 286
1398 600
2126 546
438 436
320 258
888 307
422 398
2126 546
1636 366
1404 468
806 106
550 770
686 506
453 398
453 398
383 277
835 528
530 406
255 383
397 225
2226 556
252 246
1210 426
1570 406
804 406
957 456
2382 556
853 385
470 286
1056 246
729 556
1755 430
888 307
319 341
875 465
452 1206
291 66
913 417
1570 406
810 478
470 286
870 308
910 576
449 556
812 421
320 258
241 66
798 453
786 236
919 528
745 318
455 206
172 363
370 256
420 278
356 558
2048 336
1289 393
680 581
356 206
1340 256
379 225
252 218
2326 768
1506 241
904 406
2011 556
1063 449
680 581
1550 556
471 66
948 456
422 419
2292 472
888 307
1063 449
420 308
824 527
2402 576
1936 426
415 307
341 530
651 528
2066 506
549 97
422 398
716 206
420 566
1178 218
611 257
2226 556
811 486
1688 106
1550 556
222 433
970 567
429 307
990 558
320 296
2326 556
445 66
370 255
306 336
870 548
745 346
2292 427
206 317
316 392
420 306
1063 453
333 378
1246 406
779 545
898 278
436 458
797 328
2402 576
499 56
370 356
456 336
2226 556
1206 48
377 56
906 456
1289 402
131 1163
1066 336
480 402
720 335
1808 346
781 508
456 336
346 256
695 528
1289 406
2048 336
406 206
333 378
906 468
606 566
888 336
913 417
1970 286
853 385
1526 606
769 66
747 318
420 330
921 86
396 166
1659 398
663 506
341 93
1210 546
422 398
446 386
1755 360
756 556
682 474
806 286
2348 66
480 402
553 489
651 528
1391 406
1506 241
2226 556
891 576
1944 91
927 556
769 486
448 468
770 241
348 403
960 566
1788 356
420 308
606 278
667 536
232 824
1338 256
2121 581
888 307
370 329
256 970
366 486
319 258
288 66
848 453
271 93
406 156
221 389
429 468
420 566
543 435
838 176
919 528
1290 576
919 556
870 86
1826 449
639 288
508 206
516 391
458 406
366 458
356 236
224 429
868 556
448 468
420 308
606 239
330 436
421 66
670 575
798 453
549 97
421 66
1066 336
848 453
1550 420
1071 285
1506 241
868 556
2190 406
356 206
1701 246
1526 606
809 106
593 417
474 538
409 251
456 336
2402 576
348 403
232 824
769 486
438 406
588 256
768 555
408 556
1534 48
2326 556
480 793
539 503
2216 336
745 346
812 421
747 318
455 226
406 146
2326 556
750 768
781 556
346 535
516 414
348 403
906 356
543 435
341 530
398 93
336 286
833 307
2048 336
221 389
161 450
486 438
333 378
348 403
1438 625
667 556
666 420
455 226
651 528
1246 406
870 336
2126 546
1002 556
453 363
470 286
797 356
1210 406
482 86
420 306
1290 93
319 258
745 318
695 93
406 545
906 468
1646 406
1355 386
2068 468
768 556
868 126
1526 606
356 556
565 358
1040 616
1636 366
1546 414
906 356
913 417
818 558
781 556
310 236
2106 306
1970 336
356 196
438 406
981 286
656 256
833 309
1390 466
383 277
422 548
438 436
667 536
252 487
224 429
222 433
568 216
565 386
1030 336
666 424
356 206
806 286
666 424
336 286
769 126
888 336
429 307
667 528
686 506
889 406
1076 256
700 336
470 286
470 286
1550 556
888 576
1556 586
222 433
891 576
770 556
419 528
1390 466
663 506
835 528
1131 306
1104 576
356 206
306 336
453 398
639 288
1701 246
750 768
556 546
486 56
2126 546
2226 348
776 76
1755 360
232 824
1546 414
839 86
320 296
829 556
480 402
456 436
406 186
256 970
868 555
750 768
1538 385
2292 472
486 486
1462 306
539 503
399 56
2216 336
1246 406
1659 398
1041 56
1210 545
291 278
802 366
1659 398
2348 536
881 356
875 465
320 258
680 581
556 546
440 548
252 246
2348 536
666 424
484 576
1550 436
408 556
570 237
818 586
320 76
870 336
695 528
420 308
891 548
370 356
781 536
438 406
333 378
448 468
178 115
666 424
448 468
1210 324
818 558
553 489
812 421
639 288
1550 436
2368 468
576 239
516 306
706 206
739 285
420 278
1716 216
436 286
1659 398
720 308
508 306
370 356
1718 625
370 255
2292 346
528 66
483 558
770 356
470 287
441 358
746 586
1966 206
232 824
1104 576
1606 426
1390 466
423 310
2382 556
848 453
288 246
420 308
1000 528
761 486
733 620
798 453
2161 66
1290 576
449 556
656 256
913 417
646 586
379 225
430 407
508 206
888 336
811 66
919 556
710 241
703 288
384 456
1135 76
960 566
453 398
1289 402
424 136
706 225
348 403
356 206
1555 372
931 306
745 346
1066 336
797 328
429 307
483 558
1140 76
570 237
990 558
816 406
356 324
437 528
422 398
449 556
860 74
2126 546
367 206
486 486
804 406
656 196
695 528
1598 246
565 386
429 307
1636 366
422 419
1556 586
1498 356
802 366
341 530
