160
1220 2440
486 486
750 740
1063 449
288 246
520 438
606 239
884 338
422 398
667 556
769 265
1556 586
565 358
811 486
406 206
2066 506
1546 414
480 452
486 486
806 286
824 527
913 417
769 486
906 468
870 420
811 486
291 278
530 396
2103 556
1066 336
606 239
2382 556
761 486
829 528
1289 393
568 206
2348 536
1210 426
370 356
341 530
366 486
453 453
255 383
606 566
750 768
667 528
420 308
356 236
1340 310
611 257
470 286
1966 206
835 528
1289 393
438 406
420 336
870 336
1755 360
621 378
870 308
1063 449
1289 406
906 356
520 438
316 392
565 386
422 398
252 218
438 406
430 407
429 468
786 236
406 156
480 793
309 237
612 257
540 206
320 296
241 66
506 396
348 403
620 176
781 486
810 478
833 309
1260 307
884 370
1906 286
798 453
1565 561
438 406
1966 206
1178 218
570 256
813 360
667 528
651 528
770 86
319 556
570 256
703 288
508 206
370 241
816 538
666 420
2210 206
430 421
1646 406
470 306
2402 576
346 278
816 406
430 421
1210 545
889 406
812 407
2368 468
202 894
1066 336
1370 406
393 889
420 336
486 486
430 421
1340 256
516 584
411 528
913 417
406 106
516 66
1210 545
1063 449
378 66
448 468
695 93
356 286
319 258
646 586
506 396
833 307
695 528
740 86
1406 93
516 278
1131 306
486 486
745 318
447 56
486 486
455 226
798 449
370 255
568 66
531 66
430 407
874 123
283 612
224 429
283 612
646 586
341 530
