160
1220 2440
458 406
783 548
739 217
320 258
1659 398
606 278
170 196
902 385
695 528
835 556
881 781
1646 406
695 528
612 257
888 336
770 216
700 318
848 453
252 218
829 528
746 556
480 402
420 267
1770 326
2402 576
306 93
1025 453
1210 546
888 307
1002 556
2226 348
2368 468
429 468
781 486
1206 93
325 518
593 417
789 137
769 555
888 307
750 768
346 256
888 307
2206 576
570 256
1338 328
1040 616
1550 420
565 386
937 287
779 545
420 306
348 403
420 336
1340 256
539 503
1002 556
2292 472
703 288
448 468
1636 366
320 258
1940 538
813 360
370 255
420 308
756 556
778 486
570 256
1236 306
430 407
1940 538
1836 61
812 421
1290 576
2292 427
222 433
532 406
1755 360
422 419
1556 586
1970 286
383 277
1752 336
453 398
445 548
1210 324
2036 566
904 406
783 308
2326 556
715 516
449 528
386 66
781 536
1550 420
868 556
2402 576
1040 616
747 318
703 442
806 286
540 206
224 429
1251 61
441 360
880 56
378 225
906 468
570 256
746 586
1040 616
445 173
1550 420
756 556
745 318
420 336
781 508
938 386
370 255
1404 468
1752 93
1290 576
1550 556
348 146
606 336
2216 336
2382 556
291 278
1110 236
839 286
1390 466
1616 106
666 556
413 136
2292 427
2104 705
341 353
768 93
781 536
316 392
970 567
798 449
486 486
798 449
232 824
870 106
221 389
906 468
806 286
611 257
1659 398
356 324
570 256
1030 336
1289 406
320 258
829 556
2382 556
730 236
