160
1220 2440
639 288
422 548
818 558
324 528
818 586
806 286
833 307
1246 406
406 106
406 156
1752 336
348 403
756 556
333 378
720 335
2106 306
995 307
520 517
797 328
990 558
829 93
371 536
1550 420
856 356
306 146
1036 356
733 600
960 566
2292 472
420 566
341 355
406 146
656 256
784 56
2382 556
770 556
1906 286
520 517
1598 246
818 558
1546 414
2190 406
1550 556
2406 581
1755 430
812 421
948 246
453 453
348 403
406 156
2068 468
1025 453
1659 398
1410 486
888 548
835 556
811 486
995 307
829 528
346 256
306 336
728 436
1556 586
324 218
291 278
291 278
1526 606
570 256
1210 426
931 306
611 257
768 556
1966 206
348 403
458 406
1659 398
449 556
812 421
470 287
520 438
745 346
891 256
745 346
891 66
1970 286
2070 556
409 251
1606 426
448 468
756 66
680 581
429 307
2326 556
1210 426
1063 453
438 406
224 76
927 556
420 286
328 256
470 306
346 535
333 378
320 296
420 308
438 406
289 1172
906 356
224 429
753 354
1936 426
328 256
721 356
2402 576
348 403
806 286
1103 465
1002 556
816 538
1251 347
1973 489
1375 700
370 356
366 458
565 358
417 116
356 206
339 66
422 398
706 576
875 66
706 576
1131 286
747 328
746 586
682 581
928 123
445 548
781 536
1056 246
682 581
718 66
419 528
1646 406
206 870
1659 398
798 449
833 307
739 285
486 486
606 336
306 336
2226 556
446 151
348 403
370 255
848 453
1598 246
1030 336
341 530
