160
1220 2440
670 575
769 486
695 556
768 555
486 486
420 308
470 286
1289 402
480 452
770 241
706 206
256 116
2382 556
422 398
651 528
445 356
319 258
356 206
750 768
943 76
406 106
888 307
429 307
406 206
1150 236
516 414
455 226
316 392
374 126
377 56
474 61
491 93
829 556
810 428
438 406
1002 556
891 576
2216 256
438 406
288 246
333 378
453 398
379 225
835 556
406 156
456 336
2126 546
816 616
420 566
667 536
470 286
612 257
356 176
960 566
470 377
783 308
227 832
743 337
1506 342
1755 430
888 307
423 310
333 378
565 358
320 258
422 398
2216 336
356 286
651 528
813 360
516 414
2070 556
720 308
990 558
1068 286
388 76
853 385
453 398
409 251
379 225
1716 216
750 768
1570 406
786 566
1659 398
474 538
858 66
406 136
2402 576
593 417
651 528
910 576
663 506
906 456
540 206
891 256
252 246
750 768
406 206
252 246
366 556
370 256
559 206
621 378
651 528
820 337
781 556
453 453
429 307
650 894
904 528
1480 728
1340 256
516 414
818 558
781 486
2216 256
1606 426
703 442
706 225
553 489
2326 768
802 93
445 576
706 576
2093 556
543 416
456 336
391 66
783 308
449 556
1179 76
750 768
341 530
779 545
769 555
356 206
348 403
441 360
1210 324
2003 414
706 206
422 548
384 456
960 566
1966 576
420 306
1506 342
328 238
530 406
811 486
1826 449
1289 406
906 93
453 453
320 258
1970 336
1246 406
646 586
470 287
