160
1220 2440
1970 286
328 238
1755 360
845 393
656 256
366 556
1598 246
422 419
875 465
491 93
703 446
781 486
781 486
356 324
990 558
745 318
981 286
756 556
2190 406
706 576
453 398
1555 372
797 356
422 398
703 442
406 156
811 486
818 558
880 66
829 556
553 489
422 398
611 257
750 768
408 106
769 265
1088 326
2382 556
422 419
348 403
320 303
438 406
383 277
516 414
319 258
1506 420
797 216
306 336
367 206
888 307
366 458
456 436
348 403
593 417
702 353
420 417
1506 241
781 508
296 703
438 436
2402 576
429 307
520 517
453 398
338 146
2382 556
1063 453
835 123
811 486
221 389
375 527
2046 56
2348 536
769 486
2292 427
1210 545
1659 398
1526 606
1755 430
666 424
1179 66
813 360
913 417
620 93
1172 517
695 556
2216 256
565 93
651 528
1028 421
259 377
1755 360
252 218
430 421
703 442
252 218
588 256
324 528
1063 449
839 86
682 581
875 465
721 356
447 106
667 528
620 157
1210 324
439 366
808 136
811 486
256 288
1290 576
806 286
870 576
412 528
656 256
835 556
455 226
366 486
565 386
429 307
325 518
1390 466
733 620
2326 556
853 428
730 236
663 478
781 536
348 403
449 528
1906 286
756 336
356 324
2326 556
888 307
539 503
593 417
893 356
1570 406
224 429
2048 336
2402 576
1598 246
720 308
341 530
437 528
835 556
2326 556
378 225
252 246
1843 575
2292 346
438 406
356 176
540 205
804 406
420 566
960 566
990 558
