160
1220 2440
756 556
320 296
344 126
818 558
1538 385
2382 556
470 258
1155 156
626 126
1973 489
111 395
422 548
856 126
720 335
745 346
798 453
316 392
516 391
438 406
913 417
1338 256
868 555
406 206
1808 346
310 236
851 137
306 506
646 586
2402 576
1843 575
1290 576
730 236
439 366
429 307
783 548
324 528
990 558
370 356
1000 556
224 429
2036 586
324 218
811 486
530 406
906 66
612 257
1050 761
356 324
2226 556
370 237
558 97
320 258
620 93
667 556
2093 556
232 824
1659 398
328 256
1340 256
2093 556
816 616
706 576
310 236
839 251
1526 606
769 555
422 398
1066 336
906 468
666 556
1970 336
1056 246
1290 576
1808 346
565 358
747 328
288 246
655 184
445 548
221 389
744 347
420 417
455 206
370 356
319 258
568 216
356 286
348 403
370 256
406 183
2326 556
839 286
348 403
611 257
256 288
430 421
446 386
430 421
818 586
320 258
468 206
419 86
402 889
868 556
682 581
516 414
438 406
692 587
2326 556
1550 436
706 576
829 556
1063 453
783 528
383 277
625 377
283 612
486 438
2190 406
2216 256
336 286
422 419
430 421
1150 236
890 781
703 442
670 238
2210 206
625 353
700 318
429 468
491 93
1526 606
770 556
611 257
376 206
2103 556
439 366
1526 606
960 566
1063 453
1788 356
798 453
480 793
499 56
486 486
227 832
453 398
422 419
868 556
483 558
356 66
420 306
781 486
706 206
700 318
161 449
639 288
2003 414
516 391
