160
1220 2440
288 246
289 1172
370 197
516 414
320 258
769 555
506 396
1595 421
529 469
291 278
606 278
706 576
348 403
770 216
606 566
420 308
516 391
1646 406
816 406
639 288
408 136
2070 556
456 336
1210 545
889 406
1598 246
651 528
1966 576
853 385
2036 586
470 377
256 288
411 528
818 586
291 278
756 556
516 391
695 528
570 237
446 386
856 356
829 528
327 318
1606 426
2216 256
889 406
646 586
593 417
453 363
2292 472
2103 556
516 391
1755 360
256 136
291 278
516 584
341 530
1236 306
1755 430
888 336
420 308
824 527
2382 556
2190 406
1103 465
396 91
802 366
2104 705
422 548
559 206
747 318
1289 402
1419 56
802 366
891 576
420 278
750 740
556 546
420 306
981 76
1550 436
222 433
2036 566
430 421
1210 545
904 406
779 545
486 486
797 328
1172 517
391 97
891 576
348 403
422 398
568 56
370 255
320 258
1076 256
185 503
2404 906
406 146
232 824
474 538
811 66
746 586
781 556
224 429
163 417
670 238
511 66
1338 328
1150 236
328 256
422 419
1236 306
252 246
870 576
319 258
516 414
1178 218
420 308
570 237
445 548
1056 246
573 326
470 306
429 307
206 66
445 576
325 518
456 436
2292 472
448 468
202 894
1338 328
420 417
806 286
1966 576
328 66
913 417
667 556
333 378
2402 576
456 206
319 258
870 576
348 403
829 556
486 486
2292 472
1390 466
328 256
904 406
480 402
325 518
806 286
848 453
666 424
781 486
818 586
