160
1220 2440
856 356
1028 421
379 225
747 328
829 528
663 478
1289 406
1063 453
888 307
870 308
480 402
2292 472
588 256
429 307
1659 398
811 486
348 403
706 206
445 173
651 528
816 616
778 486
948 428
366 486
1770 336
706 225
420 306
2382 556
745 346
1063 449
370 356
829 556
320 258
692 587
316 392
131 1163
811 486
2036 586
651 528
990 586
1508 56
975 86
2326 556
643 884
756 336
1595 421
474 457
1290 576
839 251
348 403
1666 61
910 576
891 576
750 768
1570 93
356 206
1966 206
345 535
359 87
781 556
440 548
486 486
320 258
990 558
2216 256
1546 414
824 527
516 391
422 419
666 556
588 256
746 556
1606 426
1498 820
747 318
1063 449
1390 466
1550 556
1606 426
2126 546
2326 556
283 612
1820 93
221 389
835 528
520 438
503 576
746 556
366 556
1770 326
919 126
720 308
1289 406
1210 545
781 508
446 386
829 528
2382 556
667 536
1550 436
670 575
720 308
320 258
888 336
1390 466
1550 556
868 555
1338 256
325 518
606 336
1970 336
730 217
2382 556
396 106
781 486
639 288
1506 241
429 307
1172 517
786 566
770 253
565 358
812 407
990 586
1550 556
769 555
2368 468
448 468
784 179
811 486
835 528
643 884
344 126
938 381
888 336
346 126
255 383
706 66
802 366
1289 406
667 536
639 288
870 336
356 206
486 486
252 218
2326 556
348 403
429 307
396 166
346 535
291 66
2216 336
480 793
470 287
816 216
553 489
919 528
224 429
359 217
