160
1220 2440
720 308
806 236
838 176
952 746
438 406
370 255
440 548
733 620
779 545
1398 600
620 570
2226 556
776 76
341 530
870 86
336 286
948 456
1404 468
550 770
1210 324
1030 336
721 356
232 824
739 285
798 453
904 528
1210 545
543 435
1028 421
492 558
798 449
409 286
565 386
639 288
981 286
1172 517
316 392
1966 576
420 306
319 258
441 358
835 556
781 536
449 556
1063 453
420 336
1506 420
606 336
720 336
429 468
516 306
1289 402
1063 449
565 386
1966 576
306 336
606 586
811 66
346 256
1063 449
2048 336
656 256
480 402
906 356
330 436
456 336
422 398
422 398
570 237
291 66
666 424
783 528
383 277
700 318
1260 326
178 115
565 386
379 225
1701 246
1040 616
1659 398
797 328
957 428
1236 306
1770 326
2292 472
1103 465
667 528
1135 76
458 406
1036 316
720 308
611 257
370 197
411 528
1506 241
750 768
835 528
888 548
438 406
256 970
588 256
348 403
667 528
330 436
383 277
306 336
543 435
161 450
747 318
398 93
232 824
441 358
678 66
508 306
656 256
1550 556
383 277
2048 336
1350 76
453 398
2226 556
2070 556
957 456
803 421
663 506
255 383
448 468
606 239
770 271
829 556
420 308
812 407
378 225
706 225
441 358
530 406
2126 546
2292 427
480 402
824 527
320 76
1020 66
848 453
1066 336
680 581
316 392
474 538
221 389
1260 307
1236 306
695 556
367 206
2216 256
588 256
356 196
2216 336
356 206
324 528
491 66
