160
1220 2440
667 536
471 66
829 556
1236 306
1506 241
2106 56
1210 545
960 566
436 458
889 406
1606 426
568 66
391 97
420 336
770 271
875 465
422 398
420 566
553 489
745 318
2190 406
819 332
341 355
348 403
706 576
470 287
256 288
1973 489
990 586
1606 426
1398 600
412 528
888 307
606 586
446 386
868 555
667 556
761 486
1063 449
910 66
456 436
870 336
1210 545
406 545
570 891
783 548
706 576
1970 336
2402 576
1066 336
806 236
745 346
438 436
745 346
448 468
1210 545
1210 546
2292 427
1556 106
606 336
744 347
700 318
2003 414
891 576
781 556
325 518
2226 556
927 256
1966 206
960 566
1410 486
516 414
437 528
437 528
438 436
2006 93
1843 575
232 824
750 768
783 548
2086 66
1000 556
1636 366
470 286
2316 56
370 255
252 218
2292 427
393 889
1906 286
889 406
404 486
1470 106
371 508
812 421
2216 256
2216 336
341 530
559 206
1063 453
553 489
682 474
771 137
570 237
798 453
2402 576
470 286
406 206
1973 489
458 406
370 241
456 336
1289 393
406 156
420 267
370 256
291 278
453 398
530 396
835 556
559 206
1506 241
667 536
492 558
348 403
455 528
747 318
423 310
406 126
606 239
829 528
809 86
890 537
306 336
769 265
1068 286
620 570
320 258
2226 556
2259 555
309 137
1063 449
446 386
402 889
612 257
650 894
420 417
573 326
393 889
420 566
868 556
606 566
456 156
348 403
888 576
666 424
820 337
341 530
2226 556
2126 546
