200
1220 2440
376 60
1970 156
1338 328
824 527
770 216
1178 218
868 93
829 556
420 306
1755 430
848 453
1390 466
491 93
396 91
325 518
797 66
1172 517
506 396
456 146
811 66
695 528
928 123
370 197
809 86
486 438
2404 906
456 436
1606 426
612 257
511 66
402 173
804 406
291 278
547 56
2190 406
639 288
568 56
717 126
797 328
346 278
2216 256
1103 465
182 338
406 106
445 548
639 288
453 363
695 528
1076 256
593 417
889 406
851 137
333 378
516 414
288 246
341 530
448 468
391 97
202 894
163 417
889 406
559 206
2036 586
1606 426
1646 406
291 66
471 93
408 136
913 417
761 93
182 403
747 318
222 433
422 126
411 528
348 403
422 398
456 436
1606 426
422 419
818 586
758 146
1246 406
1290 93
848 453
486 486
470 306
1716 216
1210 545
1419 56
1770 66
1236 306
1755 360
687 184
516 584
703 288
904 406
1076 66
2116 56
960 66
420 306
328 66
891 576
220 86
339 68
750 740
818 558
781 486
2348 536
806 286
769 56
420 278
771 137
888 336
477 126
870 576
2103 556
756 556
573 326
420 308
252 246
2382 556
570 237
422 398
2292 472
565 66
547 56
835 93
1056 246
406 93
695 556
808 136
830 76
2190 406
530 396
283 87
1210 545
327 318
600 93
256 136
325 518
2216 336
746 586
2156 60
1940 538
422 419
687 184
716 90
646 586
1025 453
570 237
818 586
1598 246
870 66
600 157
1150 236
438 406
816 538
779 545
1155 156
881 781
802 366
2404 906
1063 449
990 66
406 146
870 336
606 566
1872 61
667 556
66 802
2292 472
185 503
695 528
420 336
1236 306
516 391
391 97
386 121
1236 306
471 66
422 126
565 126
981 76
383 277
346 256
651 528
1170 66
990 586
328 256
420 308
516 414
320 258
540 206
1966 576
206 66
769 555
252 218
829 528
813 360
