200
1220 2440
429 307
1701 246
706 225
2216 336
397 87
2067 56
643 884
1966 206
870 93
606 336
667 536
747 318
1550 556
811 486
770 253
919 126
2093 206
320 258
366 486
818 586
341 93
291 66
856 356
2126 546
306 336
1066 336
1970 286
186 285
470 106
422 419
1770 336
283 612
990 558
306 126
746 556
747 328
761 486
756 336
870 336
474 457
891 576
824 527
770 356
516 391
2210 206
470 530
406 206
808 136
1506 241
745 346
950 51
370 356
1718 625
471 66
781 508
506 158
761 93
600 93
1970 156
508 126
131 1163
346 535
2368 468
2402 576
553 489
835 528
241 66
406 126
429 468
2326 556
1172 517
298 66
870 106
420 93
450 66
255 383
2292 472
486 486
771 137
868 555
858 76
520 438
448 468
870 308
456 336
283 611
666 556
2326 768
720 308
1550 436
1498 820
359 87
345 535
370 255
448 468
469 106
2206 56
155 463
516 414
1739 66
1512 66
1390 466
593 417
409 76
558 97
445 173
1210 545
835 528
888 336
386 121
1820 93
142 328
663 506
1550 436
429 468
906 456
422 398
870 336
346 126
990 586
870 336
396 106
1290 576
1659 398
816 216
646 66
446 386
990 586
320 258
256 146
777 203
320 258
758 146
1172 517
2226 556
853 385
783 308
1666 61
874 123
339 146
1508 56
2226 556
1556 386
1088 326
486 486
730 217
593 417
706 66
919 556
2006 93
379 225
396 166
2126 546
588 256
291 66
366 556
778 486
543 416
2026 66
2326 556
221 389
325 518
870 336
1289 406
706 206
667 536
695 93
1172 517
593 417
348 403
491 66
639 288
888 336
344 126
224 429
430 421
643 884
456 336
2388 86
739 217
2326 556
975 86
2368 468
1402 86
1221 56
990 558
390 86
371 66
1770 326
261 66
1586 63
306 166
784 179
1570 93
367 88
1970 336
855 126
2382 556
393 889
420 66
