200
1220 2440
1406 93
1210 426
420 308
378 225
1340 310
913 417
2382 556
455 528
781 486
686 506
786 566
798 453
606 566
378 66
371 508
708 106
745 318
960 566
981 56
467 106
1755 360
341 93
366 458
884 370
2326 556
406 156
781 486
470 286
556 546
1616 66
530 106
1210 545
1063 449
1002 93
455 226
876 86
356 236
341 530
1598 246
366 106
781 606
1570 93
1103 465
348 403
486 486
367 88
870 308
420 336
1210 546
1802 76
833 309
319 258
1659 398
2006 566
870 106
530 396
758 66
508 206
890 781
798 449
870 308
306 106
1206 93
835 93
2368 468
682 581
422 419
430 407
621 378
906 468
667 528
990 558
202 894
319 258
695 93
445 576
1565 561
480 793
356 206
860 74
1063 449
241 66
703 442
829 528
1246 406
411 528
770 86
506 396
271 93
913 417
316 392
1260 307
497 66
438 406
1290 93
1289 406
761 486
874 123
770 556
346 278
663 506
430 421
870 336
406 156
797 328
430 421
2326 556
1048 86
1066 336
621 378
806 286
620 176
919 556
421 66
486 486
1210 545
486 486
682 581
884 338
2036 566
553 489
406 106
306 106
810 478
806 93
813 360
680 581
516 278
806 286
770 61
881 781
224 429
165 553
740 86
286 136
695 556
842 137
1550 93
858 216
2406 106
750 730
341 530
2348 536
516 66
1788 66
406 106
559 206
568 206
320 296
956 66
750 740
399 56
1973 489
587 56
810 428
1179 76
470 306
606 278
509 76
621 378
1063 449
887 203
455 226
429 468
818 126
791 126
803 170
2106 86
531 66
306 93
568 66
538 66
2036 586
540 206
320 258
319 556
663 506
406 116
465 156
651 528
163 417
667 556
356 286
811 486
769 265
516 391
720 335
558 97
370 356
447 56
338 146
906 356
818 558
606 239
808 136
1981 106
824 527
1764 66
884 356
2368 468
