200
1220 2440
370 329
409 251
2426 56
309 137
456 436
760 74
1179 66
1598 246
990 558
296 703
404 56
2106 306
2406 106
818 558
497 66
291 278
376 206
516 391
881 781
543 416
1659 398
2396 56
2190 406
511 66
456 106
2382 556
2046 56
1806 66
268 406
356 324
565 93
1000 556
811 486
341 530
839 286
1210 546
630 93
408 106
366 486
437 528
1506 420
853 428
429 307
656 256
438 406
422 419
1063 449
455 226
412 528
252 218
470 286
781 48
910 126
756 336
873 93
289 1172
392 87
1131 188
720 308
781 66
769 126
593 417
422 548
406 156
588 256
320 258
458 406
893 356
808 136
1390 466
271 93
1028 421
1288 126
449 528
224 429
2048 336
695 528
1103 465
870 576
952 106
453 398
1236 306
429 307
853 428
2126 546
1506 66
1063 453
491 93
1188 66
375 527
1289 406
721 356
346 256
406 86
747 318
1098 365
816 538
906 93
839 86
960 566
728 845
369 204
2292 427
778 486
769 66
2326 556
420 330
888 307
1210 545
960 566
491 93
1172 517
678 66
858 106
791 126
1210 426
769 486
1071 285
1056 246
860 156
2326 768
845 393
666 424
467 106
338 146
2292 427
540 205
420 566
438 436
730 236
252 246
588 256
367 206
371 508
1570 406
2406 581
835 123
1376 256
651 528
539 503
1063 453
470 106
556 466
875 465
516 391
1506 241
348 403
2190 406
1290 576
2028 66
1944 91
356 176
2382 556
328 238
188 86
774 86
388 66
422 548
406 106
1556 586
620 157
489 98
2402 576
745 318
406 156
565 66
769 56
2070 556
620 93
371 66
320 303
356 206
810 66
324 528
356 116
2382 556
606 239
806 106
467 106
1555 372
309 137
375 527
556 546
438 406
447 106
606 566
446 151
391 66
202 894
880 66
556 546
593 417
593 417
439 366
730 236
798 449
756 66
422 419
348 403
798 449
