200
1220 2440
781 536
516 306
2348 536
809 106
420 306
838 176
396 166
411 528
1701 246
499 56
406 146
745 318
429 307
1534 48
1020 66
86 489
491 93
370 197
747 318
868 126
888 548
429 468
224 429
750 768
663 506
549 97
438 406
1260 326
848 453
695 93
797 328
406 156
1236 306
370 356
656 196
486 56
2011 556
829 556
957 456
695 528
341 93
682 474
860 74
356 196
1063 449
745 318
406 126
1910 66
252 246
921 86
421 66
768 556
1289 402
824 527
480 402
1103 465
811 66
639 288
1398 620
2126 546
422 398
1936 426
306 336
445 66
667 528
320 296
739 285
346 256
252 246
870 86
906 468
1041 56
491 93
1140 76
370 255
528 66
398 93
356 558
1071 285
470 66
776 76
1398 600
666 424
1030 56
1646 406
710 196
1030 336
667 556
370 255
2292 427
948 456
1416 176
720 308
783 528
1206 48
2048 336
1135 76
1063 453
356 286
291 93
408 556
1210 324
480 402
291 66
1546 414
1506 241
491 66
348 403
386 121
1438 625
1236 306
753 354
550 770
1550 556
421 66
291 66
2048 336
1944 91
523 133
383 277
706 225
720 308
320 76
508 306
2226 556
981 286
172 363
678 66
906 356
588 256
348 403
1688 106
848 453
2348 66
682 581
2070 556
1066 336
283 612
769 486
797 356
588 256
2226 556
565 386
161 450
1290 93
366 458
271 93
1701 246
806 286
356 556
453 453
812 421
1570 406
2402 576
452 1206
1404 468
458 406
769 66
806 106
1210 545
549 97
406 156
769 126
1755 430
406 86
241 66
913 417
446 386
178 115
471 66
656 256
356 206
1246 406
456 336
422 398
739 285
406 186
420 308
232 824
888 336
1290 576
306 336
379 225
449 93
424 136
516 391
455 206
733 600
377 56
769 66
420 308
621 378
336 286
1293 56
383 277
1701 246
1350 76
2368 468
341 530
1659 398
