200
1220 2440
429 468
202 894
1601 381
2106 106
491 93
1210 324
1788 66
868 556
419 86
655 184
406 206
770 93
788 326
1040 616
851 137
348 403
406 156
870 206
344 126
839 251
2093 556
706 206
371 508
798 453
851 137
1506 420
330 66
238 76
530 106
491 93
2070 93
467 106
1973 489
650 894
808 136
429 307
319 258
791 66
388 76
913 417
348 403
670 238
446 386
2216 256
853 428
348 403
324 528
421 66
319 258
646 586
306 506
2068 468
1000 556
543 435
558 97
516 414
1806 66
1526 606
606 336
677 68
868 555
330 436
756 556
420 278
812 421
888 336
1506 241
383 277
764 126
913 417
161 449
458 66
348 403
1808 346
370 356
611 257
870 336
406 56
406 186
256 136
370 356
626 126
781 66
487 186
370 66
2048 336
620 93
486 486
232 824
511 66
2103 556
406 136
458 66
406 183
370 255
421 66
406 186
516 391
396 166
499 56
406 136
1155 156
1726 66
1970 336
656 196
906 66
781 508
839 251
839 286
919 528
420 417
1966 206
220 86
746 556
906 468
306 93
663 506
1055 381
316 66
111 395
783 528
320 76
328 256
320 258
453 398
1210 324
747 328
770 556
316 392
1390 98
2003 414
629 148
1290 576
446 386
1068 286
2070 93
186 285
480 793
406 156
446 386
420 306
356 324
565 358
802 93
1028 421
2226 556
221 389
818 558
227 832
232 824
468 206
2402 576
1050 761
768 556
816 616
826 66
806 236
2326 556
856 126
1246 406
818 586
439 366
2190 406
1356 86
356 558
798 453
703 442
2382 556
666 556
356 66
470 286
252 246
890 781
286 156
1843 575
706 576
370 237
2210 206
934 198
568 216
736 107
780 197
328 256
256 288
520 438
898 66
744 347
288 246
1570 93
849 126
468 206
781 486
2036 586
868 556
455 206
720 335
1002 556
565 358
706 576
1338 256
