200
1220 2440
2326 556
333 378
2036 566
565 386
816 183
868 556
444 137
1025 453
291 93
321 93
1586 63
446 151
359 87
715 516
489 98
809 86
888 336
848 453
320 258
256 970
1290 576
1550 556
370 255
477 126
606 336
449 106
341 93
406 206
422 419
470 377
750 740
830 76
868 555
2103 556
904 406
491 93
746 556
306 93
593 417
1752 93
2326 768
2151 46
540 206
458 406
306 126
651 528
770 296
1546 414
888 576
888 307
2292 472
445 173
406 156
888 307
448 468
408 556
430 421
829 556
370 255
611 257
703 442
458 66
891 390
902 385
186 285
1288 126
256 106
875 365
2326 556
2068 468
880 56
1289 406
606 336
906 468
676 82
695 528
378 225
356 558
1940 538
1836 61
436 66
520 438
798 449
888 307
1788 66
948 456
1616 106
657 146
409 251
516 391
470 106
1172 517
420 306
835 556
733 620
418 66
376 60
320 258
938 386
1940 538
891 556
1251 61
768 556
417 116
1966 576
2382 556
1636 366
252 218
990 558
570 256
383 277
620 570
870 106
1066 336
1701 246
2368 468
703 288
346 256
2103 556
1881 56
1550 93
778 486
316 66
1636 366
606 278
320 76
2382 556
356 116
789 137
1246 406
1338 328
1210 546
1550 436
439 66
232 406
1340 256
750 768
1752 336
281 66
123 66
1550 420
682 581
413 136
320 258
1055 66
420 267
309 237
556 546
469 106
769 486
420 306
829 556
781 536
383 277
1290 576
888 336
422 398
170 196
496 61
2292 427
1040 616
267 106
536 56
1210 545
2292 427
556 66
436 66
348 146
1534 48
406 156
910 467
429 468
746 586
888 548
1290 93
348 403
2126 546
320 217
1206 93
316 392
839 286
384 456
696 88
1755 360
2402 576
730 236
406 545
860 56
497 66
2266 66
406 126
1188 66
1940 538
781 508
1526 606
386 66
320 258
768 93
420 330
406 106
