200
1220 2440
422 419
2406 581
338 76
348 403
406 136
2121 581
2226 556
224 429
421 66
291 278
406 106
421 66
570 256
2326 556
445 66
406 146
750 768
306 336
745 318
646 586
718 66
902 358
417 116
1755 430
341 530
232 406
224 76
1068 286
456 156
570 237
456 121
206 56
2048 336
2226 556
446 151
86 268
449 556
1030 56
2402 576
783 548
1703 66
348 403
341 355
1659 398
2326 768
706 576
833 307
420 278
806 286
1659 398
781 536
453 398
2151 46
990 558
1646 406
570 66
2070 93
1025 453
1030 76
1251 347
798 453
812 421
1066 336
538 56
348 403
252 487
1636 366
1598 246
492 558
868 556
565 358
769 486
1906 286
695 56
289 1172
406 156
320 1150
875 66
1721 56
448 468
713 106
616 126
1390 466
818 558
520 438
2190 406
486 486
183 743
366 486
2190 406
881 467
667 536
346 256
833 307
1103 465
496 61
744 347
502 66
123 478
456 336
960 566
325 518
682 581
695 556
453 363
321 66
320 296
756 66
446 151
406 156
420 278
241 577
520 517
816 538
1406 66
429 468
1218 76
406 156
319 258
325 518
319 258
1398 600
927 556
721 356
1210 426
420 566
818 586
770 556
1966 206
860 74
625 353
891 66
906 66
1973 489
333 378
695 556
1210 324
781 486
267 106
306 106
1410 486
784 56
163 417
268 56
798 449
306 146
745 318
1970 286
486 486
516 306
928 123
2126 546
379 225
420 308
348 403
408 136
1063 449
1056 246
680 581
848 453
938 106
829 93
406 156
2402 576
339 66
491 93
406 156
906 356
2402 576
1910 66
1606 426
778 66
288 66
770 61
2394 66
324 218
1752 336
470 287
2292 472
406 146
682 66
366 458
797 328
812 421
1646 406
606 336
2382 556
474 538
1570 406
756 56
259 377
433 156
788 326
343 156
491 93
835 123
758 138
2190 406
445 548
740 106
