200
1220 2440
586 106
312 68
781 66
467 106
2106 56
470 286
820 337
449 93
809 86
906 356
770 271
1752 336
371 508
406 126
816 183
2106 306
990 586
406 156
471 66
553 489
1293 56
1659 398
813 360
891 576
870 308
2321 152
706 576
1470 106
256 136
356 116
356 206
568 66
378 87
529 469
890 537
1843 575
816 616
889 406
783 548
1398 600
611 257
1550 420
406 116
1210 546
629 356
2126 546
620 570
309 137
374 126
140 537
516 137
438 406
388 72
496 92
497 66
421 66
540 205
2126 546
1289 393
2316 56
1355 66
406 106
456 156
163 353
2006 93
844 123
455 528
232 824
783 179
835 528
406 545
1210 545
1506 342
1973 489
321 66
829 556
420 267
1000 556
1908 86
1506 241
1526 606
747 318
2226 556
420 566
420 566
520 438
818 558
667 536
970 567
663 478
960 566
906 456
2226 556
371 66
783 528
2086 66
990 66
612 257
422 419
2106 56
456 156
781 508
891 66
406 156
570 106
798 453
744 347
406 116
341 93
2382 556
300 267
869 86
330 436
1210 546
667 536
829 528
326 66
783 528
348 403
371 66
370 255
806 236
848 453
516 66
470 286
1506 241
2016 151
2326 126
783 548
530 396
1289 393
700 318
2226 556
818 558
383 277
570 237
2216 336
667 556
756 556
553 489
650 894
1556 586
1570 406
870 576
700 336
1973 489
1066 336
1721 56
320 258
492 558
913 417
453 453
888 307
761 486
420 336
570 891
161 449
1290 576
386 121
891 576
960 566
2326 556
420 308
750 768
516 414
437 528
1556 106
667 528
593 417
391 97
888 66
516 391
297 56
1210 545
910 66
789 137
771 137
366 458
438 436
2216 256
455 528
375 527
341 530
308 106
423 310
393 889
769 486
158 285
2402 576
456 436
319 294
2259 555
167 308
696 56
682 474
829 93
2190 406
1606 426
706 56
486 486
