200
1220 2440
306 166
406 106
252 246
388 106
406 126
823 76
344 126
470 286
406 136
328 256
573 326
283 612
2070 556
612 257
1210 546
651 528
348 403
256 136
904 528
386 121
663 187
406 91
388 76
356 176
306 336
843 187
316 392
906 93
497 66
695 556
1966 576
706 206
975 86
771 137
420 566
682 581
480 452
1546 414
417 116
781 486
706 206
682 581
1040 616
784 56
148 535
868 556
1526 606
1071 285
491 66
445 356
835 123
256 970
858 66
1172 517
2216 256
170 196
770 241
377 56
706 576
818 558
2348 536
884 338
910 576
990 126
706 576
806 286
747 318
291 278
366 486
1555 372
1701 246
802 93
559 206
2216 256
695 56
835 93
1289 402
943 76
820 337
1506 342
509 76
703 442
429 307
1179 76
848 453
392 87
695 528
829 528
650 894
1150 236
663 506
1595 421
646 586
1970 336
781 66
750 768
2103 556
448 468
391 66
745 126
374 126
786 566
449 556
422 419
470 138
781 508
383 277
888 76
456 66
779 545
1002 556
458 406
816 538
256 136
990 558
256 116
835 123
453 453
769 265
2226 348
448 468
391 97
319 258
336 286
371 508
783 308
870 576
406 106
1688 106
181 280
453 398
491 93
706 206
1906 286
486 486
341 530
868 556
1340 256
819 332
797 216
888 307
810 428
1770 326
720 308
872 86
453 398
320 258
471 66
870 308
797 328
388 66
486 486
406 156
406 156
621 378
600 157
781 486
348 403
1296 166
420 306
809 61
142 328
384 456
781 66
781 556
1755 430
1523 606
1550 436
306 179
745 346
835 556
2292 427
2382 556
600 176
937 66
888 336
170 196
333 378
1210 324
771 137
439 366
611 257
474 61
808 136
2126 546
2126 546
666 146
813 360
429 307
356 206
1550 93
553 489
1556 66
438 406
422 419
1556 386
423 310
456 336
320 258
1306 66
