300
1220 2440
736 107
413 106
406 186
1356 86
1836 56
391 97
491 93
456 146
359 217
776 76
990 558
370 66
656 196
316 66
421 66
677 68
758 146
696 56
345 535
458 66
420 306
764 126
656 93
238 76
266 106
1006 86
802 93
1615 76
306 146
2106 86
780 197
1406 66
406 136
682 581
934 198
856 126
501 66
1726 66
442 527
1210 426
356 106
421 66
1546 86
1025 453
1251 347
406 106
910 576
1506 420
420 308
458 66
491 93
2036 586
486 66
448 468
420 66
1131 188
320 258
300 1068
1056 246
531 66
1390 98
1390 98
835 56
1025 453
319 258
706 206
576 239
781 66
898 66
330 436
375 527
870 336
419 86
791 66
655 184
1441 66
540 205
255 383
338 66
339 146
851 137
406 186
406 156
1606 66
471 66
344 126
774 179
888 307
422 419
369 204
429 468
629 148
406 56
371 126
1970 336
1770 336
851 137
320 258
789 137
849 126
406 136
330 166
499 56
178 620
422 419
1570 93
1770 66
1506 106
491 93
377 56
1103 465
978 76
256 136
1000 556
406 156
540 205
406 126
783 548
758 106
356 286
456 436
1606 426
371 536
812 407
1806 66
506 176
356 66
161 449
620 157
422 548
256 970
565 386
667 528
186 285
606 239
458 66
558 97
2068 468
252 218
422 419
422 419
286 156
870 86
2292 472
2070 93
910 576
420 566
1210 324
206 66
840 66
744 347
553 489
422 398
402 889
499 56
1236 306
491 93
486 66
1063 453
1550 556
320 286
330 66
686 506
868 556
812 421
439 56
324 528
486 66
438 406
1246 406
388 72
743 337
356 206
185 503
770 93
406 183
487 186
761 486
388 72
181 436
1546 414
458 406
778 486
437 528
769 486
366 556
491 93
779 545
252 246
453 398
620 93
1404 468
2326 768
620 157
750 126
1586 56
1050 761
111 395
869 86
320 76
558 97
96 106
1788 66
600 157
1586 63
482 86
467 106
1155 156
1770 1010
1701 246
1556 106
188 86
616 126
851 137
906 66
406 106
826 66
261 66
538 66
483 558
781 536
888 307
291 66
396 166
870 576
1786 56
2326 768
1236 306
342 166
390 86
397 87
2106 106
1000 126
325 136
826 66
1770 336
695 528
1556 586
406 106
781 508
770 241
328 66
406 106
745 346
1881 56
421 66
384 456
168 346
1063 449
978 76
320 258
530 396
491 93
220 86
600 157
356 286
778 56
1340 256
1970 336
823 76
1998 86
745 346
1550 556
319 258
650 894
2070 93
706 225
788 66
406 116
408 556
732 137
511 66
858 86
1000 556
2326 556
388 76
1246 406
321 66
746 556
320 296
626 126
422 419
356 116
540 93
406 156
455 226
896 203
1290 576
422 419
202 894
2226 556
1266 81
2226 348
497 66
330 166
306 93
530 106
808 136
549 97
706 86
