300
1220 2440
651 528
328 66
1063 449
716 90
2026 56
770 86
283 87
761 93
768 555
1040 616
406 93
769 66
1470 136
797 66
1170 66
706 576
420 308
220 86
183 397
1973 489
966 86
499 56
1210 324
818 586
516 391
666 86
1210 546
720 308
620 176
2026 56
422 126
1970 156
2116 56
1406 93
341 93
663 506
406 106
2402 48
420 308
565 66
797 328
568 56
406 156
356 236
530 158
1556 586
1167 76
1752 93
1290 576
182 403
422 126
667 528
778 66
809 86
845 126
445 86
530 396
370 255
706 225
421 66
868 93
663 66
291 66
824 527
870 126
406 146
870 86
376 60
429 468
666 556
348 403
482 86
2288 48
256 136
471 66
1091 401
703 442
680 581
182 338
224 429
404 66
163 417
1030 56
456 146
406 106
406 156
811 486
206 66
396 91
975 86
391 97
406 116
248 66
587 56
420 278
2382 556
408 136
270 106
256 136
406 156
409 76
1340 310
547 56
491 93
448 468
845 66
350 179
1970 336
2326 556
471 66
341 93
341 530
406 156
1170 66
767 137
316 392
255 383
256 136
928 123
770 556
320 258
206 66
455 226
870 66
453 398
370 329
534 61
391 97
508 306
2408 56
306 93
1441 66
1246 406
739 285
667 528
530 106
565 358
797 328
830 76
1555 372
429 307
471 93
1131 306
271 93
474 61
682 581
406 106
356 324
835 93
386 121
842 137
392 87
477 126
456 146
1826 66
788 66
1155 156
328 256
312 68
851 137
744 347
740 770
402 173
651 528
165 553
440 548
990 66
271 93
2368 468
366 66
600 157
876 86
960 66
489 98
422 548
252 218
808 136
1048 86
889 406
812 421
86 489
810 428
750 768
470 287
456 206
491 93
769 56
306 179
316 392
310 236
896 203
1570 406
170 567
547 56
1936 426
692 587
1843 575
491 93
2070 93
1872 61
406 206
341 530
732 137
565 126
339 68
440 548
378 87
717 126
739 285
1290 576
898 278
422 548
803 170
486 486
406 106
1500 56
2190 406
256 136
771 137
1970 336
281 66
2423 93
687 184
328 238
750 768
875 365
606 239
202 894
2070 126
1770 66
768 556
359 87
829 528
370 197
406 146
568 66
66 802
853 76
1076 66
770 1110
906 468
2068 468
458 406
356 66
480 452
480 793
556 546
1546 414
396 106
406 156
1210 546
356 116
252 246
404 486
981 76
1066 336
769 265
402 173
959 66
1170 126
1210 426
320 107
570 256
565 93
1556 586
663 126
2021 66
1260 326
780 197
600 93
511 66
1419 56
2156 60
746 56
1000 93
1340 310
467 106
420 286
1895 86
811 66
406 106
226 196
2266 66
345 535
486 486
520 517
383 277
687 184
1206 61
1063 449
306 126
429 307
1380 66
508 306
758 146
1290 93
436 66
1030 336
185 503
470 377
