300
1220 2440
567 93
1926 56
769 56
1895 76
796 124
283 611
404 486
600 157
338 66
1570 93
870 308
1040 616
1970 336
506 66
483 558
420 308
406 106
874 123
366 556
350 179
304 126
497 66
531 66
2382 556
406 116
391 97
686 203
1077 86
2005 66
695 93
406 106
1000 556
366 106
420 106
422 398
496 138
651 528
304 126
1210 545
776 241
726 66
808 136
294 66
497 66
255 383
163 417
1802 76
746 56
502 66
267 106
306 106
568 66
2190 406
2326 556
740 86
339 66
491 93
1506 342
668 166
651 528
421 66
870 56
876 86
480 402
445 173
378 66
835 93
870 93
341 93
2402 576
333 378
2106 86
913 417
1788 66
406 136
842 137
483 558
123 936
330 436
338 146
758 66
406 206
639 48
806 93
549 97
437 528
706 141
771 137
506 406
163 417
406 106
467 106
516 414
783 308
680 474
540 206
1565 561
600 93
447 56
1843 575
393 889
2226 348
256 146
338 56
1906 286
769 86
818 323
383 277
406 166
833 309
528 66
458 66
876 106
1406 93
202 894
750 138
2402 576
745 318
530 106
399 56
1616 66
356 324
421 66
975 86
453 398
320 258
682 66
870 106
1406 66
695 93
201 86
370 356
271 93
384 456
1390 466
770 356
456 106
379 225
306 106
406 106
538 66
875 465
406 156
760 156
341 93
778 66
703 288
286 136
1659 398
769 486
919 556
770 61
406 136
540 206
409 251
1131 306
889 406
811 486
835 556
1670 106
486 438
406 106
781 556
306 106
1064 46
406 156
1981 106
587 56
892 123
319 258
816 538
356 116
491 93
316 392
809 86
306 93
453 453
959 66
343 156
770 86
1376 256
1752 93
165 553
639 288
682 581
241 66
1246 406
761 486
896 203
612 257
783 528
256 116
420 308
256 106
981 56
1755 360
256 136
570 256
791 126
956 66
1416 176
436 458
509 76
449 106
474 457
1370 406
328 256
420 336
808 136
1066 336
2406 106
1606 66
406 156
367 88
868 556
318 66
341 530
888 336
811 486
486 486
406 106
2131 56
558 97
516 66
891 66
1000 556
406 136
804 406
816 216
1002 93
402 889
588 256
703 442
486 486
288 66
1206 93
845 126
1179 76
818 126
497 66
1088 326
319 258
406 126
1802 76
1071 285
888 336
659 56
169 386
1758 76
863 56
465 156
797 126
756 66
708 106
430 407
404 486
445 173
420 308
324 528
663 506
406 206
456 156
667 536
1998 86
819 356
543 416
990 66
656 256
1550 93
383 277
222 433
1048 86
321 66
252 218
256 136
803 170
1716 216
829 528
549 97
860 74
556 466
123 66
528 86
520 517
743 337
919 556
887 203
291 66
356 206
309 137
1764 66
1770 93
224 429
406 156
1870 86
620 176
1290 93
291 66
348 403
324 528
