300
1220 2440
86 268
1338 256
356 286
470 106
2216 336
784 56
421 66
783 528
366 56
341 93
406 106
1582 86
251 66
1255 56
436 458
906 468
2106 306
1218 76
520 438
163 417
948 246
199 356
183 743
123 478
813 360
446 126
406 146
406 156
806 93
703 442
386 121
2151 46
887 203
406 116
341 530
1658 86
1721 56
1289 402
639 288
306 146
811 66
141 431
1526 606
321 66
470 66
805 56
770 217
1556 586
718 66
356 286
446 151
2210 93
745 346
422 419
835 556
502 66
406 116
1906 286
538 56
663 66
224 429
480 402
446 126
758 138
2070 93
928 123
1006 93
356 324
703 288
1555 372
1290 576
695 56
453 453
1406 93
417 116
1506 420
181 436
480 86
716 106
406 126
872 61
306 336
491 93
875 66
268 56
570 66
2402 56
770 253
2382 556
990 558
2348 66
1030 76
356 93
486 66
2402 93
606 336
452 86
743 86
371 126
339 66
716 106
2216 256
356 206
441 360
783 308
666 556
829 556
2086 66
769 126
1872 61
756 66
2116 56
891 390
486 56
406 206
370 329
771 137
406 156
256 179
540 205
656 196
343 156
829 93
2126 546
1528 86
326 66
769 66
376 60
612 257
796 56
320 107
781 486
404 66
919 528
178 620
267 106
420 336
839 251
306 106
553 433
781 93
406 156
408 136
813 360
491 93
496 135
316 392
2326 556
713 106
666 124
341 93
745 346
740 106
528 66
703 288
219 86
556 60
829 556
356 286
174 566
1066 336
1438 625
406 136
178 620
320 286
252 93
446 151
421 66
620 176
227 832
783 308
1030 56
770 61
471 66
888 66
1289 393
2402 576
174 553
860 74
429 307
456 121
2124 86
646 86
1056 246
422 398
445 66
791 126
1066 336
1270 66
1036 356
480 793
388 72
1506 420
666 424
891 66
406 146
745 318
174 307
256 146
870 308
406 156
874 123
870 106
756 556
2226 348
890 66
1646 406
1752 93
370 237
486 56
421 66
1406 66
906 456
491 93
2126 546
812 421
835 123
1143 198
1546 414
938 106
713 86
1002 93
906 286
456 156
2394 66
406 156
2402 576
913 417
666 424
255 383
1406 66
206 56
319 258
956 66
1000 126
224 76
2382 556
422 398
406 106
422 398
288 66
271 93
383 277
2106 56
682 66
1555 372
448 468
1646 406
1246 406
336 286
288 66
2136 303
310 236
437 528
1770 66
690 86
1703 66
682 581
520 438
370 356
778 66
941 56
1970 286
406 156
2326 556
2106 306
370 66
1910 66
756 56
768 556
306 336
1406 66
338 76
874 123
356 286
1550 556
530 158
769 265
696 176
409 86
422 398
1131 306
521 66
687 184
616 126
433 156
496 61
906 66
521 66
565 386
888 336
1506 420
769 126
224 429
397 225
321 66
446 126
721 66
565 358
1030 56
