300
1220 2440
1546 414
486 56
521 93
241 577
170 196
356 206
1870 86
163 417
536 56
797 216
456 356
1616 106
2266 66
2106 56
298 66
328 256
570 237
835 123
1555 372
593 417
2104 705
695 528
232 824
496 61
746 556
202 894
399 56
906 468
2316 56
429 307
393 889
402 173
553 489
695 556
593 417
906 468
348 146
1131 306
306 198
816 406
446 151
291 93
123 66
448 468
422 419
1802 76
538 66
1066 336
981 286
487 186
256 288
491 93
520 438
809 86
835 528
470 530
990 586
1788 66
393 126
330 436
808 136
812 86
528 66
1179 76
1055 66
1546 414
1550 93
290 187
325 518
797 66
558 97
516 391
1055 126
294 156
406 106
441 358
1251 61
420 308
449 106
320 296
1020 66
182 433
928 123
444 137
1606 506
376 60
870 106
386 121
436 66
406 156
348 403
316 66
829 556
882 86
2286 48
703 442
769 126
745 318
163 417
1770 336
402 173
470 106
256 136
458 66
420 106
910 66
420 308
433 156
1418 96
418 66
516 391
141 48
593 417
1020 56
1172 517
696 88
1881 56
812 421
906 93
306 93
1973 489
721 356
1550 556
148 535
829 528
386 66
1260 86
870 420
491 93
606 336
823 76
267 106
420 336
769 126
452 1206
888 307
343 156
1007 86
356 116
2026 56
406 136
348 403
174 545
506 396
2048 336
178 620
2151 46
1170 66
421 66
1210 426
316 66
1546 414
882 86
1755 360
1550 556
565 126
768 93
497 66
1755 360
336 286
436 66
306 126
806 286
356 93
392 87
783 548
469 106
316 392
1068 286
422 398
1290 576
1002 93
1290 576
621 378
830 76
140 537
1526 606
829 93
746 88
952 746
1555 372
676 82
2016 151
404 66
428 96
779 66
366 56
860 56
1055 381
343 156
1289 393
553 165
880 56
281 66
379 225
880 66
341 93
532 86
439 66
345 535
888 576
1215 61
420 308
359 87
224 429
812 407
2216 336
448 468
666 424
506 61
370 237
889 406
186 285
370 256
695 56
402 889
600 176
446 126
321 93
256 106
1288 126
1752 93
424 136
180 453
422 398
406 106
477 126
283 87
747 318
2091 56
741 56
1402 86
1953 86
470 287
2439 66
870 336
882 86
2326 126
436 66
1091 66
570 891
553 489
2216 256
423 310
206 408
898 66
348 403
904 406
2070 556
421 66
904 406
530 396
745 126
1534 48
1206 93
417 116
540 206
413 93
182 403
1586 63
808 136
489 98
1788 48
657 146
1480 728
828 66
413 136
556 66
474 538
2048 336
1290 93
1606 66
781 66
491 93
344 76
359 87
271 93
406 156
651 528
781 556
1550 436
457 106
1836 61
417 116
345 535
1556 586
445 173
406 126
320 76
306 336
298 66
700 318
1188 66
746 556
309 87
1007 106
819 332
816 183
789 137
1755 430
