300
1220 2440
806 93
870 336
336 286
374 126
706 225
625 353
1025 453
406 206
768 93
406 56
178 620
516 66
1755 360
666 86
339 126
538 56
2316 56
391 97
769 126
2368 468
2382 556
829 93
706 206
959 66
1293 56
981 66
312 68
2068 468
2326 126
1355 66
855 126
446 151
356 206
412 528
809 86
1293 86
910 66
348 403
1289 406
508 126
990 66
2093 556
739 285
346 256
1556 106
797 188
1210 93
441 360
316 66
756 56
324 528
530 396
406 116
371 66
163 353
888 126
346 535
1601 381
758 72
1063 449
406 86
267 106
781 508
206 56
695 528
888 336
343 156
779 66
898 278
906 356
2106 56
386 121
2402 48
2016 151
161 449
888 307
856 126
2292 346
429 468
2006 93
2067 56
844 123
1598 246
140 537
882 93
388 72
1236 306
390 137
288 246
829 528
370 255
268 406
919 93
2006 406
1048 106
2064 86
421 66
497 66
1593 106
309 137
501 46
758 146
611 257
341 93
667 536
252 93
341 93
803 421
888 336
1512 66
869 86
406 56
449 93
870 93
1506 342
2266 66
586 106
480 56
2326 126
898 278
336 286
1210 545
406 356
422 419
429 307
2079 66
430 421
406 156
680 581
356 324
1055 381
356 176
1946 66
491 93
1908 86
1721 56
471 66
496 92
568 66
486 66
406 186
516 306
780 197
1006 93
501 66
456 156
2056 93
937 287
696 56
2382 556
406 156
356 324
459 428
784 56
406 126
716 206
517 93
870 126
720 308
743 86
646 586
1050 761
158 285
321 66
816 183
2226 106
835 528
891 576
733 600
927 556
1970 336
2216 106
356 116
415 307
785 76
420 106
808 136
491 93
420 278
784 179
269 66
406 126
417 116
891 66
486 486
316 392
406 136
540 205
556 546
441 360
540 206
371 66
612 257
1289 406
891 576
297 56
811 56
893 66
470 530
406 116
1063 449
612 257
703 288
256 136
420 336
423 310
1555 372
816 538
371 66
2086 66
771 137
167 308
789 137
420 336
746 56
326 66
383 277
783 179
715 516
797 66
341 93
666 424
931 306
404 486
421 66
516 137
406 156
406 156
856 356
378 87
1326 66
413 156
1441 66
345 535
1908 86
781 486
686 203
406 106
408 136
534 61
420 336
2348 66
356 116
447 106
756 556
309 137
2106 56
1210 545
666 420
480 402
1260 307
348 403
458 66
2292 427
406 56
438 406
421 66
256 136
491 93
781 66
1506 241
570 106
321 66
406 66
692 587
1788 356
406 116
2321 152
511 93
1258 106
1470 106
1406 93
308 106
1843 575
777 203
456 156
835 528
706 56
888 66
255 383
379 225
1251 61
835 556
406 126
2316 56
376 206
556 546
2070 93
470 286
769 486
406 106
319 258
2316 56
1534 48
756 336
702 353
682 66
806 93
467 106
2382 556
