300
1220 2440
798 449
529 469
256 146
501 66
430 421
482 86
181 280
808 136
339 146
220 66
406 156
706 576
516 584
506 66
606 336
570 891
1007 106
491 93
888 307
386 121
2067 56
406 116
356 206
670 575
1556 93
420 278
835 93
420 66
695 93
370 255
480 402
893 356
186 285
324 218
346 126
1512 66
2368 468
356 116
905 198
784 179
670 238
777 203
1546 414
553 489
2121 88
750 740
390 86
328 256
456 336
1770 336
2402 576
319 258
990 586
1055 66
870 93
869 86
855 126
756 336
402 889
470 106
343 156
2006 93
2439 93
406 106
341 93
1419 66
950 51
960 566
2326 556
508 206
1172 517
182 403
406 156
371 66
198 323
406 136
2126 546
131 1163
818 558
706 66
344 126
875 66
396 106
155 463
359 87
906 66
600 93
646 66
291 66
1066 336
2026 66
534 61
888 307
747 328
1241 131
1289 406
870 106
919 126
870 93
573 326
256 136
310 236
1290 576
354 121
178 620
2406 106
959 106
1416 176
667 528
771 137
241 66
304 126
396 166
700 318
1944 91
2044 106
520 438
480 793
206 66
436 66
1570 93
306 166
1236 306
856 126
2060 93
469 106
568 66
756 66
306 106
322 97
420 93
768 556
1666 61
1659 398
445 548
458 66
406 206
376 206
651 528
771 137
178 620
446 126
781 66
930 56
356 206
370 197
706 225
797 216
565 66
420 417
348 403
1566 66
758 146
760 74
835 123
2388 86
421 66
538 66
1210 545
241 66
888 336
797 328
858 76
346 535
298 66
1210 426
437 86
455 528
539 503
948 126
409 76
960 566
888 336
497 66
421 66
750 768
516 391
1406 93
383 277
491 66
1340 256
573 326
185 503
511 66
761 93
778 66
891 126
1556 586
1063 449
1615 76
898 278
491 93
783 308
458 66
706 576
306 126
540 205
506 61
1063 449
1338 256
1586 63
1402 86
259 377
990 66
86 489
739 285
938 66
744 347
1188 66
808 187
769 66
888 336
700 318
1236 306
1063 76
417 116
1066 336
406 56
1508 56
842 137
386 121
1290 576
341 530
511 66
880 66
2068 468
565 386
261 66
663 66
291 66
338 66
309 137
391 97
556 546
565 358
471 66
306 126
66 846
471 66
681 106
437 86
781 356
252 246
606 586
445 173
319 258
1733 66
1221 56
172 363
492 558
406 156
438 406
1210 545
868 556
506 158
405 162
888 307
341 93
1970 156
919 528
420 306
851 137
1570 158
508 126
703 446
1025 453
1289 406
423 310
1071 285
1739 66
2206 56
367 88
703 446
1973 489
1063 76
325 518
465 156
388 72
356 206
420 336
1210 546
406 126
558 97
547 56
497 66
1820 93
666 424
486 486
406 206
450 66
404 56
706 66
798 453
853 428
397 87
142 328
874 123
975 86
1646 406
1636 366
