300
1220 2440
913 88
811 66
206 287
835 95
663 66
429 468
366 458
523 133
921 86
288 56
221 389
2266 66
771 137
256 970
356 116
406 166
806 106
492 558
1210 426
417 116
491 66
1131 188
283 87
406 106
2406 66
2426 56
406 86
990 66
646 586
486 486
356 116
356 176
978 76
383 277
406 156
898 306
320 258
446 151
406 126
990 558
888 307
781 486
388 66
620 93
480 452
656 256
486 486
309 87
423 310
420 308
1236 306
346 256
429 468
406 156
328 256
1246 406
497 66
1271 66
2070 93
1390 466
256 146
1806 66
406 136
348 403
420 308
667 528
1188 66
283 612
1066 336
511 66
651 528
856 356
802 366
448 468
326 66
839 86
356 176
2286 48
781 56
178 620
781 48
417 116
981 76
392 87
259 377
158 468
1410 246
497 66
891 256
491 93
511 66
470 106
657 146
2028 66
769 56
406 156
870 86
576 239
1788 66
667 528
876 86
456 106
338 146
766 93
391 66
2216 106
570 237
904 406
676 106
309 137
587 56
761 486
678 66
371 66
224 429
271 93
348 146
1288 126
486 486
565 93
1550 93
1218 76
291 278
378 87
476 126
960 126
811 486
424 136
769 66
769 486
778 56
769 66
1048 66
820 337
781 486
774 86
306 106
347 506
309 137
927 556
565 66
745 318
202 894
356 206
1940 538
1068 286
2048 336
521 66
78 338
320 296
835 528
811 66
252 246
695 93
810 66
2406 106
356 324
356 131
406 106
781 66
703 446
456 356
2060 93
2006 566
791 126
188 86
787 56
808 136
816 183
489 98
906 93
588 256
1088 326
1944 91
241 93
2046 56
2103 556
1758 76
824 106
455 86
506 396
570 237
412 528
497 66
438 436
528 56
420 86
348 403
670 278
611 257
56 566
420 308
391 66
486 486
348 403
2066 506
1063 449
2126 546
482 86
1289 406
447 106
396 106
406 156
769 126
1076 66
919 556
356 93
1770 336
2206 56
420 566
422 419
467 106
320 217
910 126
680 76
1290 576
379 225
1926 66
2206 576
1886 66
1970 286
356 337
620 157
268 56
1179 66
873 93
1390 466
756 66
1040 616
758 146
436 66
283 612
858 106
656 256
621 378
769 66
813 360
309 137
202 894
1506 66
540 205
310 236
142 328
320 258
797 328
486 486
895 86
833 309
2396 56
499 56
565 358
835 123
297 56
539 503
713 86
906 93
760 74
860 156
650 894
369 204
491 93
467 106
404 56
1066 336
446 151
356 93
931 306
868 556
1931 66
666 424
769 56
630 93
320 258
420 306
540 205
740 770
990 558
743 337
1752 126
220 86
1290 576
408 106
1135 76
1506 66
639 48
625 377
952 106
363 172
256 136
1966 576
328 256
1512 66
600 157
482 86
306 93
663 506
511 66
880 66
957 456
823 76
