300
1220 2440
1944 91
444 137
241 66
870 66
421 66
455 226
1870 86
720 335
406 126
1390 466
539 503
1570 93
2402 56
808 136
440 548
445 66
761 486
482 86
491 93
804 406
1306 66
383 277
172 363
1406 93
491 93
438 436
520 438
565 93
446 126
491 93
888 307
131 1163
420 306
1000 528
1135 76
891 126
486 486
881 356
388 72
710 196
769 486
2161 66
271 93
429 307
881 467
588 256
406 126
378 87
540 205
663 506
474 538
1179 76
913 417
424 136
491 93
336 286
449 93
181 436
1131 188
346 535
406 156
170 196
444 137
346 278
1002 556
770 556
528 66
106 106
1040 616
919 556
902 358
1570 406
781 536
549 97
399 56
422 419
325 518
341 530
391 97
860 74
695 93
990 558
913 88
710 196
232 824
1636 61
1290 93
845 393
2126 546
2070 93
1030 56
420 126
835 95
833 307
203 397
540 93
406 56
612 257
1770 336
422 419
406 86
788 106
686 203
1241 131
768 556
377 56
421 66
393 889
781 508
870 126
729 556
990 558
1293 56
2382 556
370 197
530 158
710 93
2266 66
771 137
745 318
556 546
1788 356
588 256
797 66
606 278
509 76
86 489
161 449
1755 360
769 66
491 93
553 165
729 86
806 106
396 166
586 106
784 179
774 179
499 56
778 66
2406 66
256 970
891 548
1406 66
568 206
2226 556
420 308
1538 385
453 398
291 66
667 528
1606 426
2348 66
406 146
291 93
1500 56
288 66
356 196
1056 246
471 66
771 162
2348 536
1289 402
291 66
1598 246
2056 93
1470 106
750 768
1140 76
898 66
506 66
2226 556
606 336
830 76
870 106
340 93
1752 93
1406 66
769 126
392 87
769 66
388 72
406 106
919 528
423 310
341 93
320 76
803 106
720 308
441 358
1416 176
1380 66
870 336
1570 406
406 126
291 278
1210 545
700 336
981 76
600 157
829 556
2151 46
1056 246
1131 306
333 378
549 97
430 407
1752 93
438 436
338 66
870 106
406 96
2006 93
1210 546
316 392
386 121
453 363
1788 66
161 450
1206 48
1290 576
420 66
398 93
444 137
1338 256
1946 66
523 133
870 336
776 76
483 558
666 424
806 236
421 66
816 406
1391 106
786 236
370 255
2316 56
721 66
960 566
2005 66
438 406
429 307
1020 66
406 146
1210 545
952 106
888 307
656 256
811 66
241 66
420 336
868 126
449 126
1350 76
2012 151
835 56
838 176
486 56
406 156
816 538
406 106
745 318
178 115
1534 48
818 558
470 66
898 278
1041 56
1688 106
549 97
1910 66
884 66
231 76
656 196
663 506
198 323
868 126
486 56
839 86
397 225
797 328
392 87
415 307
453 398
491 66
696 176
438 406
136 185
809 106
870 86
420 306
888 336
2402 576
470 286
806 286
678 66
921 86
406 186
304 126
