300
1220 2440
835 528
568 216
870 336
593 417
438 406
720 335
1251 347
2016 151
163 586
418 66
1206 106
835 123
1565 561
417 116
281 66
142 328
1770 336
320 258
483 558
771 137
417 116
306 179
839 86
1970 286
391 66
309 137
518 56
453 398
872 86
1391 106
516 414
778 66
1068 286
835 56
306 93
220 66
835 93
406 156
406 136
1556 386
378 225
784 56
750 768
291 278
1063 449
823 76
471 66
990 126
406 91
388 72
386 121
1260 995
392 87
2402 576
437 528
371 66
224 429
588 256
366 556
497 66
1063 449
489 98
397 225
420 308
2382 556
756 556
1636 366
981 56
943 76
1179 76
181 280
496 92
406 166
818 558
975 86
937 66
1271 176
818 586
516 414
620 157
521 66
391 66
344 126
320 258
465 156
290 187
170 196
408 556
486 486
406 106
904 406
386 86
491 93
1688 106
283 612
325 518
370 356
320 126
456 66
2016 151
797 188
1056 66
406 126
990 66
1385 86
2226 556
339 126
509 76
406 156
221 389
356 558
324 528
306 166
2216 66
843 187
549 97
1076 256
1550 93
1550 556
491 66
1441 66
423 310
2005 106
728 508
787 56
371 508
181 436
422 419
406 126
471 66
706 66
374 126
767 68
2190 86
356 206
870 66
491 93
1966 206
855 126
252 93
829 528
470 138
819 332
570 237
408 556
438 436
1030 336
406 156
448 468
511 93
366 556
369 66
829 556
320 258
388 106
888 76
553 433
406 106
870 336
420 566
855 126
409 76
511 66
2103 556
261 66
56 218
806 93
855 126
1498 820
1025 453
2206 51
570 237
710 93
802 93
771 137
1636 366
781 66
506 158
2068 468
796 124
2292 427
600 157
508 306
1296 166
320 258
256 116
470 286
420 308
356 116
876 86
769 555
639 56
606 566
206 66
429 307
406 136
869 86
1206 106
420 278
721 66
1091 401
1355 386
720 308
769 56
781 48
491 93
1556 66
445 548
1556 66
1002 93
809 61
1210 324
419 86
813 360
839 286
620 570
776 56
438 406
404 486
163 417
270 106
388 66
666 146
408 136
808 136
769 66
695 93
343 156
558 97
808 136
386 121
818 558
170 196
413 93
706 576
471 66
1818 86
663 187
695 528
2068 468
406 156
870 93
420 566
388 76
906 356
356 176
695 56
565 358
943 76
747 328
377 56
695 556
1970 286
306 179
600 157
808 136
1826 449
406 106
268 86
1170 88
347 506
393 889
667 528
858 66
391 97
2005 66
470 286
568 206
853 385
784 56
824 527
663 66
1659 398
745 126
1506 241
882 93
1306 66
182 403
256 136
148 535
1843 575
680 581
1210 426
906 93
312 68
855 66
1030 336
2070 93
750 740
324 528
474 61
781 66
1895 206
771 137
1555 372
835 123
256 136
421 66
600 176
1526 56
