500
1220 2440
769 86
396 166
1550 93
406 56
806 286
760 156
378 66
1886 66
421 66
406 156
898 66
876 106
344 136
740 86
445 173
981 66
180 453
271 93
256 116
860 74
291 93
455 206
919 93
298 66
600 157
700 336
2005 66
797 126
420 86
530 106
306 93
1895 76
1179 76
784 179
1126 56
2093 556
511 66
396 91
845 126
497 66
445 173
444 86
2064 86
429 307
1616 66
306 106
341 93
420 278
406 106
1385 86
2196 66
406 106
291 278
567 93
2436 56
123 66
769 56
420 106
650 894
356 116
446 151
406 136
491 93
950 51
547 56
1441 66
758 146
842 137
258 106
888 126
876 106
491 66
726 134
456 121
458 406
467 106
502 66
406 156
910 66
1406 66
356 286
620 176
791 66
975 86
294 156
913 417
1416 176
758 72
320 286
606 336
356 116
306 179
1512 66
1806 66
756 556
406 106
781 66
540 205
429 307
567 93
695 93
424 136
870 106
870 93
318 66
286 156
206 66
288 66
2406 106
170 567
539 503
406 56
406 136
1802 76
1788 66
695 93
750 138
611 257
321 66
769 66
415 66
1402 86
758 66
950 51
491 93
770 128
876 106
567 93
86 316
291 66
446 151
1770 1010
163 417
791 126
437 528
126 427
770 241
2406 93
446 151
271 93
465 156
511 66
1836 61
1340 256
838 176
254 76
2216 256
1739 64
406 96
531 66
291 66
809 86
1002 93
856 126
406 126
291 278
406 136
708 106
241 66
506 66
1565 561
497 66
616 126
2402 48
406 86
286 136
306 198
1570 406
516 66
1966 56
549 97
306 198
437 528
421 66
178 620
766 93
1206 106
447 56
2426 76
978 76
406 186
1406 93
990 66
320 258
406 156
511 66
806 93
746 56
420 278
241 66
600 157
892 123
863 56
169 386
538 66
406 156
1755 360
399 56
528 56
756 66
338 66
769 56
291 278
802 366
374 126
808 136
876 106
1426 71
1526 88
600 157
2288 48
1670 106
1077 86
446 151
611 257
163 417
745 318
304 126
1970 286
341 93
141 48
741 91
446 151
406 91
1788 66
406 116
290 206
338 146
549 97
803 170
898 66
271 66
594 66
406 156
406 106
174 545
1752 93
1570 93
891 66
906 468
516 66
316 392
420 308
745 126
816 123
770 86
750 93
849 126
2121 88
896 203
509 76
306 106
808 136
666 86
695 93
1000 126
913 417
720 308
251 66
758 146
202 894
391 97
818 126
1570 93
849 126
959 66
874 123
350 179
1829 138
2106 86
343 156
565 66
286 136
1418 66
328 256
486 438
241 66
2131 56
406 156
870 56
309 137
745 93
421 66
706 141
356 116
818 558
1770 93
670 575
1376 256
123 918
406 156
981 56
348 403
501 66
770 61
406 156
359 87
413 156
281 66
511 66
421 66
531 66
562 66
66 802
540 93
409 86
511 93
165 553
1063 449
441 66
406 136
491 93
306 106
770 241
406 106
338 66
456 106
421 66
659 56
887 203
338 56
474 538
856 126
406 116
1289 406
1870 86
336 197
558 97
1926 56
1606 66
430 421
872 86
1556 106
1007 86
341 93
808 136
1731 56
338 56
458 66
682 66
241 66
888 576
403 66
509 76
769 66
549 97
686 203
304 126
491 93
1998 86
306 106
740 106
256 106
1616 106
269 66
496 138
406 106
768 556
1870 86
256 136
482 86
858 106
455 226
570 66
370 176
540 206
295 97
406 116
570 237
458 66
565 358
726 66
1048 86
568 66
956 66
516 278
406 166
639 48
367 88
391 97
819 66
131 1163
1210 324
201 86
178 620
420 93
2348 536
616 66
1290 93
1788 66
838 176
306 179
1788 66
1260 326
238 76
1050 761
839 76
386 121
768 126
180 453
620 176
534 61
256 146
298 66
271 93
406 116
741 91
456 156
1406 93
339 66
456 106
818 66
1733 86
306 179
448 468
528 56
501 66
456 156
1826 449
876 86
356 324
528 86
870 308
771 137
663 66
1906 106
396 91
406 106
838 176
406 106
835 93
668 166
600 93
288 66
497 66
1406 93
1289 393
148 739
806 93
855 126
406 126
86 316
2402 56
796 124
248 66
818 558
256 136
486 486
1135 76
540 206
1758 76
445 66
356 558
142 328
185 503
2176 106
256 136
856 356
1981 106
366 106
778 66
286 86
256 136
868 126
860 67
896 203
587 56
528 66
1206 93
389 87
391 66
835 123
1802 76
906 286
818 586
766 93
176 506
159 567
123 936
470 106
179 176
497 66
348 403
848 453
126 427
1033 93
271 93
547 56
1064 46
906 93
1538 385
343 156
267 106
350 179
406 106
325 136
449 106
1764 66
294 66
348 403
