500
1220 2440
769 66
781 536
489 98
1380 76
910 66
1752 93
528 56
819 93
729 556
791 126
306 126
858 106
271 93
781 56
356 93
596 187
2106 86
781 66
666 424
1709 56
388 66
1210 546
870 126
369 204
424 136
870 86
981 76
990 66
471 93
769 66
2286 48
1731 56
420 278
811 486
408 106
256 126
876 86
499 56
781 66
496 61
853 428
269 66
256 146
2190 86
600 176
446 151
486 56
395 93
182 403
745 318
338 66
256 136
404 56
406 106
321 66
344 76
491 93
606 278
2046 56
680 76
321 66
321 66
438 406
406 56
1064 46
397 87
406 156
356 116
787 56
761 486
730 236
455 226
378 87
356 116
338 56
392 87
540 206
86 489
888 307
491 93
271 93
750 126
558 97
306 146
868 93
338 146
356 176
268 56
142 328
2316 56
600 157
906 93
639 288
321 93
889 406
990 66
497 66
770 126
391 66
406 156
1737 56
769 56
256 136
536 66
356 556
406 146
178 620
2272 91
309 137
1752 126
482 86
521 66
796 106
406 156
870 336
446 151
844 123
458 86
268 56
387 131
1526 56
678 66
845 126
806 106
420 306
424 136
183 743
1391 106
320 258
446 151
1210 546
769 66
913 88
406 156
1041 56
1289 402
540 205
781 536
2286 48
326 66
328 66
306 93
565 93
1206 93
188 86
778 56
695 93
188 86
921 86
868 93
288 66
467 106
241 93
726 56
402 126
1721 56
446 151
663 66
828 93
174 307
78 338
465 156
241 66
740 770
165 553
771 137
870 93
528 66
516 66
2316 56
538 66
829 93
420 93
470 106
406 156
406 156
447 106
816 183
393 889
306 146
710 196
350 179
163 417
437 528
811 66
1870 86
776 66
774 86
872 86
476 126
491 93
391 97
202 894
1063 449
406 186
316 392
327 96
268 86
306 106
1550 93
1271 66
839 86
56 566
511 66
2066 506
406 106
406 156
420 86
446 126
220 86
756 61
888 307
770 86
851 137
366 66
629 148
406 166
835 123
812 421
860 156
1170 66
406 136
1210 93
686 203
766 93
737 66
456 146
291 66
2266 66
1000 93
341 93
297 56
392 87
396 106
511 66
420 66
1448 66
720 335
769 56
750 126
1063 453
843 187
853 937
771 137
1255 56
771 137
651 528
356 116
420 308
873 93
573 326
202 894
1218 76
2060 93
338 66
1076 66
870 106
163 417
521 93
695 93
2206 56
178 115
1179 66
2426 56
471 66
406 136
371 536
406 126
1944 91
1926 66
838 176
170 567
1289 406
1606 426
1131 188
781 536
413 156
769 126
446 151
741 86
1906 106
1066 336
558 97
321 66
521 66
565 66
990 558
1135 76
489 86
306 106
521 93
568 56
600 157
760 74
391 66
570 66
1606 66
1382 66
348 146
256 136
406 106
747 318
298 66
406 206
811 66
666 86
406 146
406 136
502 66
480 793
2396 56
271 93
347 86
1371 66
367 206
532 86
1071 285
1770 336
639 48
388 66
2151 46
2028 66
370 255
256 146
960 126
726 66
417 116
343 156
587 56
853 385
1866 61
400 86
370 66
756 66
396 91
758 146
356 93
406 156
445 66
895 86
928 123
376 60
309 137
344 76
348 403
289 1172
810 66
271 93
330 66
456 146
366 486
736 107
363 172
406 126
1370 93
528 56
458 406
2048 336
256 106
366 66
2406 106
423 310
2402 56
1556 586
888 66
1758 76
501 66
713 86
158 468
1140 76
497 66
417 116
356 116
406 156
676 106
422 398
356 131
620 157
766 93
511 66
1556 106
224 429
808 136
406 56
778 66
811 66
565 93
2226 556
1770 93
2216 106
421 66
796 56
1506 66
1251 61
406 166
421 56
1931 66
796 56
123 66
288 56
455 86
206 56
1260 48
309 87
436 66
433 156
824 106
874 123
2226 106
657 146
155 463
1041 56
1806 66
1385 86
371 66
523 133
639 288
851 137
449 106
910 126
491 93
429 468
806 93
1288 126
1512 66
1416 176
620 93
532 86
840 66
391 76
399 56
268 76
406 106
868 93
540 205
1404 468
1246 406
978 76
1871 56
559 206
417 116
456 106
713 86
282 66
396 106
906 93
620 157
345 535
356 176
1570 406
1506 66
913 417
888 126
745 346
880 66
182 403
480 793
467 106
808 136
681 106
283 87
781 48
482 86
354 121
309 137
2406 66
532 158
594 66
511 93
1048 66
791 66
231 76
630 93
486 56
600 157
406 156
450 66
892 123
1260 307
320 107
750 93
530 406
952 106
501 66
2070 93
482 86
497 66
1788 66
769 486
456 121
778 56
491 66
1886 66
823 76
835 95
406 86
806 61
178 620
2382 556
1188 66
