500
1220 2440
1556 586
639 56
986 66
288 66
1703 66
874 123
521 66
796 56
491 93
111 395
1002 93
456 121
417 116
256 136
291 278
1895 76
870 576
324 528
374 126
906 93
348 403
1843 575
182 403
406 146
458 66
180 453
421 66
756 66
1030 56
259 377
872 61
456 146
406 56
870 126
869 86
721 66
811 66
356 93
406 136
343 156
392 183
461 86
713 86
906 93
2402 56
511 93
696 176
370 255
174 566
556 60
769 126
721 356
456 121
2106 93
2301 186
163 417
256 136
1376 256
1406 66
891 86
409 86
141 431
420 306
181 436
256 136
692 587
884 370
783 68
174 553
2026 66
370 66
406 116
528 66
501 66
339 66
390 86
1293 56
2124 86
452 86
445 66
268 56
306 146
1658 86
291 278
304 126
298 66
956 66
202 894
376 60
868 555
220 93
1091 66
271 93
750 740
1656 66
491 93
690 86
446 126
491 93
2048 336
732 137
321 66
170 567
338 66
1000 126
480 402
1410 126
406 156
406 156
906 66
190 453
470 66
406 136
321 66
404 66
222 433
497 66
888 576
2071 46
446 126
924 66
695 56
486 56
1770 336
1290 576
874 123
480 402
805 56
708 106
1506 420
868 93
1721 56
342 166
347 86
870 106
380 76
1770 66
875 66
516 137
309 87
446 151
516 391
740 106
625 353
421 66
887 203
491 93
338 76
288 66
565 66
620 176
86 268
682 66
290 187
396 106
393 86
252 93
483 558
1068 286
2151 46
538 66
2210 93
2106 56
538 56
663 126
302 126
1206 106
455 226
439 56
635 126
813 360
306 106
2394 66
868 93
2316 56
486 56
1755 430
486 66
812 421
928 123
888 66
732 137
787 56
2005 66
486 56
408 136
1506 66
341 353
1688 106
491 93
1260 156
1218 76
1406 66
781 93
1270 66
406 146
768 126
663 126
799 76
523 133
858 106
420 106
1528 86
1406 93
470 106
808 136
306 106
1290 576
778 66
870 66
1179 76
805 56
491 93
1788 66
158 285
1419 66
267 106
316 66
616 126
521 66
1608 106
409 251
549 97
1910 66
174 307
366 56
448 468
280 93
720 308
406 86
206 56
769 126
870 126
639 288
2402 56
111 395
1416 176
251 66
219 86
186 285
406 186
758 138
1636 61
286 156
383 277
406 156
2382 556
486 56
406 106
844 123
1370 406
663 506
853 76
770 61
1289 402
390 137
666 124
1255 56
768 93
771 137
420 106
406 156
406 156
471 66
1752 93
386 121
890 126
406 91
1391 106
341 93
320 107
2206 51
183 743
1289 406
406 156
248 66
86 316
696 66
2402 56
1733 86
2292 346
489 86
453 453
199 356
271 93
789 137
2402 56
106 106
1528 86
1066 336
882 86
417 116
181 280
486 486
1995 106
1570 93
491 93
399 56
220 93
1030 56
1872 61
202 894
326 66
769 66
695 93
858 66
771 137
718 66
716 106
808 136
370 255
406 146
390 137
920 86
391 66
2326 93
383 277
1030 76
756 56
332 68
406 156
406 146
350 179
1534 48
784 56
860 74
509 76
651 528
767 137
1406 66
2086 66
713 106
717 66
950 106
158 305
2326 66
687 184
366 106
818 66
320 126
695 528
496 135
791 126
1416 176
941 56
406 106
259 377
1406 66
1006 93
716 106
823 76
482 86
306 146
406 156
770 241
343 156
252 246
470 66
891 66
348 403
158 468
406 116
480 86
341 93
781 93
421 66
1266 66
758 146
568 66
663 66
456 156
1582 86
446 151
1820 93
902 358
553 489
256 146
2361 46
1025 453
306 126
180 453
321 66
2121 56
938 106
845 66
506 396
450 56
1570 93
178 620
835 123
1289 393
446 126
123 478
489 86
530 158
1030 56
910 126
496 61
2266 66
406 106
516 414
497 66
165 553
2348 66
549 97
206 56
251 66
2086 66
455 226
1406 66
558 97
657 146
1391 106
526 66
421 66
420 86
2116 56
743 86
906 286
170 567
565 358
523 187
695 93
446 151
433 156
1550 93
2326 126
491 93
746 586
172 469
406 126
908 61
419 86
646 86
1498 820
388 72
656 196
663 66
1179 76
1002 93
429 468
174 307
791 66
402 889
256 136
1752 93
502 66
406 156
371 126
1506 420
890 66
769 56
1020 56
540 205
1402 86
806 93
2055 66
396 106
384 456
491 93
1246 406
750 126
491 93
870 106
1143 198
823 76
413 156
809 86
203 397
1659 66
2382 556
306 179
540 205
406 126
1872 61
224 76
937 66
256 179
2070 93
853 76
2402 93
1615 76
1002 93
920 76
178 620
447 56
386 121
606 278
778 66
406 106
271 93
1441 66
486 66
666 171
570 66
829 93
1598 106
182 403
812 421
2402 48
