500
1220 2440
489 98
1906 286
241 66
423 310
534 61
406 106
531 66
2423 93
320 107
746 556
906 66
206 66
406 136
519 56
367 206
640 56
491 93
181 436
788 66
1289 406
682 581
471 66
1326 66
248 66
888 76
872 61
170 567
370 256
338 146
406 156
1106 61
445 86
306 179
565 358
256 136
481 93
870 126
268 56
761 486
620 157
271 93
2382 556
406 106
853 76
406 116
803 170
906 468
431 66
696 156
520 438
895 86
170 567
860 67
477 126
406 156
448 468
343 156
183 397
477 126
924 66
283 87
565 66
290 206
966 106
750 126
1000 556
811 66
2060 66
639 288
1063 449
556 60
1091 66
325 136
1206 61
870 66
341 93
808 136
1048 86
2370 106
1419 56
182 338
928 123
1167 76
870 66
612 257
549 97
1020 66
359 87
341 93
291 66
1406 93
1266 81
392 87
1382 66
320 258
791 126
771 137
356 116
667 528
370 197
202 894
408 136
456 156
761 93
808 136
506 396
845 126
1041 56
620 157
928 123
290 206
2216 336
663 126
620 570
256 146
421 66
657 146
516 391
1306 66
406 106
2406 93
1000 93
420 106
783 548
870 56
845 66
306 106
565 66
482 86
202 894
402 173
1441 66
2406 56
256 136
769 56
406 56
396 106
743 86
2266 66
408 136
123 936
687 184
1908 86
1970 156
422 126
770 86
2402 56
1326 66
1000 93
404 66
620 93
480 452
436 66
456 106
1289 406
1210 93
710 93
386 121
990 56
256 136
396 106
666 146
1170 126
787 86
758 146
809 86
348 403
870 86
406 106
445 66
1210 324
226 196
1135 76
948 126
778 56
809 86
657 146
620 157
808 187
470 66
406 116
445 66
448 468
898 106
1536 66
741 61
376 60
491 93
600 93
2402 48
1470 136
612 257
456 146
370 356
811 66
781 486
565 126
874 123
491 93
2012 151
770 126
339 68
424 136
471 66
1246 406
441 66
206 66
1170 66
446 151
568 56
732 137
540 206
165 553
438 406
491 93
2071 46
2021 66
2070 126
547 56
406 156
1155 156
1382 66
706 56
328 66
990 66
809 156
1241 131
511 66
406 136
271 93
640 87
170 567
1616 66
306 93
486 56
771 137
844 123
406 156
587 56
876 86
2382 556
341 93
1895 86
797 356
491 93
406 106
785 76
2161 56
830 86
868 93
594 66
366 66
1406 66
406 116
785 66
657 146
320 88
178 620
835 93
378 87
2156 60
1556 386
538 66
1752 93
388 72
306 93
413 106
356 66
511 93
202 894
491 93
2036 586
2056 93
343 156
843 187
486 56
392 183
2070 126
1770 1010
467 163
2116 56
516 391
386 121
816 183
350 179
882 86
1940 538
816 183
1007 106
471 93
785 76
1391 106
600 157
938 106
406 146
870 126
286 156
456 106
1546 414
396 106
2408 56
356 106
1966 206
1416 176
270 106
406 156
851 137
1612 93
828 66
1340 256
1170 66
744 347
406 106
453 363
66 802
2070 93
874 123
1076 66
383 277
797 66
750 138
1546 414
960 66
558 97
1140 76
1007 106
1486 56
799 76
517 93
1172 517
890 537
406 126
539 503
415 66
620 106
531 66
471 66
1260 156
406 136
547 56
937 158
981 76
830 86
2216 336
1870 86
758 146
163 417
306 179
406 93
789 137
324 218
842 137
1802 76
1010 307
990 66
324 528
467 106
808 187
389 87
256 136
778 66
747 328
959 66
172 363
163 417
612 257
746 56
241 66
182 397
835 93
1826 66
439 56
2070 126
2026 56
408 136
1025 453
716 90
343 156
930 61
409 76
220 86
803 170
1770 66
396 91
429 468
1030 56
1380 66
1836 56
406 106
256 136
1636 366
406 93
417 116
966 86
185 503
312 68
444 137
2288 48
281 66
422 126
310 236
421 66
1370 93
975 86
424 136
990 558
202 894
1555 372
2068 468
271 93
620 176
406 156
830 76
769 66
888 126
842 137
556 66
663 66
256 126
470 286
663 156
456 106
1290 93
391 97
1500 56
417 116
406 146
306 106
706 86
687 184
990 558
1556 586
811 486
717 126
1289 406
377 56
780 197
1406 66
2326 126
695 93
667 536
392 87
530 106
406 156
406 106
340 93
2026 56
356 93
1709 56
333 378
656 196
870 126
447 56
516 66
446 126
511 66
471 66
402 173
570 256
482 86
398 93
745 126
499 56
1260 66
797 126
344 136
333 378
511 66
990 66
565 93
391 97
304 126
491 93
767 137
306 126
491 93
408 136
2044 106
530 158
406 156
1410 126
306 179
896 203
456 121
666 86
255 383
474 61
870 126
1872 61
568 66
845 126
456 146
629 356
86 489
359 87
1076 66
182 403
808 136
1752 93
1167 76
