500
1220 2440
2116 56
1188 66
870 106
386 121
344 126
1550 93
1716 216
1288 126
271 93
446 151
426 93
1326 66
2439 93
910 66
769 126
350 179
406 156
781 66
2292 472
1041 56
565 386
155 463
482 86
842 137
943 76
696 88
680 66
970 106
745 126
428 96
256 146
775 166
291 66
600 176
370 66
306 106
1063 449
406 106
882 86
1170 66
388 72
491 93
458 66
375 527
849 126
2439 66
1534 66
270 106
413 136
489 98
420 66
66 846
547 56
1870 86
356 93
497 66
532 86
123 66
556 61
570 86
1416 176
1788 48
1215 61
716 126
356 116
320 76
406 106
1550 93
568 56
1056 246
497 66
1506 420
248 66
304 126
309 87
906 93
1416 176
158 468
2068 468
1179 76
741 56
241 575
1251 61
294 156
406 116
2104 705
830 56
457 106
781 48
474 61
2012 151
1616 106
565 126
378 225
1355 66
882 86
445 173
520 517
256 136
501 66
2326 556
486 56
356 116
281 66
540 205
146 466
406 156
359 87
491 66
477 126
424 136
446 126
298 66
252 246
347 66
366 56
1063 449
1881 56
420 106
491 93
835 93
370 66
1970 336
696 56
898 66
848 453
853 385
283 87
928 123
202 894
411 528
306 106
511 66
558 97
123 66
2426 56
538 66
392 87
282 66
769 555
296 156
902 385
1210 545
2190 406
620 157
808 136
553 165
185 503
511 93
540 206
390 137
1390 98
406 156
769 56
2091 66
446 151
829 528
392 87
781 536
2066 506
344 76
321 93
452 86
868 556
321 93
486 56
481 93
469 106
163 417
779 66
960 66
657 146
1002 93
1802 76
1406 66
2406 66
726 66
338 146
840 66
1055 126
1733 86
1188 66
341 93
113 427
2151 46
282 66
1336 241
506 61
2382 556
888 548
798 453
330 66
330 66
746 88
740 86
256 116
855 126
406 116
406 166
960 126
343 156
140 537
1020 66
710 76
496 61
1659 398
580 56
990 586
339 146
148 535
2402 56
1091 66
1218 76
934 198
868 556
870 308
413 93
438 406
402 173
676 82
356 66
1076 66
839 76
1418 96
651 528
806 286
750 138
182 433
1260 86
788 66
910 126
1752 93
1179 66
1260 156
2236 86
558 97
441 66
421 66
2005 66
769 126
1973 489
417 116
290 187
1402 86
422 419
178 620
2348 66
990 66
406 156
781 93
186 285
828 66
429 307
399 56
430 421
449 106
324 528
1007 106
406 116
329 76
186 285
785 76
202 894
770 128
183 743
829 93
306 198
2116 61
417 116
421 66
536 56
532 86
860 74
421 66
174 545
887 203
1534 48
482 86
695 56
2326 126
429 307
359 87
2070 126
2382 556
1290 93
471 93
348 146
406 126
316 66
471 93
306 179
1550 93
530 158
2091 56
420 278
452 1206
880 56
390 137
391 97
170 196
1326 66
812 86
1836 61
2016 151
797 66
1659 66
600 93
829 93
2286 48
386 66
1007 86
406 106
402 173
806 56
835 123
256 179
809 86
256 136
436 66
163 417
1007 106
657 146
869 86
2006 93
729 86
181 280
768 93
182 403
880 66
406 156
444 137
745 66
930 61
406 156
431 66
1391 66
384 456
424 136
1586 63
2316 56
468 206
1895 76
500 66
565 358
880 126
291 93
1953 86
2026 56
596 187
456 206
1788 66
486 66
306 93
1826 449
768 126
1055 66
306 126
256 106
181 436
856 126
406 156
271 93
839 286
823 183
417 116
816 183
298 66
1770 1010
418 66
396 91
180 453
1506 342
320 258
487 186
497 66
1506 106
409 76
470 106
1733 66
343 156
600 176
364 68
388 66
66 536
1970 156
267 106
497 66
528 66
1506 241
386 121
808 136
808 136
829 93
449 106
406 106
406 136
66 578
376 60
1188 66
1098 365
436 66
2326 556
406 146
1450 76
919 93
1290 93
1788 66
528 56
356 176
874 123
764 126
420 308
470 106
1260 48
1210 324
366 56
506 48
252 93
556 66
890 106
491 93
408 136
433 156
553 433
2190 406
860 56
316 66
823 76
123 66
533 61
528 66
880 66
491 93
659 48
393 126
830 76
470 286
458 106
818 66
988 106
406 126
436 66
1071 285
835 123
1973 489
420 66
439 66
521 93
2106 56
809 86
870 93
491 93
1606 66
406 156
789 137
420 336
420 66
1206 93
2070 126
888 336
1290 576
141 48
906 66
931 93
891 86
2126 46
2216 336
547 56
487 186
356 116
771 137
438 406
406 186
882 86
1020 56
491 93
252 246
784 179
342 166
469 106
1167 76
1260 156
406 156
2131 56
870 106
808 136
696 88
391 97
2266 66
391 66
786 88
893 328
123 918
788 88
2006 93
695 556
420 66
780 197
429 307
404 66
