500
1220 2440
330 436
206 56
558 97
805 56
526 66
291 66
1770 66
506 176
286 136
325 136
96 106
860 353
499 56
291 278
771 137
620 157
486 56
826 66
185 503
406 126
600 157
870 86
491 93
406 56
356 176
646 66
406 156
390 86
442 527
470 106
808 136
906 66
921 86
486 66
990 66
390 86
388 76
393 126
1586 56
855 66
778 56
266 106
420 336
888 307
456 106
386 106
306 146
928 123
849 126
446 386
420 106
391 97
417 116
666 124
413 106
1870 76
1656 66
1770 93
2316 56
491 93
1998 86
181 436
990 56
856 126
406 156
2394 66
764 126
1170 66
655 184
203 397
2026 56
341 93
148 535
538 66
1025 453
1131 188
540 206
56 566
256 136
491 93
1752 126
406 56
706 86
465 156
309 87
1565 561
1973 489
1586 56
556 60
858 86
369 204
747 328
482 86
502 66
1536 66
745 126
453 398
2106 86
356 93
860 74
696 88
330 166
370 66
456 156
283 87
781 556
406 116
1135 76
646 86
2070 93
898 66
789 137
406 186
499 56
570 891
406 156
656 93
710 196
1210 126
501 66
458 66
1870 76
540 93
356 106
344 126
181 280
185 503
188 86
791 66
86 268
511 66
1956 191
682 76
491 93
870 106
388 76
417 116
1863 56
696 56
406 126
1170 126
540 205
835 123
202 894
948 66
1836 56
523 133
666 556
960 566
321 66
677 68
870 126
978 76
549 97
426 93
471 66
202 894
891 66
486 66
491 93
2301 176
842 137
2070 93
338 66
241 66
256 126
908 61
406 116
978 76
306 146
406 96
155 463
491 93
206 56
1550 420
1566 66
406 116
261 66
835 528
391 97
329 136
616 126
1970 336
392 87
620 93
750 126
346 256
436 66
333 378
1770 66
359 87
420 308
422 126
406 183
491 93
491 93
390 137
600 157
851 137
86 489
1336 241
528 66
369 204
341 93
1306 66
386 121
255 383
733 620
168 346
388 72
291 278
1506 106
86 268
2156 61
2292 427
1556 106
620 157
406 86
1752 336
1666 46
453 363
366 66
397 87
445 548
1289 406
913 417
789 137
840 66
721 66
1426 64
1726 66
445 356
1788 66
813 360
406 106
339 146
406 156
330 66
823 76
768 93
978 76
882 86
816 183
1002 556
1131 188
829 93
532 86
406 186
1806 66
486 66
2106 106
824 66
516 584
396 106
2026 56
406 106
1155 156
2348 536
338 76
231 76
681 106
406 106
1380 66
356 66
325 136
458 66
767 137
802 93
252 246
406 156
456 336
870 86
359 87
826 66
238 76
2006 93
492 558
1266 81
851 137
370 66
1406 66
806 93
1326 66
568 66
421 66
338 146
960 126
370 66
316 66
1546 86
406 545
534 61
781 66
2371 66
356 116
978 76
511 66
896 203
766 93
306 179
406 116
141 431
220 86
388 72
1266 81
872 61
467 106
990 66
111 395
328 66
343 156
809 86
736 107
406 106
491 93
206 66
1056 61
953 86
320 76
1881 56
286 136
305 56
491 93
1586 63
785 76
1950 46
682 66
396 166
439 56
838 176
161 449
420 66
406 136
421 66
1338 328
770 271
406 106
377 56
656 196
1556 586
1006 126
420 66
419 86
487 186
2326 768
808 136
758 146
288 66
1658 86
870 126
182 397
66 506
1006 86
178 620
321 66
306 93
1290 576
568 216
291 278
819 93
2404 906
1550 436
406 156
851 137
491 93
458 66
1786 56
256 136
703 288
509 76
516 391
453 398
889 406
1606 66
943 76
491 93
626 126
811 486
470 106
891 126
1000 556
629 148
869 86
776 76
371 126
286 156
406 146
238 76
455 528
420 66
497 66
596 187
1000 126
1236 306
761 66
409 251
406 206
2005 66
256 136
1210 545
732 137
406 56
406 86
428 96
934 198
1931 66
1606 56
471 66
220 86
1006 86
1390 98
252 246
761 486
745 66
406 156
1406 66
806 61
774 179
620 157
950 126
746 56
186 285
406 136
2064 86
1615 76
784 179
809 86
497 66
508 306
808 136
1895 76
291 66
784 56
491 93
1406 93
789 137
791 66
388 72
256 136
849 66
868 556
342 166
1843 575
745 93
2326 93
421 66
453 453
780 197
202 894
439 56
325 136
1390 98
531 66
770 216
620 93
406 156
1356 86
330 166
489 98
710 66
920 76
406 156
324 528
320 286
458 66
530 106
174 307
1441 66
406 146
1040 616
758 106
558 97
580 56
770 93
835 56
540 205
309 137
1606 56
1659 66
1755 430
456 146
1251 61
540 93
2070 93
719 172
538 66
788 66
975 86
620 157
1570 93
256 288
421 66
406 106
1659 398
406 106
438 406
517 93
356 116
1648 93
406 106
