500
1220 2440
781 556
441 66
1391 106
1500 56
370 197
1570 93
600 93
1910 66
816 183
506 158
136 185
910 126
406 156
1441 66
1970 286
808 136
788 106
406 146
342 166
708 106
1752 126
480 402
316 66
359 87
289 1172
497 66
1179 76
516 306
2402 56
808 136
471 93
774 179
406 116
291 66
406 86
2316 56
471 66
511 66
621 378
2241 106
406 106
491 66
1506 241
406 156
486 56
1066 336
497 66
255 383
343 156
396 106
224 429
431 66
888 126
870 106
927 556
1556 586
470 66
2326 93
771 162
1241 131
1385 86
406 56
1293 56
178 115
835 123
1131 188
78 338
663 187
1380 66
458 406
2011 66
729 86
367 86
406 56
491 93
1752 93
556 60
1041 56
2292 346
769 66
540 206
769 126
444 137
1306 66
388 76
959 106
802 366
142 328
421 66
1140 76
198 323
696 176
406 106
491 93
420 93
271 93
1450 76
835 56
1688 106
818 126
1135 76
506 66
2402 576
1179 76
406 106
509 76
172 363
774 179
1410 126
486 56
449 126
375 66
788 66
767 68
1055 381
182 403
371 66
2071 46
469 106
491 93
356 196
1526 606
456 206
231 76
721 66
406 156
396 166
811 66
2326 93
309 87
549 97
290 187
455 226
455 86
438 406
695 93
324 528
397 87
981 76
499 56
891 576
870 93
523 133
1000 126
1406 93
1818 86
491 93
444 137
172 363
2151 46
913 88
378 87
491 93
256 136
797 66
333 378
706 206
806 106
2348 66
1071 285
1418 96
1870 86
868 126
388 72
420 86
486 486
421 66
377 56
888 307
270 98
1000 93
870 86
835 95
174 545
291 66
370 356
651 528
1416 176
470 377
720 335
506 106
726 66
586 106
470 66
56 218
291 66
489 98
336 286
771 137
2161 66
256 146
528 66
476 126
131 1163
330 66
2005 66
203 397
340 93
1036 356
1326 66
860 74
870 106
406 146
2316 56
990 66
406 136
629 148
836 66
540 93
1418 66
2316 56
810 478
456 106
1788 66
86 288
811 56
406 86
600 157
268 56
1430 64
139 413
528 66
884 66
880 66
398 93
406 126
450 56
231 76
398 93
839 86
438 406
891 126
333 378
271 93
767 137
919 556
1416 176
549 97
2055 66
1636 61
449 126
288 66
344 76
1350 76
290 187
663 187
870 93
970 567
797 66
1570 93
1030 56
565 358
1970 286
1091 66
1946 66
392 87
1380 66
486 56
768 126
553 165
530 158
406 156
256 126
620 93
291 66
990 66
2106 306
471 93
406 156
402 126
833 309
424 136
241 66
343 156
391 97
2382 556
868 556
540 205
620 93
539 503
406 156
291 278
870 66
990 66
2216 256
320 296
2190 86
890 781
838 176
370 66
2070 93
491 66
170 196
491 93
678 66
1406 66
639 56
2406 66
1733 66
892 123
421 66
785 76
445 126
491 93
491 93
2206 56
406 126
710 196
241 66
406 106
406 206
1260 66
921 86
770 66
409 76
356 106
238 76
839 76
1506 241
906 356
421 66
1534 48
2070 93
406 126
222 433
446 126
420 126
291 66
1470 106
802 366
356 116
2402 93
1290 93
1070 61
695 93
370 66
413 156
797 188
231 76
438 406
445 66
1385 76
1126 56
304 126
808 136
928 123
406 126
186 285
1946 66
1788 66
1002 93
420 308
809 106
781 66
758 146
2012 151
148 534
952 106
776 76
588 256
1206 48
769 66
2056 93
1030 56
870 336
302 126
366 56
2006 93
482 86
444 137
868 126
553 489
826 66
803 106
350 179
870 106
302 126
784 179
811 66
710 196
161 449
530 158
1406 66
386 121
220 66
417 116
682 76
758 106
181 436
291 93
391 97
720 308
481 93
457 106
424 136
366 66
2012 151
161 450
1582 86
2266 66
286 156
888 86
1770 66
778 66
376 206
810 66
891 66
538 66
341 93
370 66
149 486
870 66
304 126
1900 98
158 468
406 106
565 93
399 56
446 151
449 93
327 96
420 66
838 176
1188 66
506 76
338 66
347 506
256 116
870 126
1266 66
612 68
1659 398
338 66
729 86
482 86
480 793
370 255
392 87
769 126
823 76
710 241
406 156
406 96
241 66
594 66
286 136
86 489
406 146
990 126
870 126
2070 93
656 196
511 66
600 157
710 93
370 255
1570 93
406 106
1770 93
1555 372
770 241
540 205
445 66
1020 66
338 66
1752 93
1733 66
830 76
921 86
943 76
320 76
826 66
446 151
686 203
1570 93
523 187
860 67
388 72
420 308
106 106
1550 93
779 545
406 186
406 106
898 66
221 389
406 126
511 93
549 97
491 93
491 93
687 184
388 72
848 453
824 66
620 93
908 61
516 391
1944 91
181 280
