500
1220 2440
2190 406
1666 61
549 97
2026 66
220 66
356 116
810 66
406 206
777 203
942 86
1416 176
600 176
1550 93
497 66
261 66
844 123
186 285
446 126
470 106
553 489
938 106
322 97
420 66
524 173
1586 63
856 126
332 68
417 393
785 76
767 137
758 146
870 93
170 567
849 66
123 936
950 51
876 86
870 106
1752 93
928 123
491 66
241 66
487 186
781 556
556 66
890 106
368 66
849 66
930 56
1512 66
620 157
291 66
819 66
769 66
663 66
178 620
2206 56
875 66
471 66
406 106
338 66
188 86
458 66
769 486
486 486
948 126
838 176
1788 66
565 93
538 66
406 106
386 121
856 356
356 93
509 76
1002 556
306 166
1007 106
450 66
354 121
928 123
304 126
429 307
1944 91
1355 66
1063 76
1570 406
2067 56
491 93
2426 76
396 166
1550 436
220 86
482 86
1953 86
1966 206
1406 93
163 417
481 93
496 61
657 146
163 417
1135 76
320 1150
855 126
446 151
447 56
835 123
1526 88
406 156
2121 88
251 66
492 558
1556 93
1210 93
760 74
446 151
990 66
258 106
256 970
290 187
406 86
781 93
663 478
1970 156
406 156
155 463
404 56
870 93
787 86
856 356
828 66
506 158
756 66
359 87
835 76
320 126
348 403
470 286
870 126
1356 116
874 123
420 93
1611 859
441 66
1688 106
406 156
761 93
406 106
2236 86
344 76
161 449
1570 93
501 66
309 137
298 66
1221 56
367 106
1048 106
66 846
424 136
888 307
778 66
1055 66
888 76
856 356
547 56
616 66
891 126
851 137
708 106
639 56
1306 66
441 66
2116 86
241 66
567 93
906 66
491 93
471 66
663 156
1188 86
1418 96
356 176
391 97
771 137
356 93
386 121
1326 66
573 326
406 106
1210 126
309 137
870 106
770 126
756 336
406 56
1260 456
486 56
388 106
682 76
406 116
306 93
343 156
845 66
540 205
319 258
606 239
356 324
421 66
2439 93
445 173
1416 176
629 148
884 370
86 489
565 358
186 285
406 156
1570 158
1546 414
420 336
2210 93
1276 166
344 126
471 66
1733 66
835 95
2206 56
1002 93
781 48
880 66
818 66
471 66
919 126
306 179
1755 430
206 66
306 126
158 305
396 106
397 87
406 136
306 126
1670 106
781 66
306 106
406 156
791 126
677 68
465 156
1506 106
469 106
406 106
538 66
300 267
568 66
511 66
938 66
741 56
529 469
371 126
181 436
808 136
1770 66
471 66
669 86
496 86
882 86
420 278
824 527
839 86
808 136
816 183
620 93
491 93
2388 86
343 156
341 93
858 76
388 86
422 548
516 391
872 66
530 396
905 198
406 106
530 158
388 72
506 61
975 86
511 66
558 97
1566 66
415 66
2044 106
496 61
656 93
367 88
2266 66
565 66
1056 61
341 93
406 106
497 66
258 106
420 306
406 116
1739 66
376 60
2348 536
1188 66
726 134
420 93
421 66
406 156
842 137
538 66
646 66
511 66
516 391
338 66
906 93
706 66
409 76
511 66
835 93
812 421
506 66
486 486
219 86
785 66
470 66
458 86
540 205
869 86
251 93
892 123
378 66
170 567
185 503
406 136
396 91
870 93
436 66
796 124
758 106
948 66
2046 56
2006 93
668 166
750 740
319 258
2093 206
768 93
437 86
288 246
348 403
1752 336
501 66
808 136
306 106
959 106
1241 131
342 166
2026 66
1820 93
142 328
370 329
2064 86
2406 106
309 87
178 620
406 106
1508 56
825 86
818 586
692 587
2012 151
406 66
534 61
732 137
453 453
1402 86
320 296
771 137
959 106
256 136
406 106
1406 66
870 106
1570 93
568 66
298 66
163 417
1419 66
256 146
540 205
370 255
456 106
437 86
378 87
356 324
2068 468
406 126
371 66
875 66
354 121
695 93
406 56
528 86
995 307
420 93
2060 93
170 567
343 156
406 146
588 56
356 116
406 156
1731 66
199 356
291 66
421 56
1616 66
1586 56
306 336
306 166
417 116
420 106
1946 66
908 86
339 146
304 126
1306 66
706 86
1659 398
181 280
520 438
1615 76
1806 66
356 116
888 336
528 66
185 503
417 116
374 126
370 197
406 106
819 126
491 93
396 106
741 61
440 548
182 403
131 1163
771 137
1920 91
379 225
390 86
1063 76
406 126
813 360
406 183
779 545
784 179
2070 93
703 442
198 323
346 126
534 61
600 93
106 717
306 126
437 86
1616 66
666 424
491 93
756 66
1550 86
777 203
764 176
706 66
1210 426
990 586
405 162
172 363
783 68
508 126
309 137
811 66
497 66
1260 956
458 66
808 187
364 68
420 106
681 106
774 86
453 453
