500
1220 2440
325 136
399 56
406 126
422 398
467 106
174 553
511 66
406 126
1251 61
290 187
789 137
420 336
429 468
415 66
369 204
783 179
86 489
268 86
356 116
1512 66
86 489
406 156
309 137
842 137
309 137
1895 76
2326 126
1534 48
308 106
486 56
309 137
2216 106
406 156
341 355
391 97
868 93
2106 56
181 280
444 137
181 280
695 56
456 156
1066 336
508 126
371 66
893 66
2321 152
324 56
1355 66
309 137
241 66
1048 106
371 66
348 403
408 106
499 56
391 76
491 93
1066 336
1721 56
354 121
404 486
356 116
406 66
855 66
858 86
491 93
1586 63
523 187
2266 66
888 126
465 156
990 66
1210 545
371 66
406 96
680 76
1470 136
399 56
666 146
1665 86
816 183
534 61
320 258
1071 285
663 187
486 486
796 106
910 66
324 528
981 66
570 106
2316 56
406 116
333 378
558 97
421 66
870 126
758 146
445 126
406 56
501 46
1829 138
895 86
1293 86
391 97
1441 66
66 802
408 136
316 66
540 93
882 93
888 307
771 137
746 56
756 56
1385 86
856 356
341 93
767 137
343 156
586 106
202 894
1289 393
471 66
206 56
919 93
406 56
256 136
888 336
1063 449
2067 56
267 106
420 106
716 106
2016 151
378 87
417 116
856 126
829 93
663 156
471 66
1203 66
356 116
891 66
2079 66
406 56
456 146
326 66
1008 46
540 93
516 414
570 237
1703 66
2382 556
1940 538
888 66
248 66
256 136
678 66
788 66
386 121
1616 66
1598 246
471 66
1963 66
845 126
163 417
870 336
486 106
256 136
890 66
656 256
471 66
1002 93
908 61
501 46
784 179
406 156
324 56
421 66
306 106
781 66
516 66
606 336
158 305
86 268
600 157
868 93
872 61
1293 56
306 146
531 66
819 66
1593 106
667 536
811 66
163 353
682 66
271 93
769 126
406 106
1210 93
944 61
2382 556
343 156
1534 66
686 203
348 403
1258 106
508 86
1788 48
470 66
316 392
860 56
467 106
844 123
181 436
959 66
256 136
1770 336
419 528
696 56
491 93
1570 93
750 93
869 86
2326 556
1418 96
770 556
366 66
2402 576
1908 86
406 106
1206 48
783 308
406 116
491 93
663 156
417 116
1404 468
251 93
906 56
320 88
438 406
2106 56
829 528
406 206
970 89
336 286
768 93
2326 93
420 126
449 528
511 93
534 61
892 123
1670 106
2056 93
458 66
630 93
438 436
2012 86
538 56
440 548
777 203
470 286
1290 93
891 66
446 126
778 66
416 76
1970 286
480 56
2266 66
1908 86
887 203
2070 93
600 93
251 93
600 157
806 93
467 163
447 106
391 97
346 535
1088 326
339 126
1006 93
449 93
2348 536
2316 56
497 66
1370 93
2174 66
374 126
183 743
1770 66
167 308
161 449
413 156
2326 126
406 106
343 156
290 187
491 93
2406 93
830 433
438 406
306 93
383 277
390 137
406 156
422 548
508 86
269 66
405 162
771 137
839 86
388 72
406 96
474 61
1091 66
549 97
406 156
1340 256
341 93
321 66
756 56
1970 156
797 188
750 93
496 92
797 66
181 280
745 318
186 285
806 93
158 285
916 66
491 93
1306 66
501 66
758 72
1416 176
666 86
978 76
406 86
1068 286
910 576
2064 86
558 97
1406 93
1056 66
2402 56
710 93
256 116
406 136
356 116
172 469
1441 66
785 76
86 268
421 66
1055 66
811 56
824 106
377 56
2226 106
842 137
2326 66
403 163
486 66
1506 420
396 106
802 93
904 406
839 76
785 76
491 93
1470 106
883 66
2316 56
2402 576
808 136
784 56
178 620
271 93
406 116
297 56
341 93
870 93
526 66
779 66
838 176
406 93
158 285
406 126
2292 472
818 586
1870 76
286 156
898 106
406 545
341 93
646 86
656 93
309 137
269 66
378 87
739 285
526 66
570 66
1191 216
855 126
438 436
516 137
2226 556
769 126
378 66
706 56
398 93
247 93
730 236
306 106
449 106
252 93
806 56
406 126
516 66
2396 56
809 86
480 56
910 126
321 66
1020 306
446 151
2402 48
620 176
140 537
1556 106
356 324
338 56
501 66
321 66
406 156
670 278
456 156
2346 66
2006 93
2086 66
855 126
1946 66
356 176
869 86
383 277
281 66
497 66
568 66
467 106
406 116
359 87
937 306
743 86
930 56
726 66
2348 66
1326 66
780 197
760 56
892 123
161 450
320 86
326 66
844 123
456 146
838 176
517 93
406 116
406 186
386 121
283 87
231 76
399 56
406 136
406 116
558 97
452 86
310 236
318 66
1076 66
288 66
1406 93
944 61
540 205
326 66
1000 93
312 68
758 72
406 126
