500
1220 2440
390 86
2286 48
540 206
468 66
496 92
2104 705
470 138
906 66
515 56
516 391
786 56
910 576
870 106
710 93
937 66
913 417
181 280
491 93
1260 156
771 137
476 126
370 255
453 453
486 56
413 156
666 146
369 66
530 396
756 56
371 508
456 206
1556 66
778 66
784 179
185 503
406 56
1306 66
2005 106
491 93
486 486
797 66
606 336
369 204
470 126
1520 76
596 187
182 403
937 66
558 97
343 156
320 76
356 116
2016 151
306 336
477 126
695 56
356 116
808 136
887 203
309 137
806 56
858 56
611 257
491 66
1570 93
388 66
570 66
86 239
440 548
306 146
869 86
781 66
784 56
491 93
856 356
163 417
1818 86
2266 56
1426 64
1271 176
1179 76
808 136
2216 336
516 584
721 66
518 56
290 187
406 156
981 56
789 66
1526 56
2382 556
781 48
1391 106
2288 48
2206 51
399 56
491 93
2216 66
745 126
784 56
392 87
767 68
178 620
2326 126
1002 93
1246 406
341 530
1506 241
521 93
406 156
406 126
843 187
408 556
388 72
771 137
343 156
306 179
1895 76
835 56
482 86
289 1172
371 66
776 56
480 793
848 453
1946 66
2280 66
1041 56
893 86
202 894
406 146
406 136
465 156
406 66
511 66
163 417
196 56
769 66
406 116
870 106
406 126
708 106
1441 66
203 397
1070 106
802 93
686 203
1570 93
824 66
288 66
306 126
829 556
1470 106
170 196
456 106
593 417
1570 406
888 76
1506 66
456 66
695 556
377 56
256 93
612 68
778 66
941 66
818 558
371 66
2026 66
271 66
872 61
491 93
386 121
1355 66
1385 86
910 576
418 66
366 458
855 126
391 66
470 138
421 66
769 56
306 166
959 106
364 68
835 123
639 56
600 157
1881 56
620 157
406 91
1290 93
726 96
875 465
406 136
906 93
769 66
413 93
163 586
170 196
1380 76
521 66
383 277
978 76
835 93
509 76
256 136
659 48
397 87
348 146
1550 93
406 156
288 66
186 285
639 288
809 61
406 156
338 66
356 116
888 336
562 66
270 106
306 179
420 336
256 116
611 257
268 86
406 126
882 93
417 116
309 87
499 56
474 61
388 76
283 87
181 436
663 187
806 93
1906 106
344 126
456 146
486 66
806 93
1962 106
1289 406
409 76
835 123
663 66
417 116
343 156
406 56
509 76
256 136
491 93
506 158
2016 151
771 137
491 93
429 468
556 64
549 97
502 66
406 106
345 535
785 76
347 506
406 146
770 56
181 436
511 93
241 93
261 66
2396 56
639 48
523 187
359 87
635 126
981 56
420 66
2070 93
383 277
620 176
695 93
356 116
797 188
391 97
306 179
726 96
446 151
261 66
406 166
842 137
392 87
449 556
421 66
1733 86
808 136
2026 66
824 66
639 56
86 970
1570 93
840 66
540 205
787 56
888 126
1770 93
465 156
420 106
639 56
606 566
872 86
600 157
148 535
421 66
1170 88
445 576
1688 106
839 76
874 123
870 93
811 66
198 323
408 136
406 56
224 429
306 93
1206 106
422 419
2064 86
348 403
448 468
855 66
2286 48
1946 66
1500 56
2288 48
456 121
390 137
252 93
1665 56
1296 166
406 106
1382 66
2316 56
823 183
489 98
855 126
421 66
797 66
256 136
155 463
860 74
271 93
769 66
406 156
890 106
417 116
975 86
106 106
256 136
803 170
420 86
1606 66
1995 106
1206 106
823 76
406 126
952 746
1050 761
406 106
406 106
796 124
640 56
855 126
868 93
892 123
635 126
176 307
497 66
471 66
780 197
910 126
781 66
838 176
271 93
1550 436
2005 66
600 176
2190 86
142 328
1306 66
424 136
858 106
1840 106
703 288
767 68
876 86
181 280
406 66
497 66
620 176
281 66
339 126
374 126
858 66
706 66
829 556
406 206
667 536
386 121
371 66
320 258
320 126
56 218
1550 93
388 106
142 328
1659 66
271 93
471 66
1241 131
406 156
206 66
320 258
2016 151
333 378
386 121
356 236
2286 48
821 93
1556 66
220 66
391 66
422 548
419 86
870 93
870 66
420 308
1063 449
990 126
406 186
1355 66
826 66
1550 93
1056 66
491 93
356 324
256 136
1970 336
506 106
2402 93
930 86
927 556
975 86
446 151
2406 56
943 76
737 66
1188 61
291 66
888 548
345 535
141 48
760 156
386 86
895 86
845 126
2326 556
521 66
396 91
417 116
1338 328
1508 56
872 61
406 156
312 68
778 56
1006 126
990 66
943 76
808 136
406 106
241 66
406 106
356 176
471 66
839 86
810 506
855 126
703 442
304 126
291 278
1733 66
343 156
810 506
600 93
538 56
