320
1220 2440
359 217
588 256
667 536
853 385
829 556
492 558
283 611
516 414
508 206
252 218
2368 468
781 486
356 206
2326 556
747 328
888 307
348 403
651 528
1659 398
891 576
2326 556
808 136
606 586
639 288
812 407
750 740
1088 326
990 586
1606 426
960 566
255 383
1340 256
396 166
356 206
606 336
663 478
480 402
346 126
370 255
750 768
516 391
1289 406
906 456
784 179
888 336
816 616
1966 206
706 576
445 173
570 891
856 356
470 106
1770 336
667 536
818 586
383 277
2402 576
893 356
393 889
348 403
516 391
2292 472
316 392
2093 206
366 556
670 238
888 336
870 336
2382 556
1770 326
1290 576
756 336
835 528
345 535
816 216
2216 336
456 336
480 402
423 310
1290 576
639 288
919 528
835 528
438 406
448 468
310 236
448 468
565 386
456 336
2326 768
706 66
344 126
406 206
396 106
155 463
359 87
1172 517
600 93
1289 406
520 438
422 398
1063 453
593 417
2216 256
446 386
543 416
692 587
870 336
1236 306
870 106
919 126
870 93
1556 586
606 336
376 206
919 556
1570 93
283 611
516 414
643 884
420 306
325 518
252 218
756 336
366 556
839 251
320 258
990 558
348 403
990 586
1071 285
750 768
745 346
319 258
131 1163
643 884
2210 206
283 612
990 558
1970 336
429 307
802 366
1666 61
565 358
868 556
565 358
667 528
1210 545
818 558
320 258
868 555
870 308
888 336
1701 246
1338 256
422 419
1289 406
1172 517
746 556
420 417
898 278
2368 468
503 576
761 486
769 555
770 253
651 528
2388 86
320 258
666 556
429 468
366 486
486 486
356 206
2068 468
858 76
325 518
298 66
1236 306
1556 386
888 307
706 576
706 225
1606 426
703 446
324 218
370 255
474 457
406 206
739 285
1210 546
703 446
491 66
470 258
593 417
1550 436
1659 398
786 566
2368 468
480 793
1506 241
670 575
520 438
904 528
456 336
455 528
835 528
888 307
706 206
797 216
2326 556
2126 546
593 417
2382 556
2036 586
744 347
252 246
770 356
573 326
778 486
990 586
730 217
746 556
221 389
1066 336
480 793
1025 453
990 586
1172 517
700 318
529 469
1508 56
2226 556
420 278
651 528
870 336
573 326
720 308
1290 576
319 258
1973 489
1390 466
888 336
291 66
824 527
706 225
1970 286
1290 576
783 308
747 318
306 126
2126 546
471 66
1063 449
470 530
1172 517
553 489
291 66
370 356
486 486
406 206
2402 576
320 258
747 328
588 256
870 336
1550 556
440 548
468 206
445 548
739 217
781 508
948 428
516 584
438 436
556 546
1646 406
1550 436
379 225
1546 414
910 576
2126 546
2326 556
1390 466
306 336
429 468
429 307
1210 545
1066 336
553 489
1338 256
2326 556
430 421
663 506
1820 93
1210 426
1636 366
224 429
450 66
811 486
1289 406
1063 449
768 556
1028 421
666 424
142 328
520 438
975 86
1770 336
420 336
798 449
853 428
2226 556
700 318
346 535
811 486
341 93
781 356
1498 820
1718 625
