320
1220 2440
1843 575
1068 286
663 478
745 346
1210 546
319 258
756 556
470 286
1293 56
910 66
746 586
516 391
629 356
906 456
888 576
330 436
666 424
455 528
370 256
404 486
406 156
870 576
1636 366
744 347
391 97
809 86
438 436
346 256
529 469
906 356
1506 241
948 456
2292 427
835 528
420 336
612 257
612 257
420 566
700 336
716 206
1289 393
1025 453
783 528
829 556
437 528
163 353
348 403
455 528
406 206
371 508
325 518
620 570
682 474
412 528
2316 56
570 891
559 206
429 307
1210 546
1601 381
611 257
829 528
2226 556
268 406
252 246
1966 206
252 218
891 576
868 555
812 421
379 225
448 468
870 336
2006 93
667 556
844 123
483 558
140 537
422 398
437 528
415 307
370 255
667 536
348 403
1506 420
1000 556
835 528
486 486
680 581
404 486
492 558
497 66
309 137
573 326
423 310
406 545
1063 449
516 306
2126 546
2382 556
2402 576
667 528
606 239
890 537
449 93
769 265
2106 306
570 237
1210 545
420 336
1973 489
990 586
750 768
383 277
960 566
783 548
856 356
306 336
1556 106
2093 556
1210 545
1970 336
1550 420
650 894
1289 406
2226 556
446 386
2216 256
383 277
1290 576
1570 406
1721 56
471 66
453 398
568 66
667 536
706 576
438 406
1556 586
356 206
1788 356
456 156
593 417
1506 241
696 56
2368 468
906 356
970 567
1598 246
770 271
990 586
756 336
2402 576
456 436
695 528
1843 575
898 278
423 310
420 417
829 528
875 465
606 336
470 530
348 403
356 324
937 287
813 360
783 548
891 576
436 486
747 318
448 468
781 508
1066 336
888 307
761 486
406 126
530 396
2226 556
319 294
1055 381
348 403
744 347
1289 406
348 403
356 324
733 600
1506 342
781 486
556 546
297 56
420 267
393 889
345 535
781 556
422 419
1028 421
756 556
960 566
720 308
692 587
288 246
1289 393
1606 426
2086 66
771 137
167 308
1063 453
1506 342
890 537
870 336
625 353
835 528
346 535
341 530
341 93
1966 576
611 257
818 558
553 489
819 332
2226 556
1906 286
1788 356
2292 427
1210 545
371 508
848 453
913 417
1908 86
2348 536
806 236
406 106
888 336
320 258
453 453
559 206
458 406
341 355
1659 398
1506 241
2106 56
888 336
715 516
520 438
1063 449
818 558
2216 336
769 486
1752 336
441 360
1966 206
783 179
480 402
366 458
256 136
2259 555
745 346
2326 556
706 576
1606 426
820 337
336 286
406 206
291 278
1236 306
798 453
2126 546
1470 106
456 336
308 106
255 383
1398 600
393 889
420 308
1410 486
436 458
931 306
300 267
1210 545
1755 360
1973 489
420 566
320 258
612 257
516 414
376 206
1260 307
232 824
816 616
553 489
739 285
486 486
383 277
420 336
700 318
606 586
870 308
891 576
816 538
256 288
438 436
2190 406
1063 449
2292 427
1063 449
803 421
889 406
448 468
2382 556
406 356
1050 761
1526 606
2382 556
356 206
540 206
783 528
888 307
470 286
375 527
