320
1220 2440
606 566
884 370
406 106
824 527
371 508
556 466
2210 206
480 402
703 288
320 296
703 288
870 106
378 225
948 246
366 106
811 486
470 306
874 123
1210 546
808 136
1289 393
420 336
2326 556
422 398
319 258
769 486
378 66
516 414
255 383
224 429
438 406
621 378
553 489
2368 468
606 239
835 528
663 506
402 889
306 106
568 66
1246 406
1546 414
816 538
570 256
1210 426
1340 310
224 429
440 548
2402 576
1659 398
430 421
913 417
740 86
224 429
530 396
480 793
559 206
703 442
750 740
786 236
651 528
420 308
520 438
682 581
798 453
1390 466
291 278
422 398
448 468
695 528
816 216
769 265
2066 506
811 486
356 206
486 486
798 449
486 486
320 316
680 581
769 486
1000 556
406 106
467 106
770 556
319 556
990 558
798 453
881 781
447 56
680 474
543 416
783 528
437 528
506 396
1210 545
870 308
325 518
520 438
406 206
202 894
667 556
2382 556
288 246
570 256
1966 206
816 406
470 286
686 506
621 378
1906 286
1000 556
612 257
745 318
818 323
1071 285
420 308
695 93
818 558
913 417
1063 449
663 506
743 337
781 606
2006 566
1340 256
455 226
455 226
455 528
829 528
356 206
1370 406
320 258
812 407
445 576
341 530
420 308
286 136
1843 575
516 391
486 486
356 286
540 206
621 378
703 442
379 225
960 566
2368 468
430 407
324 528
906 468
2036 586
1970 336
429 468
833 307
587 56
379 225
2068 468
383 277
316 392
870 336
1066 336
224 429
516 584
1555 372
770 86
333 378
430 407
1556 586
703 442
1068 286
241 66
1598 246
2348 536
810 428
341 530
745 318
810 478
819 356
884 338
268 406
1646 406
870 420
430 421
2036 566
348 403
346 278
2326 556
319 258
324 528
516 278
1088 326
2406 106
406 206
543 416
606 239
383 277
370 255
1210 545
420 336
606 278
746 556
761 486
2216 336
646 586
402 889
348 403
960 566
319 258
291 278
1002 93
1506 342
663 506
474 457
1063 449
283 612
255 383
1179 76
818 126
781 486
806 286
783 548
486 486
1802 76
480 402
781 486
1103 465
438 406
913 417
1178 218
720 335
913 417
2103 556
409 251
913 417
611 257
556 546
651 528
341 530
1104 576
870 308
919 556
750 730
422 419
356 236
369 356
370 356
508 206
453 453
806 286
1289 406
455 226
1063 449
1370 406
833 309
776 241
437 528
1550 93
1659 398
811 486
453 453
651 528
483 558
1973 489
811 486
835 556
2382 556
1565 561
889 406
858 216
786 566
430 421
393 889
884 356
2326 556
606 239
1755 360
2048 336
411 528
319 258
316 392
2226 348
406 156
1260 307
620 176
420 336
667 528
1770 336
888 307
695 556
1570 93
783 548
531 66
906 356
430 421
366 486
1289 393
366 458
420 308
890 781
682 581
1066 336
348 403
283 612
404 486
516 66
320 258
1071 285
565 386
568 206
2402 576
366 556
797 328
338 146
612 257
319 258
1406 93
919 556
813 360
829 556
