320
1220 2440
1066 336
593 417
720 308
1103 465
420 308
1210 426
730 236
556 546
1290 576
422 419
356 324
1289 406
221 389
453 398
1236 306
798 449
375 527
328 238
703 446
651 528
429 307
656 256
438 436
283 612
570 237
422 419
348 403
1390 466
682 581
621 378
369 204
781 486
409 251
770 556
811 486
625 377
2006 566
888 307
2190 406
620 93
268 406
606 239
2406 581
797 356
761 486
870 576
811 486
910 467
1290 576
970 567
656 256
341 530
438 406
593 417
1066 336
695 556
320 258
252 246
422 419
367 206
378 225
703 446
388 66
306 336
438 406
576 239
667 528
422 419
1970 286
366 556
893 356
1506 420
839 86
356 176
960 566
370 329
1659 398
319 258
870 206
296 703
781 508
620 570
516 391
1970 286
853 428
491 93
429 307
511 66
486 486
356 324
811 486
769 56
406 156
730 236
1098 365
206 287
453 398
703 442
310 236
371 508
835 528
320 303
412 528
570 891
839 286
422 548
1063 449
2402 576
588 256
2382 556
769 265
516 391
1843 575
423 310
565 93
839 286
756 336
1000 556
1556 586
437 528
881 781
430 407
745 318
1210 545
781 536
289 1172
2402 576
429 468
458 406
1598 246
252 218
2103 556
316 392
703 442
438 436
470 286
309 137
1191 216
919 556
2066 506
913 417
813 360
1966 576
1071 285
506 396
291 278
346 256
695 528
516 278
2292 427
818 558
348 403
1210 324
320 258
429 468
1755 360
804 406
650 894
420 306
728 845
743 337
791 126
1906 286
455 226
808 136
456 436
489 98
756 556
429 468
1066 336
252 218
348 403
2046 56
539 503
348 403
798 449
259 377
960 566
2126 546
1251 347
2382 556
1063 453
438 436
811 486
1636 366
816 538
2226 556
1506 241
570 237
348 403
2382 556
833 309
2326 768
1172 517
543 416
356 337
588 256
348 403
835 556
556 466
1390 466
778 486
588 256
656 256
750 768
420 308
320 296
720 308
1063 449
2206 576
449 528
1236 306
356 206
1376 256
620 157
1088 326
1179 66
829 556
486 486
756 66
860 156
439 366
376 206
1040 616
316 392
412 528
1570 406
2292 427
309 137
666 424
1506 66
2190 406
2106 306
486 486
420 566
1088 326
960 566
1063 453
990 558
256 970
1410 246
835 123
556 546
1770 336
656 256
806 106
1555 372
420 330
347 506
497 66
328 256
593 417
721 356
338 146
447 106
467 106
448 468
346 256
733 620
1755 430
291 278
740 770
252 246
328 256
1028 421
769 486
1056 246
540 205
255 383
904 406
747 318
348 403
224 429
853 428
408 106
422 419
429 307
1598 246
2190 406
430 421
420 566
888 307
375 527
1290 576
325 518
769 486
2048 336
1063 449
366 458
845 393
880 66
670 278
422 548
2326 556
702 353
553 489
480 452
1210 546
2348 536
1068 286
1210 546
366 458
324 528
835 556
606 566
259 377
2326 556
565 66
611 257
366 486
2126 546
875 465
486 486
1289 406
666 424
283 612
990 558
2216 256
470 106
2070 556
