320
1220 2440
366 458
2106 306
1289 406
806 286
356 286
695 556
356 324
565 358
1555 372
406 156
798 449
1550 556
422 419
770 556
1755 430
2068 468
990 558
1526 606
356 206
319 258
448 468
1063 449
783 528
812 421
1398 600
1721 56
1210 426
289 1172
306 146
486 486
928 123
753 354
486 486
1002 556
703 442
449 556
474 538
718 66
906 356
446 151
420 566
441 360
383 277
255 383
960 566
370 237
758 138
346 256
813 360
1546 414
420 286
891 256
816 538
206 870
370 255
2048 336
379 225
806 286
420 278
870 548
456 336
1131 286
570 256
891 390
695 56
422 398
252 487
341 530
1906 286
1598 246
486 486
429 468
906 286
2216 336
346 535
1236 306
319 258
783 308
570 66
453 363
348 403
324 218
370 329
747 328
492 558
870 576
1940 538
1025 453
348 403
868 556
339 66
320 286
1056 246
745 318
422 398
2402 576
839 251
520 517
720 335
756 66
1556 586
556 466
333 378
745 318
927 556
306 336
420 278
646 586
1550 420
1066 336
1390 466
721 356
1210 406
706 576
784 56
818 586
565 358
445 548
995 307
2126 546
2326 556
2292 472
750 768
553 433
417 116
833 307
2326 768
680 581
480 402
1438 625
306 106
2190 406
1906 286
406 156
1659 398
1966 206
813 360
2402 576
1036 356
856 356
781 536
1066 336
1970 286
371 536
516 306
1570 406
310 236
227 832
356 286
1210 426
667 536
341 355
406 136
835 556
446 386
818 558
818 558
888 336
1246 406
320 1150
1636 366
458 406
291 278
812 421
480 793
319 258
2226 556
328 256
1973 489
456 121
2226 556
325 518
241 577
348 403
445 66
383 277
259 377
1410 486
1970 286
325 518
1606 426
835 556
891 66
406 146
703 288
419 528
1506 420
429 307
406 156
406 206
833 307
625 353
931 306
1290 576
468 206
606 336
706 225
1659 398
1406 66
783 548
324 528
232 406
316 392
745 346
2406 581
695 556
1063 453
320 296
1526 606
438 436
348 403
829 528
406 156
769 486
2402 576
812 421
906 468
206 56
1550 556
744 347
520 438
224 76
420 336
2402 576
406 106
606 336
288 66
2070 556
1659 398
756 556
1066 336
783 528
438 406
593 417
291 278
745 346
422 398
703 288
706 576
520 438
1251 347
1338 256
2190 406
1063 449
1646 406
1103 465
788 326
682 66
1646 406
960 566
770 556
1555 372
902 358
1646 406
2382 556
746 586
881 467
1056 246
2190 406
2106 306
913 417
1506 420
224 429
797 328
768 556
453 398
745 318
2121 581
682 581
397 225
570 237
420 308
948 246
333 378
306 336
888 548
739 285
496 61
470 306
470 287
2402 576
745 346
2326 556
422 419
356 324
1068 286
356 206
848 453
1752 336
565 358
2326 556
611 257
2126 546
798 453
768 556
995 307
829 93
348 403
781 536
1210 324
875 66
906 456
682 581
680 581
781 486
811 486
770 217
1646 406
666 424
868 556
336 286
224 429
682 581
2402 576
348 403
366 486
267 106
770 253
520 517
2210 206
