320
1220 2440
370 356
439 366
1701 246
890 781
448 468
320 258
446 386
868 555
455 206
370 66
1050 761
1526 606
356 286
1973 489
868 556
736 107
990 558
422 548
420 306
333 378
1066 336
468 206
1606 426
746 556
1068 286
565 358
1966 206
453 398
430 421
316 66
306 506
438 406
429 307
324 218
2093 556
818 586
375 527
1103 465
906 468
2093 556
856 126
781 508
720 335
348 403
422 548
756 336
1770 1010
682 581
783 528
421 66
356 324
1806 66
1340 256
769 555
328 256
818 558
730 236
2036 586
520 438
1056 246
2103 556
667 528
2190 406
1770 336
348 403
456 436
700 318
818 558
370 356
2068 468
888 307
543 435
1063 453
1063 453
706 206
2003 414
706 225
419 86
283 612
655 184
480 793
816 616
232 824
2048 336
2402 576
1025 453
851 137
639 288
1210 324
919 556
1055 381
344 126
429 307
745 318
1970 336
383 277
1290 576
629 148
422 419
1246 406
406 206
220 86
851 137
1550 556
666 556
376 206
781 486
747 328
408 556
611 257
868 556
706 225
1570 93
812 421
288 246
491 93
919 528
252 246
1028 421
612 257
356 66
483 558
788 326
910 576
1210 324
1601 381
783 548
480 793
458 406
516 414
320 258
406 136
161 449
420 417
1506 420
769 486
530 396
420 278
1550 436
888 336
1788 356
798 453
370 255
359 217
422 419
743 337
286 156
516 391
870 206
320 296
768 556
468 206
356 286
839 286
744 347
330 436
870 336
320 286
650 894
1556 586
706 576
429 468
324 528
429 468
2190 406
2292 472
818 586
370 256
870 336
1236 306
770 556
316 392
565 386
706 576
438 436
812 407
2036 586
839 251
300 1068
667 556
1526 606
406 183
487 186
1210 324
746 556
2326 556
1002 556
371 508
1210 426
806 236
422 419
812 421
611 257
1050 761
1236 306
446 386
620 93
1251 347
1063 453
1538 385
446 386
568 216
420 566
111 395
420 308
486 438
913 417
558 97
224 429
692 587
348 403
1246 406
606 336
467 106
1155 156
2068 468
781 508
516 391
913 417
2326 556
356 206
906 66
1000 556
430 421
1338 256
1340 256
255 383
870 576
348 403
1808 346
430 421
835 556
328 256
422 419
319 258
1970 336
516 414
565 358
682 581
453 398
319 258
232 824
437 528
1595 421
829 528
252 246
2326 768
422 419
606 239
756 556
366 556
2216 256
798 453
576 239
420 306
888 307
252 218
1526 606
448 468
227 832
455 226
888 336
310 236
2382 556
1550 556
1506 241
442 527
806 236
422 398
470 286
646 586
663 506
422 419
370 237
1808 346
483 558
1246 406
745 346
422 419
356 558
2210 206
853 428
745 346
626 126
348 403
320 258
1843 575
530 406
330 436
486 486
1025 453
1210 546
202 894
778 486
439 366
422 398
779 545
1040 616
336 286
445 548
808 136
1290 576
2226 556
422 419
1726 66
1770 336
670 238
839 251
1755 360
695 528
1290 576
221 389
499 56
256 288
553 489
703 442
288 246
650 894
2226 348
781 536
