320
1220 2440
868 556
336 286
695 528
383 277
747 318
813 360
1770 326
406 206
2216 256
448 468
2068 468
835 123
1498 820
2326 768
870 308
227 832
848 453
366 556
606 566
470 287
320 258
306 179
720 308
1550 436
391 66
611 257
306 336
1025 453
872 86
422 419
356 206
2382 556
422 419
816 538
960 566
543 416
437 528
695 556
438 406
1701 246
1063 449
612 257
420 308
1550 556
621 378
904 528
486 486
356 286
670 575
320 258
420 566
703 442
891 256
1340 256
797 216
453 453
1546 414
1172 517
781 508
422 398
819 332
1506 342
818 558
408 556
1210 546
486 486
439 366
356 206
1210 426
408 556
651 528
706 576
320 258
745 346
1606 426
406 206
371 508
448 468
1355 386
252 246
291 278
470 286
553 433
588 256
818 558
816 616
1570 406
646 586
356 558
565 358
320 258
1755 430
2382 556
703 442
813 360
438 406
682 581
366 486
1246 406
1480 728
829 556
420 566
1826 449
328 238
559 206
818 558
706 576
441 360
406 156
1030 336
516 414
429 307
888 307
470 286
486 486
2126 546
456 336
853 385
1770 336
370 256
1970 336
486 486
1289 406
769 555
1970 286
393 889
568 216
1071 285
406 126
768 555
256 970
374 126
1150 236
1906 286
747 328
829 556
810 428
491 93
2292 427
516 414
1826 449
470 286
470 138
371 508
829 528
325 518
904 406
1251 347
1030 336
2402 576
2292 427
667 528
835 556
2348 536
1065 353
319 258
1289 402
706 206
406 106
415 309
429 307
910 576
750 768
429 307
818 586
646 586
384 456
2226 348
990 558
720 308
356 337
783 308
870 576
470 377
802 93
409 251
420 278
422 398
781 556
455 528
333 378
888 336
348 403
1030 336
769 486
1895 206
256 116
458 406
283 612
706 206
1002 556
1659 398
448 468
695 556
769 265
781 486
406 136
453 398
2103 556
320 258
573 326
328 256
2226 556
319 258
868 556
904 528
429 307
316 392
397 225
783 308
651 528
809 61
348 403
888 307
336 286
320 258
1076 256
480 452
224 429
1260 995
420 306
811 486
516 414
2093 556
593 417
891 576
663 506
423 310
1526 606
449 556
906 456
386 121
839 286
2402 576
420 308
620 570
453 398
445 356
663 187
1040 616
2126 546
406 156
650 894
378 225
388 76
283 612
356 176
750 768
1210 324
943 76
1555 372
377 56
422 419
884 338
516 414
370 356
808 136
1523 606
779 545
706 206
781 486
1506 241
1595 421
756 556
858 66
667 536
1506 342
320 258
1068 286
829 528
333 378
324 528
1555 372
806 286
745 126
291 278
593 417
341 530
474 538
835 528
769 555
148 535
486 486
870 336
2068 468
906 93
770 241
1289 402
324 528
438 406
819 332
1636 366
474 61
781 66
682 581
820 337
1091 401
835 123
256 136
1966 576
2003 414
786 566
565 358
706 225
553 489
1556 386
423 310
2216 256
1565 561
750 768
835 93
2070 556
1966 206
516 391
1843 575
570 237
1179 76
1210 324
1068 286
797 328
