320
1220 2440
806 236
666 424
1944 91
348 403
2402 576
2011 556
316 392
419 528
516 306
492 558
445 66
750 768
1063 453
1040 616
870 336
2048 336
797 356
682 474
753 354
957 456
960 566
1210 324
848 453
588 256
919 528
422 398
1646 406
902 358
906 468
550 770
656 256
1438 625
2126 546
1135 76
888 548
306 336
781 536
539 503
1555 372
383 277
695 528
455 226
346 535
1606 426
1546 414
1246 406
356 556
1103 465
769 486
424 136
906 356
486 486
449 93
1570 406
370 255
543 435
824 527
770 556
913 417
370 255
806 286
1063 453
1066 336
330 436
769 486
316 392
455 206
446 386
1071 285
1506 241
739 285
2226 556
2348 536
1036 316
1290 576
1570 406
888 307
768 556
383 277
224 429
453 453
845 393
252 246
420 306
621 378
383 277
252 246
441 358
1030 336
255 383
420 308
706 225
429 468
781 536
1701 246
888 336
1755 430
440 548
438 406
341 530
1398 600
346 278
377 56
421 66
1289 402
804 406
411 528
438 406
370 255
1506 420
356 286
370 197
948 456
452 1206
667 556
397 225
436 458
720 308
393 889
568 206
370 356
1570 406
2292 472
319 258
232 824
429 307
2216 336
695 556
543 435
663 506
383 277
1210 545
700 318
1404 468
420 308
415 307
256 970
565 386
588 256
2226 556
931 306
2048 336
812 421
1056 246
2126 546
1002 556
739 285
291 66
438 436
341 530
904 528
453 398
530 406
1550 556
221 389
356 196
2348 536
471 66
1260 326
981 286
829 556
1260 307
1338 256
747 318
336 286
720 335
1140 76
611 257
720 308
1598 246
348 403
1936 426
913 417
366 458
667 528
324 528
769 126
733 600
870 336
420 308
1236 306
1131 306
378 225
320 76
458 406
408 556
429 307
1416 176
606 239
291 278
420 306
770 271
2382 556
700 336
1210 545
2292 427
1063 449
818 558
829 556
761 486
470 286
422 398
549 97
745 318
1701 246
1210 545
420 306
356 206
379 225
606 586
1340 256
453 398
565 386
422 419
1770 326
161 450
453 363
2126 546
398 93
797 328
745 318
422 398
733 620
438 436
776 76
891 548
470 286
422 419
606 336
745 318
283 612
663 506
781 556
682 581
656 256
888 576
848 453
336 286
810 506
430 407
720 308
1398 620
797 328
1289 402
811 66
320 296
612 257
957 428
639 288
1350 76
835 528
2368 468
346 256
516 391
1040 616
838 176
306 336
656 256
480 402
1236 306
2226 556
178 115
798 449
2226 556
667 528
990 558
680 581
1688 106
383 277
720 336
508 306
480 402
441 358
2068 468
1755 360
745 318
779 545
232 824
816 538
663 506
606 336
348 403
806 286
491 66
768 556
420 336
456 336
330 436
870 86
325 518
1290 576
881 467
474 538
356 558
678 66
565 386
438 406
383 277
1290 93
2070 556
620 570
1028 421
1390 466
888 336
1701 246
1206 48
367 206
520 438
406 146
919 556
990 558
667 528
906 356
1659 398
456 436
783 528
2226 556
1020 66
833 307
695 93
