320
1220 2440
1289 393
2292 427
770 556
904 406
700 318
2266 66
888 548
829 528
170 196
990 586
1210 545
1055 66
1970 286
1616 106
406 206
430 421
1290 576
1546 414
745 318
356 206
2382 556
570 256
206 408
356 324
420 336
320 258
906 468
532 406
715 516
621 378
1550 436
756 556
348 146
2103 556
267 106
252 218
747 318
1210 426
902 385
370 256
480 402
291 278
703 442
370 255
739 217
1002 556
1025 453
2103 556
746 556
1788 66
309 237
606 336
848 453
252 246
470 377
888 307
422 419
2326 556
420 267
960 566
429 307
232 406
422 419
620 570
232 824
781 508
768 556
1966 206
1556 386
516 391
1040 616
1251 61
441 358
2216 336
356 206
1172 517
420 306
448 468
1290 576
1131 306
422 398
783 308
781 486
1526 606
316 66
1701 246
703 288
1066 336
1526 606
320 258
1973 489
384 456
1546 414
429 468
379 225
1940 538
1550 420
356 558
348 403
402 889
806 286
695 528
453 398
829 556
746 586
906 468
1636 366
875 365
486 486
480 402
937 287
565 386
306 93
990 558
2326 556
1480 728
778 486
386 66
420 308
446 151
703 442
888 576
779 545
889 406
383 277
409 251
1210 545
611 257
700 318
1556 586
1055 381
888 307
781 536
2402 576
770 296
848 453
383 277
423 310
906 468
2292 427
1236 306
888 336
981 286
520 438
456 356
348 403
781 536
320 217
747 318
819 332
768 93
2206 576
256 288
417 116
470 530
306 126
682 581
1752 336
2104 705
870 336
256 970
888 307
420 306
345 535
1338 328
378 225
406 545
830 76
881 781
835 556
348 403
320 258
325 518
806 286
676 82
320 258
1040 616
746 556
868 556
1646 406
860 56
2216 256
383 277
746 556
880 56
769 555
1546 414
448 468
806 286
970 567
393 889
1172 517
1550 420
553 489
839 286
408 556
370 237
1068 286
1290 576
540 206
891 390
520 438
420 330
348 403
769 486
1340 256
2326 556
1970 286
798 449
378 225
906 468
1210 324
1752 93
813 360
606 278
420 308
2402 576
1040 616
1550 556
2036 566
750 768
606 336
1289 406
556 546
1636 366
1290 576
570 891
888 336
1940 538
1290 576
1966 576
320 258
441 360
370 255
938 386
474 538
1546 414
798 449
224 429
2068 468
221 389
539 503
1206 93
870 106
868 555
695 528
756 556
429 307
341 93
835 556
1246 406
516 391
2326 768
346 256
333 378
1550 420
1940 538
232 824
856 356
316 392
413 136
666 424
651 528
806 286
420 336
2368 468
448 468
891 556
2292 472
829 556
370 255
445 548
797 216
506 396
1550 556
593 417
1836 61
733 620
750 740
2048 336
445 173
449 528
430 407
2216 336
606 336
1606 506
1188 66
667 536
422 419
910 467
1555 372
816 183
336 286
870 420
429 307
422 398
745 318
1040 616
1755 360
770 216
1565 561
325 518
186 285
948 456
829 556
2382 556
436 66
904 406
420 308
829 556
856 356
458 406
888 307
1030 336
1210 546
730 236
2070 556
789 137
1770 326
2126 546
