320
1220 2440
458 406
2348 536
770 1110
346 278
856 356
1570 406
453 363
779 545
1338 328
913 417
2292 472
320 258
716 90
470 377
1966 576
770 216
422 419
906 468
2404 906
888 336
456 436
1236 306
516 391
781 556
1210 546
370 329
1966 206
1246 406
706 576
1170 66
486 486
540 206
1210 546
406 146
870 576
891 576
333 378
480 793
328 256
680 581
341 530
806 286
750 768
1606 426
348 403
870 336
182 403
422 126
422 419
1338 328
422 548
348 403
420 278
422 398
695 528
341 530
455 226
291 278
746 586
1550 436
568 56
506 396
328 66
232 824
376 60
1970 336
811 486
325 518
802 366
2190 406
756 556
422 548
739 285
1636 366
870 576
666 556
651 528
559 206
391 97
797 328
816 538
667 556
797 328
1973 489
396 91
422 398
391 97
406 206
486 486
646 586
2068 468
1290 576
408 136
420 336
1103 465
804 406
446 386
568 206
456 336
491 93
310 236
812 421
1246 406
818 586
1131 306
593 417
516 391
328 256
429 307
470 287
256 136
904 406
316 392
1606 426
206 66
768 555
870 66
456 436
438 406
695 528
163 417
829 528
319 258
224 429
346 256
474 538
319 258
750 740
206 388
480 452
570 237
252 218
639 288
830 76
889 406
565 358
252 246
1246 406
516 584
806 286
1546 414
420 308
327 318
429 307
420 308
747 318
1210 545
477 126
769 555
1646 406
813 360
516 391
1390 466
222 433
829 528
695 556
530 396
2070 556
639 288
516 414
520 517
990 66
889 406
2216 336
1030 336
600 157
2103 556
1966 576
2404 906
1606 426
486 438
508 306
1598 246
756 556
781 486
445 548
430 421
798 449
2190 406
320 258
818 558
529 469
570 237
422 419
411 528
1178 218
797 328
420 278
547 56
1210 324
420 306
848 453
1210 545
1872 61
769 265
480 402
470 377
889 406
663 506
651 528
717 126
1040 616
990 586
383 277
453 453
1076 256
720 308
530 396
2326 556
508 306
291 278
771 137
1940 538
288 246
1236 306
448 468
606 239
666 556
420 336
2226 556
202 894
1390 466
256 288
750 768
667 528
252 218
370 197
1150 236
1755 430
802 366
1755 360
1340 310
1843 575
420 336
370 237
252 218
1210 426
769 265
703 288
875 365
889 406
1236 306
1063 453
2382 556
1063 449
663 506
981 76
420 308
2048 336
486 486
891 576
420 417
824 527
516 414
1025 453
904 406
370 255
1172 517
556 546
818 586
1063 449
2292 472
348 403
404 486
445 576
453 398
511 66
1419 56
370 255
695 528
881 781
2382 556
2104 705
1091 401
2036 566
898 278
816 406
420 308
325 518
420 286
316 392
255 383
1716 216
2402 576
612 257
379 225
829 556
1290 576
440 548
769 555
556 546
430 421
2190 406
2368 468
185 503
1936 426
420 306
848 453
1056 246
422 548
570 256
606 278
573 326
666 424
252 246
448 468
320 258
829 528
2036 586
651 528
682 581
2216 256
448 468
811 66
252 218
824 527
1970 336
606 566
470 306
383 277
