400
1220 2440
291 66
420 336
703 442
379 225
406 156
306 93
256 106
746 556
1390 466
875 465
2382 556
283 611
587 56
816 216
663 506
2326 768
318 66
2382 556
420 306
756 66
948 246
406 106
321 66
338 66
406 156
402 889
224 429
224 429
422 398
819 356
370 237
842 137
913 417
695 528
1506 342
559 206
202 894
818 323
1066 336
686 506
402 889
516 66
320 303
458 66
783 528
1843 575
1406 66
383 277
1210 545
356 206
1206 93
402 889
884 356
1555 372
1550 556
420 308
896 203
252 218
420 308
829 528
1498 356
320 316
404 486
750 768
770 86
480 402
420 308
406 116
744 347
271 93
1802 76
399 56
570 891
509 76
960 566
441 360
2368 468
543 416
1802 76
703 442
291 278
888 307
639 288
860 74
456 156
1068 286
447 56
306 106
835 93
809 86
163 417
123 936
1758 76
804 406
1606 66
797 328
919 556
870 106
1104 576
758 66
2048 336
516 306
770 356
366 458
919 556
553 489
783 308
288 66
406 545
324 528
656 256
811 486
404 486
1570 93
810 428
366 106
2068 468
791 126
378 66
745 318
165 553
1498 820
1546 414
2103 556
370 237
2348 536
453 453
2404 906
818 126
333 378
1210 545
1659 398
588 256
474 457
480 402
1998 86
406 106
543 416
2292 472
808 136
620 176
306 106
781 508
902 360
745 318
201 86
338 146
241 66
558 97
1370 406
348 403
888 336
919 556
338 56
309 137
530 406
1970 336
1506 342
343 156
1077 86
406 206
771 137
1179 76
813 360
870 308
520 517
870 308
268 406
2005 66
663 506
686 203
680 474
483 558
304 126
486 486
456 436
345 535
750 768
651 528
409 251
393 889
538 66
1002 556
497 66
639 48
783 548
1390 466
621 378
981 56
286 136
486 486
888 336
483 558
770 61
369 356
255 383
666 556
429 307
1290 576
1066 336
420 106
768 555
1616 66
1538 385
420 308
384 456
370 256
845 126
668 166
421 66
567 93
406 106
347 506
651 528
1068 286
320 296
2406 106
970 567
528 86
750 138
383 277
781 606
870 93
887 203
1406 93
876 106
1550 93
868 556
430 407
516 414
1788 66
393 889
556 466
769 56
695 556
319 258
1048 86
437 528
406 206
808 136
330 436
743 337
449 106
1752 93
829 556
379 225
1565 561
889 406
833 309
420 308
796 124
496 138
442 527
1646 406
465 156
1764 66
1659 398
420 566
806 93
1131 306
703 442
781 556
2402 576
761 486
1002 93
1071 285
695 93
222 433
858 216
788 307
224 429
2006 566
2382 576
868 556
383 277
406 136
663 506
876 86
549 97
452 1206
370 356
2216 336
708 106
568 66
328 256
2382 556
406 156
703 288
440 548
1716 216
2106 86
1210 546
612 257
406 106
1770 336
1290 93
491 93
316 392
470 530
888 336
406 206
816 538
2226 348
1000 556
540 206
959 66
1071 285
291 66
506 406
667 536
1546 414
391 97
1040 616
1970 336
341 93
330 436
437 528
486 438
453 398
497 66
333 378
531 66
306 106
445 548
429 468
441 360
1906 286
319 258
740 86
629 356
1755 360
556 546
682 66
455 206
682 581
695 93
803 170
325 518
436 458
783 548
341 530
816 216
835 556
706 141
2326 556
770 556
776 241
406 106
2402 576
319 258
356 116
811 486
868 556
874 123
1000 556
913 417
506 66
1376 256
913 417
919 556
491 93
378 225
320 258
1670 106
421 66
1416 176
324 528
747 328
600 157
816 538
453 363
2402 576
769 486
356 324
445 173
1981 106
1289 406
570 256
870 56
1088 326
480 402
370 256
703 442
378 225
256 136
1246 406
806 286
956 66
467 106
319 258
1040 616
367 88
530 106
366 556
2131 56
2190 406
1926 56
1659 398
163 417
406 156
