400
1220 2440
870 336
520 438
324 528
808 136
170 196
256 116
848 453
1246 406
496 92
1701 246
483 558
747 318
420 417
858 66
593 417
377 56
981 56
2126 546
556 546
1970 286
809 61
1770 336
770 241
448 468
1636 366
455 528
420 308
1251 347
2070 93
990 66
870 66
783 308
682 581
516 391
621 378
406 91
438 406
808 136
906 93
771 137
2402 576
483 558
906 356
667 536
818 586
919 528
516 414
781 66
408 556
667 528
808 136
348 403
1550 436
2068 468
506 396
904 406
553 433
2348 536
320 258
781 486
324 528
855 126
870 336
508 306
491 93
438 436
798 453
1210 546
420 566
781 66
747 328
2226 556
768 555
383 277
1970 286
695 93
745 346
261 66
568 216
2326 768
474 61
835 528
406 136
344 126
1404 468
420 566
320 286
1506 420
1290 576
1546 414
558 97
1550 556
406 156
680 581
386 121
776 241
839 286
283 612
486 486
491 93
392 87
163 417
474 457
1555 372
2106 306
1826 449
316 392
320 258
1063 449
2216 66
781 508
471 66
720 308
420 306
663 66
486 486
324 218
682 581
516 391
486 486
600 157
486 486
990 558
291 278
252 93
406 156
391 66
703 442
374 126
306 93
465 156
470 138
422 419
452 1206
1172 517
1966 206
445 548
406 166
565 358
1076 256
306 179
1306 66
593 417
1385 86
835 123
869 86
1770 326
220 66
1065 353
511 66
406 126
695 56
620 157
420 308
1210 546
306 166
406 126
163 586
371 508
455 226
270 106
2016 151
720 308
1063 453
2016 151
1210 324
784 56
289 1172
415 309
797 188
666 146
330 436
406 156
891 256
256 136
506 158
471 66
420 278
1498 820
142 328
990 586
448 468
818 558
325 518
1595 421
816 406
990 126
798 453
388 66
1565 561
1606 426
221 389
835 123
371 508
1030 336
366 486
388 106
319 258
393 889
356 176
1659 398
570 237
943 76
429 307
870 336
356 558
802 93
888 336
2292 427
818 558
549 97
904 528
291 278
422 419
1025 453
356 337
876 86
606 586
370 356
2103 556
347 506
600 176
1770 336
750 740
1066 336
568 206
625 377
1355 386
706 576
408 556
391 66
2005 106
508 306
356 558
937 66
2068 468
829 556
283 612
439 366
386 86
747 318
336 286
1523 606
290 187
438 436
2382 556
406 106
695 528
393 889
417 116
818 558
621 378
1818 86
870 576
975 86
771 137
855 126
600 157
1556 66
1895 206
437 528
1071 285
497 66
710 93
855 126
756 556
388 72
829 528
606 566
429 307
306 179
470 286
1066 336
620 570
706 576
771 137
325 518
670 238
224 429
750 768
882 93
1260 995
320 258
268 86
404 486
870 93
181 280
408 136
824 527
420 306
420 308
745 126
853 385
1688 106
720 335
823 76
312 68
516 414
420 566
1770 326
386 121
1556 66
884 338
438 436
291 278
1068 286
256 136
406 136
320 296
1555 372
388 76
778 486
818 558
491 66
700 318
1550 93
320 258
2066 506
703 442
1056 66
417 116
397 225
1179 76
906 356
509 76
291 278
356 206
429 307
1296 166
438 406
2402 576
448 468
769 555
784 56
369 66
570 237
455 226
797 328
943 76
456 66
1091 401
371 66
1843 575
486 438
366 556
1170 88
1210 426
839 86
421 66
491 93
419 528
1030 336
695 556
348 403
378 225
1289 402
1556 386
148 535
366 556
952 746
663 187
420 308
1356 306
453 398
891 548
812 421
423 310
813 360
872 86
489 98
470 286
170 196
2292 427
931 271
570 256
406 106
728 508
391 97
406 106
1063 449
328 256
419 86
56 218
646 586
319 258
1636 366
588 256
320 258
422 419
356 206
888 76
888 336
413 93
458 406
1506 241
819 332
1030 336
843 187
1506 241
835 93
