400
1220 2440
320 258
291 66
1646 406
768 556
1221 56
529 469
1241 131
1701 246
758 146
700 318
306 126
1512 66
888 307
666 424
1071 285
870 93
359 87
1210 546
888 548
406 156
348 403
990 586
858 76
1063 76
458 66
703 288
520 438
745 318
1550 436
2382 556
471 66
341 93
553 489
1210 545
2126 546
491 66
1940 538
306 126
182 403
471 66
880 66
1063 449
2402 576
1586 63
543 416
573 326
2439 93
516 414
383 277
593 417
2292 427
516 584
2326 768
456 336
445 548
486 486
371 66
386 121
651 528
1820 93
611 257
975 86
2368 468
1739 66
445 173
2326 556
539 503
906 66
474 538
356 206
252 246
486 486
1718 625
756 336
336 286
706 576
1406 93
756 556
1770 336
565 358
646 586
506 66
556 546
2006 93
2226 556
1063 449
406 545
806 286
889 406
938 66
1356 306
406 206
406 156
771 137
324 218
486 438
1210 406
1289 406
1210 426
1025 453
1289 406
706 225
420 306
1402 86
853 428
670 575
354 121
898 278
448 468
516 414
1556 386
960 566
950 51
298 66
663 66
743 337
798 449
703 446
2216 256
959 106
456 336
406 106
888 336
778 66
870 420
797 216
448 468
888 576
2126 546
2067 56
306 336
770 241
1570 93
1066 336
534 61
397 87
593 417
670 575
356 116
1659 398
1246 406
570 891
700 318
870 336
808 136
777 203
1290 576
420 66
66 846
565 386
256 136
818 558
565 358
319 258
319 258
781 356
438 406
343 156
1088 326
2326 768
155 463
750 740
1970 156
1506 241
406 206
680 474
888 307
420 278
1290 576
783 308
818 586
486 486
339 146
761 486
706 576
797 328
639 288
593 417
808 187
1770 336
906 468
881 356
1636 366
367 88
1071 285
446 126
409 76
172 363
491 93
516 414
739 285
438 436
868 556
178 620
811 486
206 66
324 528
1246 406
291 66
888 307
818 558
621 378
1666 61
666 420
2388 86
874 123
450 66
319 258
356 206
453 453
396 106
366 556
404 56
131 1163
406 156
706 66
178 620
346 535
421 66
771 137
376 206
1566 66
2326 556
781 66
1570 158
706 66
306 166
492 558
919 528
438 406
406 126
304 126
142 328
1188 66
309 137
1973 489
990 586
855 126
744 347
420 417
328 256
888 307
486 486
252 218
406 206
1808 346
402 889
2216 256
393 889
870 106
468 206
802 366
430 421
888 336
667 528
1236 306
1340 256
798 453
906 456
600 93
1733 66
261 66
256 146
1210 545
870 93
388 72
469 106
1063 76
818 558
2382 556
784 179
338 66
1290 576
405 162
470 106
646 66
2226 556
186 285
760 74
948 126
241 66
1236 306
818 323
366 556
856 126
386 121
320 258
429 468
960 566
508 126
1556 586
681 106
346 126
480 402
370 255
348 403
747 328
703 446
1636 366
370 197
870 336
919 126
1546 414
769 265
520 438
430 421
990 586
325 518
913 417
1338 256
370 255
893 356
750 768
906 356
818 586
606 586
870 336
429 307
670 238
568 66
448 468
888 336
1550 436
438 436
990 66
310 236
181 280
390 86
913 417
259 377
480 793
1210 545
306 106
1416 176
761 93
283 611
506 158
455 528
344 126
820 356
396 166
224 429
185 503
870 336
656 256
1646 406
1066 336
511 66
820 337
570 891
2206 56
420 93
470 286
720 308
252 218
798 453
1944 91
556 546
456 336
1419 66
553 433
913 417
891 126
888 307
695 93
406 206
2026 66
2326 556
348 403
470 258
341 530
2121 88
458 66
1066 336
1172 517
2368 468
470 287
508 206
573 326
853 385
348 403
420 336
356 206
990 558
1506 241
341 93
1895 206
1508 56
870 308
506 61
322 97
904 528
370 255
606 336
565 66
2068 468
558 97
423 310
516 391
1289 393
