400
1220 2440
376 206
422 398
397 225
1506 420
1555 372
252 487
829 556
1246 406
703 288
1398 620
906 286
453 453
713 86
379 225
328 256
422 398
891 66
406 116
875 66
421 66
2126 546
421 66
1646 406
383 277
783 528
890 781
437 528
948 246
913 417
422 398
695 556
783 528
520 438
690 86
288 66
721 356
812 421
436 458
448 468
421 66
2326 768
781 536
456 121
232 406
267 106
1290 576
783 308
521 66
1006 93
682 66
870 420
2326 556
990 558
556 60
906 468
703 446
620 570
1526 606
406 126
1289 402
420 336
252 93
1646 406
1338 256
446 151
606 336
433 156
420 336
706 225
781 486
1582 86
770 217
666 424
718 66
506 406
538 56
770 253
356 556
868 556
356 286
1752 93
448 468
2402 576
829 93
758 138
835 556
2382 556
420 278
593 417
919 528
756 556
1419 456
565 358
2106 56
383 277
321 66
811 66
256 179
703 288
1910 66
713 106
438 436
1143 198
1556 586
486 66
1940 538
1546 414
812 421
769 126
366 486
870 420
404 66
310 236
183 743
812 421
756 56
316 392
1290 576
1172 517
1406 66
906 66
319 258
2126 546
666 124
429 307
506 396
224 76
1646 406
682 581
2394 66
891 390
227 832
446 151
178 620
941 56
1289 406
663 66
446 126
745 318
1721 56
439 366
768 556
316 392
612 257
528 66
2226 348
813 360
910 467
470 66
2402 576
251 66
516 414
745 318
486 486
616 126
406 156
343 156
818 586
2210 93
393 889
496 135
446 386
1210 406
141 431
181 436
1555 372
1270 66
316 392
252 218
750 768
860 74
721 66
1526 606
1131 306
1056 246
818 558
1506 420
446 126
1646 406
570 66
520 438
474 538
356 93
651 528
1289 406
835 123
835 528
1973 489
680 581
1066 336
829 556
743 86
910 576
745 346
491 93
805 56
255 383
530 158
520 438
306 106
784 56
408 136
666 424
1066 336
639 288
1063 449
1036 356
818 558
687 184
769 265
2259 555
480 402
422 398
2382 556
320 286
1438 625
456 156
420 306
1236 306
341 530
356 324
1970 286
667 536
888 336
556 546
771 137
870 308
417 116
2106 306
666 424
406 136
306 336
1218 76
791 126
319 258
370 256
271 93
1906 286
770 61
336 286
839 251
870 576
2151 46
356 286
1872 61
593 417
306 146
339 66
868 556
206 426
356 286
492 558
356 206
769 486
783 308
406 206
199 356
1546 414
1550 556
2136 303
703 442
745 346
370 237
370 237
224 429
306 336
341 530
2382 556
406 156
874 123
2402 576
1970 286
565 386
324 528
1718 625
445 66
1289 393
1406 66
778 66
383 277
441 360
163 417
420 278
406 545
1658 86
470 106
471 66
2402 93
370 329
1703 66
429 307
1546 414
888 307
620 176
456 436
422 419
870 576
781 486
881 781
406 106
1030 76
502 66
2216 256
409 86
406 156
813 360
716 106
406 156
371 126
570 256
740 106
356 286
746 586
356 286
666 424
222 433
468 206
406 156
1390 466
2326 556
835 556
872 61
2048 336
695 56
516 414
1506 420
2124 86
383 277
224 429
455 206
356 324
2070 93
1068 286
938 106
2210 206
320 107
1528 86
881 467
316 392
1055 381
288 66
386 121
870 548
1550 436
913 417
1526 606
406 206
486 56
2116 56
491 93
565 358
306 336
906 356
1550 556
268 56
906 456
2402 576
553 433
530 396
319 258
370 356
1063 449
406 156
756 66
761 486
348 403
1028 421
2086 66
123 478
770 556
406 206
1071 285
2402 56
870 308
902 358
666 556
556 466
2326 556
86 268
174 307
321 66
746 556
521 66
2216 336
406 146
887 203
422 398
2106 306
870 106
486 56
496 61
338 76
480 793
1030 56
928 123
2326 556
291 278
406 146
769 486
206 56
