400
1220 2440
438 406
570 256
612 257
508 126
1506 241
769 486
904 406
746 586
1966 206
1534 48
651 528
663 478
406 156
756 556
438 406
1210 406
2326 556
429 307
1258 106
483 558
516 306
516 414
744 347
458 66
467 106
893 66
811 56
1506 420
556 546
1066 336
1251 61
829 528
646 586
496 92
1506 420
289 1172
346 256
486 66
2368 468
379 225
534 61
2382 556
356 206
2382 556
816 183
406 156
516 137
1260 307
511 93
501 46
948 456
459 428
252 487
420 278
1755 360
1289 402
870 93
206 56
421 66
371 66
667 536
321 66
898 278
2316 56
288 246
888 307
771 137
366 458
321 66
268 406
289 1172
412 528
376 206
931 306
1526 606
1506 342
406 116
1028 421
667 556
348 403
702 353
516 66
408 136
406 126
784 56
326 66
422 419
441 360
1210 545
356 206
2126 546
2402 48
516 584
497 66
430 421
429 307
2382 556
448 468
1598 246
422 419
720 308
870 576
798 453
341 93
2070 556
835 556
1063 449
919 93
612 257
449 93
255 383
420 336
2093 556
456 156
891 576
1355 66
441 360
319 294
415 307
870 126
406 106
556 546
2382 556
869 86
937 287
913 417
1659 398
1048 106
706 225
356 324
756 336
783 179
586 106
458 406
829 93
2070 93
720 335
406 116
348 403
990 66
666 424
1556 106
420 336
319 258
343 156
570 237
436 486
320 258
927 556
706 56
374 126
336 286
366 556
422 419
530 396
680 581
1601 381
406 136
420 336
910 66
422 419
700 336
611 257
769 486
1289 406
1030 336
486 486
356 176
297 56
2266 66
2326 126
480 452
516 414
1210 93
163 353
870 308
809 86
388 72
785 76
308 106
406 206
2064 86
346 535
530 396
2006 93
1555 372
438 406
888 126
422 419
158 285
1210 545
309 137
870 336
391 97
703 288
1770 336
516 391
1716 216
1289 406
455 206
2106 56
471 66
356 286
789 137
420 336
570 106
806 93
1659 398
835 528
667 536
2226 106
320 258
750 740
906 356
2402 576
778 486
456 156
803 421
743 86
2016 151
325 518
2321 152
336 286
1063 449
706 576
341 93
506 396
406 56
818 558
316 392
348 403
406 56
816 616
783 548
429 468
1293 86
167 308
2382 556
411 528
891 66
480 793
417 116
1210 324
2006 406
692 587
140 537
1289 393
520 438
784 179
2316 56
565 358
252 93
517 93
2348 66
816 538
1843 575
686 203
422 419
422 548
1470 106
319 258
882 93
529 469
406 186
2068 468
453 398
888 336
1788 356
888 336
406 126
1236 306
2402 576
611 257
756 56
256 136
448 468
2292 427
2382 576
470 286
371 508
706 206
480 56
1236 306
781 486
2326 126
833 307
888 66
824 527
252 246
1721 56
695 528
868 555
1570 406
2326 556
356 324
778 486
206 408
2190 406
1593 106
378 87
568 66
420 106
2086 66
1966 576
383 277
570 237
919 556
810 506
844 123
406 106
716 206
813 360
2106 56
728 556
818 558
952 746
404 486
1050 761
441 360
543 416
300 267
739 285
952 746
406 356
383 277
455 528
406 156
856 356
797 66
420 308
2216 106
1063 449
890 537
1788 356
393 889
2348 536
891 576
625 353
835 528
2106 306
291 278
370 255
423 310
696 56
1055 381
312 68
746 56
413 156
1970 336
1326 66
612 257
341 93
371 66
1406 93
695 528
324 528
356 116
1025 453
715 516
959 66
906 468
328 256
1550 436
781 508
777 203
1178 218
898 278
1908 86
1293 56
540 205
406 116
818 558
421 66
453 453
421 66
252 218
540 206
386 121
259 377
291 278
470 530
2079 66
345 535
981 66
758 146
447 106
480 402
448 468
666 420
320 258
161 449
733 600
781 66
516 391
990 586
747 328
1506 342
406 86
783 528
2292 346
