400
1220 2440
781 1170
1210 545
1290 93
553 165
429 468
835 123
418 66
700 318
480 402
2048 336
1752 93
829 93
310 236
2266 66
436 66
906 468
981 286
2326 556
797 328
783 548
497 66
252 246
420 308
178 620
408 556
453 398
868 555
1966 206
336 286
530 396
813 360
422 548
1770 1010
1606 66
123 66
1616 106
516 391
348 403
829 528
2106 306
1288 126
682 581
224 429
1526 606
695 528
516 391
2326 768
733 600
298 66
1068 286
2216 256
520 438
267 106
445 173
2382 556
1131 306
163 417
808 136
420 336
1598 246
606 336
445 548
2048 336
1210 426
449 106
489 98
2286 48
321 93
651 528
402 889
241 577
910 66
288 246
1055 126
1836 61
306 126
745 318
570 237
345 535
745 318
639 288
256 288
477 126
804 406
379 225
283 611
1210 546
1215 61
695 56
140 537
1770 336
1755 430
1002 93
2106 56
420 308
695 556
384 456
399 56
306 93
870 420
148 535
848 453
458 66
1066 336
1970 286
469 106
781 556
835 528
423 310
491 93
536 56
746 556
421 66
770 556
770 296
232 824
341 93
676 82
816 406
383 277
433 156
328 256
1404 468
356 206
320 296
769 126
420 306
306 198
470 530
413 136
1210 426
559 206
1020 66
720 335
422 419
816 216
882 86
902 358
1881 56
2216 336
570 891
2326 556
1172 517
441 360
666 424
756 556
600 176
393 889
2104 705
316 66
960 566
348 403
356 116
486 56
1040 616
446 151
1260 86
570 256
1966 576
348 403
806 286
224 429
397 225
1418 96
1188 66
880 56
1480 728
938 386
141 48
948 456
667 536
1020 56
290 187
769 555
397 225
448 468
1606 426
1170 66
1290 576
441 358
1556 586
540 206
2216 256
818 558
797 66
281 66
570 237
320 296
813 360
768 93
797 216
593 417
812 86
888 307
376 60
882 86
436 66
593 417
491 93
651 528
906 468
888 576
696 88
1550 556
789 137
1338 256
386 66
1546 414
650 393
356 206
750 740
386 121
1966 576
746 88
474 538
516 391
553 489
283 87
870 308
1534 48
1755 360
457 106
370 256
756 556
283 611
2402 576
316 66
448 468
1550 436
884 370
186 285
1701 246
1251 61
298 66
558 97
420 308
271 93
163 417
2091 56
1953 86
429 307
2226 556
256 106
1290 576
556 66
593 417
428 96
421 66
316 392
819 332
170 196
1390 466
1206 93
470 287
1550 93
1546 414
1055 66
565 358
420 286
206 408
456 356
1055 381
783 548
1770 336
420 308
422 398
1556 386
1066 336
370 255
811 486
1419 456
452 1206
345 535
520 438
429 307
1210 324
721 356
402 889
370 237
532 86
889 406
306 336
1550 556
904 406
806 286
429 307
666 556
1606 426
406 106
424 136
2026 56
1970 336
703 442
1788 48
621 378
320 258
359 87
779 66
747 318
1066 336
348 146
444 137
1480 728
320 258
565 126
700 318
2066 506
990 558
343 156
182 433
1063 449
320 76
422 398
741 56
330 436
2070 556
1550 556
1210 546
904 406
553 489
746 556
1066 336
1289 393
1555 372
830 76
769 126
344 76
406 156
439 66
496 61
833 309
811 486
1290 576
927 556
446 126
182 403
856 356
438 406
816 183
1546 414
829 556
657 146
703 442
470 106
383 277
2404 906
888 307
745 318
348 403
406 156
2151 46
325 518
888 548
770 556
990 586
2126 546
809 86
812 421
310 236
682 581
1788 66
880 66
456 356
1586 63
256 970
406 126
952 746
1973 489
539 503
835 556
422 398
404 66
393 126
370 329
417 116
860 56
470 286
856 356
291 93
1770 326
1755 360
1290 576
1565 561
1870 86
366 56
402 173
870 106
420 330
1555 372
448 468
2016 151
1007 86
812 407
870 336
506 396
718 399
1289 393
1028 421
576 239
1606 506
