400
1220 2440
2190 406
1040 616
437 528
430 407
511 66
255 383
421 66
186 285
770 241
2070 93
499 56
422 419
419 86
319 258
356 286
1246 406
356 116
1701 246
1506 241
320 258
666 420
406 136
884 370
1063 449
483 558
1063 453
319 258
781 536
516 414
320 258
806 236
406 56
753 354
1570 93
1659 398
422 548
306 336
406 106
1103 465
538 66
397 87
620 157
1506 106
835 56
1246 406
255 383
1025 453
261 66
870 336
320 258
1506 241
774 179
438 436
456 436
1340 256
458 66
1595 421
1770 336
776 76
848 453
695 528
1506 420
516 306
422 398
306 146
806 236
300 1068
420 278
835 528
1025 453
370 66
449 556
1002 556
839 251
1404 468
420 308
813 360
356 324
406 136
1550 556
2106 86
746 556
812 421
870 576
506 396
422 419
835 556
1131 286
111 395
721 356
1966 206
1000 556
600 157
420 66
695 556
849 126
677 68
456 336
491 93
1550 556
1340 256
388 76
1615 76
856 126
391 97
333 378
758 106
1068 286
2068 468
802 93
206 408
1546 414
667 528
487 186
388 72
448 468
650 894
695 528
540 93
448 468
720 308
1546 414
620 157
851 137
420 336
2226 556
338 66
1970 336
429 468
888 307
396 166
491 93
238 76
359 217
356 286
870 86
706 225
870 576
593 417
558 97
356 324
626 126
446 386
206 66
252 246
682 581
2070 93
256 136
781 66
1210 426
565 386
1970 336
888 336
778 56
780 197
769 486
453 398
345 535
320 286
746 556
497 66
1000 126
910 576
745 346
330 166
402 889
756 336
829 528
491 93
1556 586
696 56
910 576
1355 386
1251 347
826 66
1063 449
1076 256
406 156
320 296
781 508
612 257
2226 348
2106 106
919 556
1770 336
2036 586
291 278
1786 56
480 793
328 66
670 575
486 66
808 136
779 545
342 166
439 56
530 396
406 186
2326 768
1506 241
888 307
467 106
868 556
620 93
761 486
419 528
1726 66
501 66
1088 326
406 183
706 225
384 456
898 66
1266 81
1755 360
491 93
422 419
422 419
330 436
458 406
181 436
1998 86
348 403
1606 426
764 126
1236 306
356 324
286 156
960 566
606 239
888 336
232 824
486 486
768 556
390 86
1570 406
2048 336
446 386
429 307
458 66
96 106
288 246
692 587
499 56
783 548
371 126
768 556
422 419
789 137
2226 348
255 383
1210 546
1210 546
823 76
220 86
744 347
906 66
371 536
422 419
448 468
1806 66
470 286
406 156
870 336
356 558
736 107
325 136
320 76
178 620
910 576
491 93
506 176
185 503
252 246
829 556
530 106
306 93
540 205
2216 336
421 66
316 66
1770 1010
455 226
324 528
720 336
853 428
370 255
770 93
1390 98
1586 56
266 106
406 186
421 66
888 307
422 419
616 126
408 556
328 256
320 296
990 558
370 256
549 97
797 328
818 586
320 258
539 503
706 206
1050 761
453 398
1506 420
330 66
1210 324
682 581
869 86
1659 398
750 768
366 556
553 489
2326 556
543 416
2292 472
420 306
851 137
168 346
420 566
791 66
682 581
686 506
1131 188
655 184
221 389
1356 86
1000 556
745 318
888 336
1556 586
344 126
743 337
1055 381
452 1206
356 558
356 206
319 258
370 255
826 66
356 66
656 196
356 286
931 306
812 421
778 486
256 970
888 307
756 556
404 486
458 66
339 146
422 419
458 406
202 894
442 527
1546 86
2103 556
1056 246
576 239
328 256
1155 156
1210 426
934 198
629 148
565 358
188 86
650 894
456 336
449 556
1788 66
161 449
320 258
1556 106
232 824
1290 576
330 436
913 417
558 97
812 407
1770 66
375 527
348 403
750 768
406 126
319 258
2326 768
851 137
438 406
1236 306
646 586
252 218
468 206
745 346
706 86
