400
1220 2440
438 436
2046 56
1410 246
835 556
1048 66
429 468
769 56
1970 286
309 137
356 206
1926 66
656 256
1103 465
430 407
621 378
639 288
356 131
1066 336
310 236
356 116
906 93
565 386
657 146
440 548
486 486
811 486
1000 556
1210 546
870 206
774 86
1063 453
835 123
456 106
747 318
348 403
1210 426
1788 66
320 258
663 506
824 106
486 486
320 258
506 396
1104 576
760 74
651 528
406 156
746 556
1336 241
406 166
420 86
588 256
695 528
423 310
570 237
646 586
769 56
1376 256
309 137
356 286
891 256
839 286
778 486
1550 556
781 66
1063 449
446 151
320 258
1040 616
978 76
346 256
338 146
306 93
781 556
1636 366
1210 545
306 106
1944 91
369 204
667 528
1088 326
1179 66
667 528
769 126
255 383
2406 106
220 86
480 452
491 93
316 392
2226 556
839 251
480 452
448 468
1290 576
2126 546
868 556
486 486
1289 406
650 894
391 66
576 239
1758 76
2406 66
783 528
1550 436
730 236
695 556
639 48
420 308
1135 76
761 486
781 486
363 172
202 894
1131 188
366 458
797 328
2048 336
769 66
259 377
2216 106
680 76
486 486
1271 66
2382 556
895 86
1506 66
853 428
798 449
888 307
910 467
1088 326
422 548
453 363
320 286
553 489
2028 66
802 366
868 556
919 528
651 528
620 93
898 306
422 419
356 93
565 358
326 66
482 86
1210 546
406 86
320 258
406 156
611 257
781 486
630 93
268 406
429 468
241 93
420 336
910 126
356 93
758 146
858 106
429 468
833 309
406 106
1066 336
1066 336
511 66
2066 506
348 403
366 486
1289 406
447 106
328 256
486 486
221 389
404 56
417 116
540 205
881 781
202 894
283 612
482 86
1290 576
371 66
703 288
960 566
1289 406
348 403
429 468
990 558
611 257
2093 556
356 337
948 246
252 246
491 66
420 306
2382 556
206 287
620 157
2190 406
593 417
808 136
422 419
1940 538
489 98
835 528
931 306
256 146
356 116
682 581
511 66
356 324
2426 56
666 424
1218 76
412 528
1210 546
957 456
756 66
543 416
1538 385
539 503
78 338
2006 566
406 106
720 308
539 503
402 889
506 406
810 66
927 556
420 308
786 566
271 93
913 417
497 66
420 308
467 106
316 392
1191 216
456 356
781 486
791 126
1550 436
1636 366
422 548
813 360
497 66
769 486
1390 466
2103 556
1063 449
406 156
388 66
408 556
921 86
255 383
458 406
256 970
348 403
516 278
320 296
553 489
348 403
540 205
470 286
743 337
438 436
424 136
873 93
960 566
1236 306
392 87
320 258
1056 246
408 106
256 136
756 556
620 570
486 486
446 151
606 239
497 66
1966 576
593 417
422 419
1068 286
876 86
1290 576
835 95
740 770
820 337
703 446
2382 556
904 406
2206 576
1512 66
706 576
870 86
919 556
420 267
769 66
856 356
811 66
1288 126
625 377
695 93
1210 426
881 781
511 66
587 56
499 56
224 429
404 486
383 277
670 278
559 206
970 567
816 183
528 56
492 558
1770 336
952 106
188 86
476 126
1931 66
816 216
320 217
1188 66
523 133
570 237
565 93
1066 336
781 48
570 891
356 176
438 406
406 156
423 310
565 66
420 566
259 377
1063 449
839 86
1246 406
467 106
770 556
1251 347
470 106
906 356
1246 406
1210 426
1556 386
283 612
2406 581
1906 286
346 256
448 468
491 93
745 318
2070 556
811 66
565 386
328 256
1506 241
663 66
787 56
656 256
309 87
593 417
781 486
1506 342
1390 466
516 584
680 474
880 66
455 528
806 106
2286 48
252 246
2396 56
1806 66
347 506
291 278
906 93
860 156
379 225
853 937
391 66
291 278
678 66
375 527
768 556
990 558
1826 449
2070 93
