400
1220 2440
750 768
663 506
1826 66
420 566
750 768
316 392
906 468
520 517
341 530
511 66
406 206
1131 306
1872 61
404 486
440 548
1170 66
2266 66
687 184
1063 449
449 556
798 449
1063 449
1063 453
516 391
1056 246
769 265
345 535
356 66
1000 556
812 421
2326 556
456 146
348 403
1546 414
798 449
1716 216
781 486
744 347
66 802
779 545
480 793
810 428
851 137
252 218
420 336
328 256
771 137
842 137
477 126
392 87
252 246
2288 48
346 278
568 206
406 156
811 486
2021 66
981 76
1170 66
1441 66
506 406
252 218
547 56
2116 56
491 93
682 581
1355 386
667 528
769 265
2216 336
456 206
2348 536
420 286
508 306
356 116
406 146
252 218
783 548
420 278
379 225
593 417
620 176
1066 336
720 336
1091 401
816 216
341 93
540 206
482 86
430 421
750 768
706 576
406 156
345 535
422 126
448 468
256 136
756 556
919 528
271 93
1246 406
420 336
406 146
320 258
366 458
2190 406
1966 206
739 285
406 106
1025 453
770 1110
1210 324
1940 538
422 126
255 383
1063 449
1936 426
1063 449
870 576
695 528
491 93
406 156
165 553
853 76
86 489
740 770
868 555
291 66
356 206
1289 402
256 136
720 308
1419 56
409 286
687 184
182 403
1210 546
830 76
202 894
453 453
339 68
666 556
470 287
780 197
2121 581
2048 336
556 546
404 66
420 336
455 226
306 126
663 506
348 403
1550 436
812 421
768 556
881 781
306 93
818 586
530 396
185 503
875 365
516 414
868 93
1246 406
1340 310
680 581
2408 56
429 307
411 528
1063 453
356 236
1002 556
666 556
888 307
1546 414
1063 449
422 548
406 106
224 429
990 66
1290 576
470 287
206 66
370 256
296 703
960 66
695 528
2226 556
1040 616
839 251
226 196
182 338
761 93
1390 466
870 576
406 206
328 238
570 256
565 386
750 768
406 106
324 528
438 406
717 126
1210 546
870 336
2423 93
306 179
1556 586
2068 468
370 255
703 442
1210 426
328 66
770 556
1155 156
370 197
1290 576
370 237
565 66
746 586
370 237
565 93
440 548
467 106
600 93
206 388
316 392
183 397
420 306
682 581
769 56
1770 66
568 56
768 555
386 121
391 97
682 581
320 296
568 66
408 136
1076 66
769 555
547 56
1556 586
829 528
876 86
1010 307
271 93
625 377
1406 93
327 318
1040 616
870 548
928 123
170 567
406 93
1048 86
453 398
163 417
1167 76
553 489
370 255
656 256
379 225
1606 426
220 86
422 419
341 530
486 486
393 889
508 306
1030 336
383 277
291 278
767 137
870 126
376 60
206 66
803 170
1290 93
471 66
406 156
835 93
456 336
1290 576
486 438
319 258
703 288
1246 406
1555 372
1966 576
910 576
797 328
1260 326
1966 576
910 576
797 66
1716 216
422 419
366 66
1718 625
797 328
2368 468
667 528
1843 575
845 126
489 98
1500 56
370 329
2382 556
565 126
359 87
889 406
1210 546
2070 93
409 76
252 218
746 56
570 256
1606 426
663 126
324 528
486 486
1170 126
283 87
990 586
833 307
1970 336
1970 156
824 527
732 137
1570 406
474 61
931 306
402 173
1973 489
534 61
703 288
606 239
898 278
310 236
770 241
2326 556
1380 66
453 398
706 225
429 307
356 324
1040 616
1970 336
809 86
811 66
420 308
422 548
1030 336
471 93
716 90
1246 406
499 56
1030 56
870 66
1066 336
402 173
565 358
745 346
480 452
651 528
937 287
383 277
745 318
692 587
758 146
848 453
468 206
316 392
1752 93
587 56
778 66
396 91
739 285
312 68
458 406
391 97
470 377
2190 406
1895 86
651 528
808 136
1340 310
320 258
420 308
429 468
656 256
797 328
1636 366
540 206
600 157
2156 60
