400
1220 2440
663 506
453 398
663 506
884 66
1290 576
1041 56
399 56
436 458
919 528
2406 66
1606 426
710 196
131 1163
348 403
421 66
328 307
549 97
756 556
781 508
1056 246
788 106
420 66
2005 66
2216 336
483 558
868 556
906 468
695 93
379 225
449 93
325 518
902 358
406 106
203 397
420 308
835 95
888 307
2402 576
720 308
1398 620
797 328
2151 46
761 486
436 286
528 66
438 436
370 197
1131 188
1290 93
241 66
271 93
320 76
1390 466
1002 556
1500 56
232 824
2068 468
231 76
484 576
781 556
356 196
931 306
406 146
666 424
2011 556
990 558
710 196
1241 131
833 307
453 398
816 538
695 528
86 489
346 278
1040 616
446 386
667 528
666 424
906 356
1416 176
1755 360
1076 256
420 336
370 255
516 391
370 329
455 226
695 556
445 66
952 106
429 307
695 528
540 93
750 768
406 96
2226 556
1910 66
612 257
406 156
291 66
438 406
222 433
816 406
549 97
1770 1010
1063 453
470 286
423 310
304 126
888 307
1788 66
1340 256
341 530
556 546
419 528
891 548
1970 336
406 126
516 584
778 66
420 306
2348 536
252 246
682 474
397 225
486 56
1406 66
378 87
786 236
606 336
429 307
333 378
449 126
252 218
440 548
960 566
178 115
377 56
1534 48
499 56
448 468
1246 406
406 156
480 402
2006 93
491 93
444 137
818 586
1066 336
769 66
838 176
252 246
1210 545
829 556
860 74
680 581
2382 556
516 414
646 586
291 93
565 386
808 136
438 436
420 278
1570 406
221 389
2126 546
1570 93
338 66
324 528
456 336
868 126
415 307
383 277
797 66
835 56
1206 48
745 318
692 587
588 256
565 358
491 93
516 391
568 216
769 66
990 558
1135 76
1390 466
904 406
771 162
549 97
1598 246
106 106
408 556
2126 546
745 318
1375 700
348 403
2326 768
539 503
721 66
2382 556
606 278
1056 246
543 435
172 363
252 487
256 970
1140 76
341 530
2012 151
798 453
406 126
921 86
520 438
288 66
1406 66
1210 406
449 556
806 106
2368 468
450 428
1210 546
716 206
1020 66
161 450
406 86
2348 66
798 453
898 66
366 486
888 336
458 406
2402 56
806 286
1770 336
406 56
486 56
2226 556
386 121
1570 406
656 196
1946 66
781 556
366 556
750 768
470 286
470 66
422 419
750 768
888 307
804 406
845 393
2048 336
2126 546
393 889
1063 453
875 465
1002 556
1944 91
456 436
913 417
888 336
471 66
870 336
1598 246
756 556
1063 449
1752 93
1210 545
981 286
2056 93
888 576
1030 56
568 206
422 548
430 407
1071 285
252 218
770 556
441 358
1788 356
1688 106
1966 206
2161 66
1210 545
316 392
198 323
729 556
1290 576
453 363
482 86
670 575
803 106
241 575
383 277
2348 536
870 336
224 429
291 66
1066 336
491 66
798 453
1000 528
784 179
406 106
806 236
812 421
2326 556
444 137
506 66
422 398
769 486
680 581
396 166
870 336
898 278
781 536
818 558
718 399
346 535
491 93
1380 66
881 467
392 87
491 93
769 126
420 306
811 66
1752 93
1293 56
181 436
919 556
2226 556
398 93
881 467
406 126
656 256
438 406
1701 246
981 76
720 335
486 486
770 556
588 256
776 76
809 106
455 206
768 556
1063 449
530 406
1246 406
420 306
881 356
700 336
812 421
406 186
663 506
839 86
348 403
810 506
1306 66
771 137
870 86
1538 385
370 256
509 76
523 133
1290 576
424 136
422 419
1071 285
686 203
474 538
663 506
1131 306
2402 576
319 258
291 278
804 406
1088 326
739 285
421 66
406 146
1570 406
336 286
1555 372
588 256
745 318
888 336
438 406
1338 256
388 72
1289 402
848 453
678 66
341 93
429 468
1350 76
420 308
