600
1220 2440
803 170
745 126
1970 286
818 586
406 156
356 116
539 503
682 66
1179 76
348 403
306 106
1570 406
269 66
356 286
420 278
771 137
686 203
668 166
406 156
600 157
2326 556
558 97
123 66
1802 76
271 93
594 66
659 56
1733 86
1210 324
791 126
446 151
86 316
430 421
540 205
448 468
600 93
770 128
888 336
892 123
700 336
816 406
338 66
248 66
835 528
1406 66
458 66
1538 385
170 567
1906 106
516 66
756 66
391 97
491 66
663 66
384 456
2093 556
708 106
470 287
1063 449
516 306
179 176
406 106
2196 66
367 88
256 136
456 336
863 56
1526 88
420 278
1135 76
304 126
570 237
318 66
606 239
406 56
491 93
420 93
291 278
870 106
391 66
2216 256
429 468
227 832
1636 366
740 106
695 93
406 545
1030 336
1289 406
756 556
1636 366
1260 326
829 556
482 86
919 93
256 116
1406 93
258 106
758 146
781 556
178 620
370 256
856 356
350 179
766 93
224 429
813 360
906 468
366 106
491 93
745 318
421 66
906 356
870 308
1206 93
809 86
2011 556
606 336
612 257
449 106
740 86
1659 398
611 257
370 255
290 206
126 427
720 308
1752 336
445 66
446 151
1895 76
338 56
620 176
891 66
1376 256
378 66
437 528
306 198
528 56
570 237
766 93
910 66
695 93
291 278
486 486
1788 66
437 528
396 91
1926 56
406 166
406 86
650 894
806 93
616 66
445 173
2064 86
241 66
2226 348
470 106
1550 93
778 486
611 257
338 146
370 329
1290 93
1402 86
670 575
420 306
808 136
2005 66
271 93
2382 556
778 486
593 417
1406 93
2402 56
241 66
1103 465
206 66
758 66
870 548
746 586
474 538
1290 576
990 66
2136 303
1731 56
356 116
429 468
567 93
422 398
876 86
1788 66
682 581
396 166
420 308
486 438
2126 546
770 86
770 241
567 93
1826 449
406 206
565 358
320 258
406 156
421 66
1981 106
842 137
486 486
1998 86
406 116
406 106
1010 307
328 256
319 258
750 740
306 106
565 358
950 51
758 72
1064 46
538 66
1570 406
872 86
798 449
1050 761
806 286
952 746
256 146
422 419
491 93
646 586
348 403
720 335
838 176
445 173
796 124
295 97
855 126
876 106
252 218
283 612
399 56
406 116
1570 93
424 136
1802 76
838 176
1788 66
913 417
768 556
1338 328
429 307
458 406
516 278
1616 66
778 66
876 106
1010 307
356 324
856 356
486 486
856 126
441 358
1770 1010
516 66
174 545
896 203
567 93
819 66
456 106
1416 176
406 186
540 206
306 106
1755 360
1550 436
568 66
447 56
450 428
320 258
758 146
271 93
528 66
430 421
420 106
547 56
2292 346
456 156
163 417
975 86
769 555
838 176
291 66
1870 86
906 286
448 468
348 403
224 429
1836 61
760 156
1376 256
1385 86
304 126
356 558
621 378
588 256
666 86
446 151
913 417
802 366
750 138
267 106
791 66
1758 76
2048 336
747 328
860 74
356 206
2406 93
1002 93
180 453
1966 56
530 106
330 436
126 427
746 56
502 66
1670 106
768 556
406 126
256 970
806 93
530 396
639 48
1565 561
600 157
1289 406
750 768
1752 93
467 106
291 278
288 66
422 419
163 417
1701 246
1659 398
818 558
406 156
2106 306
2066 506
470 286
343 156
587 56
501 66
720 308
406 106
611 257
1150 236
849 126
406 156
448 468
1010 307
251 66
406 56
344 136
715 516
778 486
769 66
870 93
438 406
458 406
1063 449
888 576
288 66
2348 536
341 93
779 545
835 93
549 97
406 106
254 76
465 156
348 403
1606 66
336 197
406 136
797 126
256 106
306 179
888 307
123 936
389 87
496 138
1048 86
1020 278
406 136
256 136
706 206
898 66
818 558
1770 336
848 453
1556 106
606 336
486 486
818 586
497 66
497 66
804 406
913 417
316 392
321 66
455 206
348 403
458 66
887 203
600 157
406 116
695 93
1000 126
902 385
2068 468
338 56
769 66
549 97
283 612
286 86
448 468
420 336
202 894
345 535
391 97
818 126
1570 93
370 176
1210 324
415 66
959 66
874 123
286 156
528 86
1829 138
2106 86
343 156
2368 468
670 575
286 136
348 403
286 136
455 528
341 93
611 257
703 442
241 66
2131 56
406 156
870 56
309 137
726 66
784 179
421 66
706 141
540 206
1290 576
853 428
860 67
1770 93
1033 93
1764 66
430 407
455 226
806 286
1886 66
429 307
981 56
956 66
1806 66
1340 256
770 61
445 576
808 136
359 87
413 156
281 66
511 66
421 66
531 66
509 76
420 308
562 66
66 802
86 316
835 528
409 86
511 93
165 553
176 506
306 179
470 286
770 241
291 278
346 535
406 91
491 93
646 586
252 246
159 567
406 106
338 66
438 406
403 66
896 203
379 225
769 56
441 66
937 287
651 528
306 93
131 1163
497 66
509 76
1659 398
306 198
497 66
406 106
178 620
1126 56
320 296
845 126
406 156
875 465
1788 356
769 86
741 91
141 48
406 116
1870 86
406 106
348 403
981 66
839 76
829 556
294 66
1895 206
950 51
667 536
306 106
606 336
531 66
2104 705
876 106
2226 556
256 136
1441 66
291 66
2406 106
549 97
888 576
406 136
1007 86
201 86
320 286
1659 398
870 336
528 56
169 386
291 278
806 236
406 96
1355 386
506 66
1659 398
444 86
316 392
511 66
650 894
868 126
456 121
2070 556
1526 606
1028 421
540 93
1418 66
808 136
339 66
1071 285
306 179
2103 556
142 328
1289 393
565 66
1077 86
406 136
547 56
446 151
2436 56
452 1206
456 156
