600
1220 2440
1886 66
458 406
376 206
482 86
397 87
476 126
876 86
803 421
1172 517
366 486
781 536
309 137
406 206
1866 61
1506 420
326 66
406 146
241 577
1218 76
588 256
341 530
406 136
202 894
1063 449
766 93
744 347
1659 398
241 93
343 156
406 186
906 468
256 136
406 86
221 389
483 558
420 306
906 93
356 93
1098 365
781 56
338 66
256 136
952 106
1048 66
870 336
328 66
536 66
511 66
1290 576
170 567
396 106
383 277
824 106
271 93
202 894
333 378
781 48
639 288
268 56
651 528
415 528
492 558
391 66
769 56
921 86
458 406
538 66
802 366
392 87
769 66
948 246
376 60
1391 106
356 286
256 146
406 156
573 326
496 61
2226 556
420 308
1398 620
2028 66
528 56
491 66
354 121
853 937
2382 556
1000 93
2190 406
769 66
491 93
1404 468
600 157
657 146
678 66
2216 256
356 176
511 66
378 87
1506 66
667 556
811 486
530 406
868 93
404 486
713 86
620 93
369 204
437 528
729 556
776 66
844 123
1068 286
873 93
78 338
501 66
769 486
388 66
356 116
870 308
188 86
344 76
1512 66
811 66
1556 586
639 48
1000 556
333 378
406 106
874 123
456 146
256 146
450 66
573 326
86 489
165 553
1040 616
1709 56
796 106
1550 93
2048 336
396 106
406 136
350 179
291 278
600 176
420 566
446 151
449 106
383 277
56 566
1289 406
990 586
271 93
783 548
288 66
402 126
812 421
424 136
1040 616
338 146
206 426
1076 256
1550 436
892 123
356 116
420 417
750 768
787 56
271 93
422 398
430 407
470 106
2348 536
761 486
448 468
2066 506
1188 66
888 126
666 424
224 429
1063 453
508 306
910 126
321 66
231 76
612 257
553 489
511 93
1556 586
282 66
781 536
770 126
1385 86
182 403
502 66
387 131
888 307
730 236
766 93
516 66
2121 581
470 258
456 146
666 556
1056 246
441 360
1210 546
406 156
2316 56
778 56
341 93
990 66
471 66
327 96
348 403
1179 206
442 527
906 93
283 612
771 137
378 225
858 106
480 793
870 126
1966 576
1906 106
796 56
835 95
415 309
2216 106
404 486
606 336
417 393
1931 66
297 56
417 116
713 86
750 740
289 1172
309 137
424 136
1371 66
1056 246
422 398
320 258
2406 66
455 226
928 123
1721 56
404 56
540 205
2266 66
499 56
606 278
482 86
406 56
540 205
356 131
528 66
511 66
436 66
2190 86
324 218
1210 546
1210 546
1063 449
774 86
1570 406
1290 576
269 66
1506 66
306 106
366 66
348 403
406 106
796 56
756 66
406 156
178 620
851 137
306 93
750 768
828 93
366 66
606 278
321 66
356 93
406 206
806 106
888 307
406 156
680 76
1871 56
1271 66
663 66
399 56
316 392
370 66
388 66
420 93
456 106
703 446
612 257
791 126
816 616
895 86
429 468
835 123
891 556
438 406
306 146
486 486
960 126
812 421
142 328
565 93
740 770
1448 66
523 133
256 126
682 581
497 66
808 136
733 620
769 56
480 793
458 406
1606 426
2316 56
830 433
840 66
680 581
319 258
750 93
2286 48
1104 576
321 93
823 76
811 66
224 429
420 278
422 398
860 156
396 91
888 336
338 66
781 66
843 187
319 258
853 428
174 307
872 86
2216 336
449 556
1056 246
2286 48
686 203
306 126
938 386
325 518
870 86
1731 56
770 86
1288 126
889 406
291 66
990 558
222 433
981 76
356 176
1020 278
621 378
406 126
1255 56
497 66
489 86
594 66
1970 336
319 258
771 137
726 66
676 106
781 66
910 66
587 56
465 156
667 536
406 56
521 66
489 98
400 86
1806 66
746 586
256 106
606 239
816 183
356 558
2046 56
2292 346
2070 93
486 56
346 278
268 86
1546 414
283 87
406 156
686 506
1526 56
163 417
913 417
321 66
256 136
990 66
406 156
406 156
363 172
745 346
393 889
1260 307
1595 421
695 93
183 743
486 56
1076 66
421 56
163 417
491 93
392 87
736 107
629 148
316 392
2206 56
2402 56
1758 76
206 408
529 469
868 556
2426 56
423 310
429 468
612 257
320 258
406 126
1071 285
1944 91
1926 66
838 176
639 288
1041 56
880 66
1131 188
726 56
630 93
888 307
781 536
769 126
491 93
2326 556
1973 489
356 116
1598 246
288 56
283 612
758 146
356 116
558 97
319 258
1260 48
521 66
703 288
565 66
1289 402
620 157
370 256
839 286
720 335
559 206
306 106
811 486
806 93
778 66
835 556
600 157
516 391
1066 336
391 66
516 391
1788 356
356 556
458 406
413 156
570 66
1606 66
455 86
348 146
346 256
417 116
406 106
808 136
298 66
482 86
521 93
811 66
206 870
406 146
344 76
348 403
467 106
1246 406
178 620
406 166
760 74
2272 91
810 66
621 378
1752 126
2036 586
220 86
870 336
393 889
540 206
1659 398
1416 176
532 86
371 536
316 392
2396 56
433 156
406 136
646 586
306 146
769 66
706 576
497 66
1788 66
606 239
839 251
747 318
1870 86
853 385
241 66
771 137
868 93
576 239
420 86
408 106
268 56
558 97
710 241
395 93
1210 545
467 106
406 166
2060 93
471 93
445 66
695 93
839 86
1064 46
371 66
325 518
458 86
948 246
1770 336
1340 256
447 106
420 66
745 318
2406 106
422 419
370 255
2151 46
206 870
188 86
829 93
470 287
756 61
1770 93
670 575
913 88
319 258
1737 56
420 308
1135 76
345 535
978 76
870 93
406 206
456 436
309 87
1179 66
786 566
2382 556
446 151
158 468
379 225
309 137
420 278
367 206
