600
1220 2440
163 417
890 537
480 452
966 106
480 793
392 87
290 206
2402 56
255 383
456 156
587 56
306 179
651 528
716 90
182 403
398 93
453 398
445 548
813 360
2026 56
1063 449
406 136
325 136
1071 285
706 86
1289 406
424 136
409 76
406 106
165 553
455 226
771 137
406 116
310 236
778 56
1020 66
818 558
1382 66
565 358
1500 56
975 86
421 66
746 556
356 206
606 239
809 156
783 308
486 486
888 76
1170 126
539 503
420 278
769 66
667 528
1326 66
913 417
300 267
620 157
2326 556
565 93
594 66
1000 93
444 137
620 157
170 567
1836 56
1382 66
870 66
1908 86
474 538
256 146
706 225
482 86
868 93
356 324
320 88
1470 136
928 123
990 66
1000 93
657 146
785 76
379 225
310 236
406 126
306 179
343 156
370 197
1406 93
656 196
1241 131
406 206
511 66
491 93
870 126
783 528
906 66
540 206
1025 453
1326 66
516 391
2070 126
565 66
1260 66
874 123
2048 336
356 116
256 136
320 258
853 385
383 277
486 56
356 324
741 61
1167 76
220 86
206 66
2368 468
256 288
417 116
769 486
471 66
471 66
2048 336
439 56
1289 393
320 296
1266 81
720 308
843 187
170 567
803 170
406 156
406 156
875 465
870 336
966 86
517 93
1556 386
565 126
306 93
1556 586
1056 246
1404 468
516 391
491 93
406 116
422 398
981 76
1966 206
898 106
687 184
320 258
1550 420
402 173
206 66
1251 347
202 894
1340 256
768 556
620 157
948 126
406 116
392 183
896 203
455 226
787 86
717 126
470 286
2226 556
802 366
1826 66
516 391
818 586
232 824
990 558
1289 406
740 770
422 126
333 378
467 106
1966 576
348 403
612 257
406 106
870 126
480 452
1770 1010
455 528
872 61
829 528
534 61
406 93
781 486
663 126
1546 414
182 338
750 138
612 257
770 126
530 396
788 66
770 356
519 56
870 576
720 308
183 397
870 336
743 86
1289 406
511 66
339 68
1438 625
540 206
558 97
2423 93
1970 156
406 136
1616 66
271 93
520 438
406 156
1770 336
2402 576
396 91
906 468
611 257
1091 66
289 1172
808 136
2021 66
422 126
320 107
328 256
1770 336
990 66
486 56
391 97
1210 324
406 156
2382 556
471 66
370 256
181 436
341 93
870 126
420 566
620 93
421 66
391 97
429 468
256 136
291 66
809 86
413 106
804 406
376 60
703 288
666 424
745 126
1895 86
746 56
489 98
761 93
456 121
785 66
1135 76
268 56
283 87
1020 306
333 378
813 360
396 106
369 356
1555 372
408 136
2048 336
516 66
2044 106
1306 66
491 93
682 581
565 66
797 66
406 106
570 256
406 106
1155 156
2216 336
378 225
928 123
761 486
695 528
767 137
422 419
721 356
539 503
182 397
531 66
870 56
1419 56
474 61
306 179
402 173
491 93
620 570
445 86
2292 427
420 106
456 106
256 136
448 468
842 137
1441 66
1370 93
646 586
406 106
340 93
1206 61
620 106
359 87
506 396
222 433
408 136
876 86
868 555
845 126
706 206
1030 336
456 336
746 586
809 86
1570 406
86 489
990 558
1048 86
895 86
781 486
770 86
663 66
530 106
811 66
431 66
2068 468
406 106
1870 86
370 356
1088 326
670 238
1940 538
732 137
306 93
2068 468
2370 106
1872 61
386 121
341 93
420 566
482 86
930 61
720 336
811 66
453 398
481 93
499 56
310 236
553 489
1063 449
324 528
1030 56
778 66
1406 66
1506 241
816 183
1170 66
600 93
492 558
477 126
2402 48
1802 76
1210 545
830 433
2056 93
172 363
1289 402
1076 66
406 136
2070 93
889 406
797 356
453 363
310 236
366 66
2216 256
406 156
248 66
1701 246
959 66
185 503
448 468
758 146
783 548
531 66
436 66
750 126
639 288
1659 398
845 66
377 56
593 417
808 136
2070 126
1063 449
2266 66
568 56
1709 56
1000 556
702 353
423 310
424 136
430 421
835 93
378 87
657 146
1290 576
516 391
808 187
744 347
1260 156
568 66
789 137
516 306
327 318
1718 625
202 894
1906 286
806 286
2382 556
511 93
913 417
491 93
356 93
383 277
1246 406
343 156
667 536
163 417
874 123
1290 93
666 86
1380 66
241 66
2116 56
2036 586
455 528
1289 406
816 183
350 179
882 86
1063 449
888 307
438 406
441 66
2288 48
1063 449
471 93
491 93
1167 76
2292 427
367 206
938 106
406 146
547 56
1550 420
1752 93
2070 126
888 126
429 468
706 225
406 146
396 106
2408 56
556 60
1636 366
392 87
808 187
870 66
860 67
1970 286
324 528
2216 256
446 151
1172 517
406 156
851 137
663 156
1289 393
828 66
324 528
783 548
446 126
1251 347
1170 66
406 156
429 468
309 237
406 106
803 170
438 406
66 802
543 435
797 126
747 328
2156 60
620 176
320 258
780 197
2216 336
904 406
663 478
990 558
516 584
491 93
769 56
811 486
345 535
356 66
2226 556
853 76
553 433
600 157
226 196
406 156
547 56
370 329
256 136
1010 307
593 417
480 452
687 184
530 158
286 156
2026 56
1289 406
2406 93
1063 453
281 66
1063 453
720 336
386 121
1536 66
556 66
830 76
2003 414
406 93
1546 414
270 106
306 126
241 66
312 68
256 136
612 257
657 146
477 126
629 356
415 66
612 257
404 66
2326 768
256 126
202 894
2406 56
1246 406
870 126
389 87
960 66
1486 56
341 93
241 575
447 56
2070 556
1076 66
328 66
839 251
1106 61
456 146
706 56
324 218
1770 66
343 156
1391 106
2012 151
1770 1010
651 528
271 93
456 146
870 86
913 417
491 93
1752 93
