600
1220 2440
1755 430
739 285
2326 126
570 891
1376 256
370 255
695 528
1556 586
666 424
2086 66
480 452
1658 86
835 123
446 151
733 620
870 576
853 76
716 106
1538 385
906 93
611 257
288 66
2106 56
860 74
906 468
406 136
769 555
1688 106
409 251
1000 126
708 106
2006 406
288 66
812 421
1570 93
1419 66
182 403
770 241
868 556
383 277
606 586
420 308
436 458
769 126
870 308
620 176
870 336
1289 406
721 356
888 576
565 358
356 324
812 421
1659 398
1606 426
429 468
406 156
502 66
1406 66
343 156
2071 46
111 395
486 56
646 86
1770 66
366 106
286 156
1703 66
1068 286
1506 241
870 106
433 156
480 793
256 136
348 403
1289 402
1290 576
470 287
1406 66
325 518
538 66
1406 93
256 136
1030 56
338 76
456 156
356 558
252 246
906 356
1143 198
320 286
298 66
421 66
267 106
570 237
538 56
651 528
1555 372
448 468
745 318
419 528
441 358
174 307
1506 66
713 86
371 126
456 336
1528 86
370 255
489 86
791 126
553 489
881 781
625 353
870 126
811 66
445 66
2382 556
1416 176
784 56
1659 398
1336 241
203 397
438 436
2326 93
1416 176
1906 286
746 556
456 121
491 93
376 60
1406 66
320 258
402 889
666 424
1002 93
663 66
692 587
956 66
324 528
396 106
768 126
420 330
458 66
501 66
448 468
570 891
778 486
516 584
446 151
141 431
565 358
1179 76
2126 546
746 586
491 93
874 123
756 56
306 146
406 146
336 286
1066 336
663 126
497 66
875 66
446 126
268 56
186 285
874 123
252 246
805 56
2116 56
1402 86
446 126
220 93
2005 66
1506 420
324 528
1410 126
86 268
888 576
356 324
990 558
2070 93
778 66
306 106
1608 106
870 576
829 528
406 146
1370 406
390 137
470 66
910 126
853 937
720 308
1040 616
509 76
906 93
1872 61
158 285
1006 93
446 151
781 93
783 528
366 56
868 93
181 436
1218 76
516 391
251 66
1002 93
304 126
1206 106
713 106
321 66
516 391
309 87
616 126
446 126
1553 465
556 60
690 86
2382 556
321 66
291 278
480 402
884 370
178 620
908 61
2106 93
486 56
170 567
356 206
1656 66
2326 556
1550 93
1721 56
419 86
2326 556
491 93
1606 426
906 66
950 106
2402 48
302 126
920 86
829 93
224 76
347 86
523 187
717 66
256 146
455 226
496 61
770 61
530 158
663 506
682 66
404 66
190 453
374 126
390 86
612 257
174 307
391 66
1270 66
174 566
165 553
406 116
491 93
891 66
928 123
461 86
491 93
721 66
408 136
1404 468
888 66
1290 576
280 93
1582 86
480 402
491 93
422 398
406 106
706 206
1063 453
222 433
259 377
429 468
255 383
256 179
455 226
809 86
2394 66
1659 398
421 66
890 66
796 56
740 770
420 306
750 126
758 138
890 537
406 106
342 166
456 121
667 556
872 61
123 478
639 288
370 66
1506 420
2124 86
163 417
1970 336
1506 420
1406 66
406 146
321 66
1063 449
174 553
750 740
805 56
549 97
271 93
606 239
1770 336
635 126
2210 93
695 93
941 56
2206 51
2121 56
1290 576
333 378
456 146
406 545
470 66
506 396
406 116
306 126
540 205
2301 186
746 586
306 146
781 93
406 156
937 306
666 171
251 66
430 407
1755 360
1556 586
523 133
2402 93
259 377
390 137
891 86
356 93
540 205
158 305
889 406
406 206
769 56
388 72
415 307
406 156
1246 406
516 584
420 278
791 66
450 56
858 106
202 894
1030 76
2226 556
409 86
696 176
769 126
703 288
406 126
2086 66
453 398
480 452
178 620
783 68
384 456
888 336
740 106
1391 106
887 203
341 530
549 97
406 126
516 414
448 468
639 56
769 555
486 66
2151 46
220 93
733 600
1570 406
421 66
706 206
2259 555
206 56
2382 556
316 66
687 184
931 271
386 121
348 403
666 124
1255 56
406 106
420 106
768 93
1550 556
804 406
771 137
2348 66
406 156
421 66
746 556
812 421
406 156
256 288
471 66
1752 93
803 421
920 76
320 258
306 106
743 86
453 453
813 360
406 91
406 156
696 66
341 93
1659 66
413 156
902 358
402 889
906 286
183 743
667 536
845 66
869 556
320 126
1498 820
818 323
1906 286
406 156
420 86
1441 66
86 316
986 66
486 486
2402 56
1733 86
1843 575
489 86
406 86
1293 56
663 506
419 528
172 469
1289 406
252 246
970 567
769 265
2402 56
2292 346
568 66
106 106
483 558
1528 86
2404 906
663 506
430 407
1646 406
1289 393
1065 353
2316 56
516 137
2048 336
417 116
181 280
663 66
180 453
170 567
341 353
606 278
491 93
399 56
1598 106
853 76
1550 420
824 527
1030 56
1872 61
202 894
326 66
769 66
695 93
1398 620
858 66
459 428
718 66
732 137
255 383
1063 453
1598 246
456 436
291 278
470 106
496 135
406 106
756 66
651 528
406 156
486 56
778 66
1266 66
813 360
182 403
716 106
2036 586
291 278
1550 420
806 93
2048 336
891 576
1820 93
2326 66
1615 76
341 93
526 66
452 86
2055 66
393 86
937 66
570 66
695 56
453 453
516 306
417 116
339 66
508 206
511 93
663 126
271 93
521 66
1966 206
1390 466
383 277
870 106
565 66
868 555
2402 56
612 257
808 136
870 336
666 424
818 558
811 486
870 66
383 277
528 66
480 86
521 66
758 146
486 66
256 136
252 93
486 486
938 106
320 1150
219 86
430 407
356 556
808 136
706 576
1025 453
1910 66
2382 556
380 76
682 581
306 179
656 196
787 56
1973 489
356 324
770 296
320 107
199 356
