600
1220 2440
870 576
471 66
406 156
413 93
348 403
491 66
1506 241
710 93
1188 61
241 66
255 383
600 157
406 206
516 584
1733 66
306 93
420 308
870 336
198 323
875 465
855 126
1382 66
829 556
952 746
570 237
666 146
406 116
256 116
1210 545
960 566
667 536
778 66
383 277
818 558
570 237
1441 66
1306 66
612 68
356 116
708 106
491 93
252 93
421 66
1550 556
978 76
1206 106
737 66
769 56
667 556
858 66
771 137
468 66
422 419
1556 66
2121 581
369 66
1050 761
981 56
345 535
339 126
1260 156
371 66
2190 86
938 386
438 436
206 66
509 76
2326 556
406 156
796 124
770 56
283 87
343 156
1063 449
496 92
810 506
309 137
733 620
2216 336
338 66
778 486
2280 66
771 137
348 403
491 93
745 126
625 353
456 66
783 548
232 824
870 66
429 468
356 116
438 436
480 793
798 453
639 56
784 56
256 136
141 48
497 66
970 567
781 356
1063 449
392 87
872 61
383 277
439 366
680 581
612 257
345 535
406 136
453 453
855 126
2286 48
356 206
888 336
288 66
1526 56
829 556
703 442
56 218
1962 106
824 66
839 86
895 86
417 116
893 86
1550 93
1506 241
300 1068
776 56
420 336
611 257
449 556
486 486
639 288
474 61
781 48
283 612
86 970
803 170
420 86
256 93
640 56
706 576
930 86
291 278
2348 536
2206 51
769 66
516 391
767 68
786 56
1380 76
1179 76
320 126
320 296
808 136
1306 66
600 176
371 66
306 179
855 126
835 123
695 528
875 365
343 156
2286 48
448 468
497 66
348 403
377 56
1733 86
386 121
422 419
399 56
651 528
388 76
518 56
420 106
406 156
406 156
1002 556
499 56
306 179
1906 106
1236 306
1665 56
256 136
2066 506
391 66
806 93
516 391
1636 366
875 365
906 93
163 586
1030 336
521 66
639 288
1881 56
224 429
1970 336
320 76
695 556
2048 336
913 417
870 93
639 56
486 66
770 253
256 136
842 137
465 156
347 506
406 186
870 336
1210 545
1271 176
1338 328
558 97
1936 426
838 176
1659 398
396 91
843 187
324 528
2026 66
182 403
406 106
2016 151
300 267
803 383
882 93
345 535
422 398
348 146
611 257
290 187
663 187
620 157
516 391
553 433
515 56
516 391
356 236
406 156
448 468
343 156
808 136
371 508
300 267
2316 56
913 417
163 417
768 556
281 66
422 548
148 535
2406 56
781 536
2382 556
491 93
1290 576
1636 366
196 56
306 166
521 93
430 421
562 66
470 138
1550 93
888 336
1210 426
706 66
1110 236
855 126
268 86
797 66
839 286
470 126
812 421
767 68
1246 406
406 106
356 116
417 116
768 556
270 106
606 566
845 126
2288 48
388 66
870 93
1385 86
1550 420
975 86
370 255
809 61
745 346
570 237
808 136
835 93
1290 576
721 66
1289 406
806 286
421 66
2036 586
448 468
2326 556
2266 56
821 93
440 548
170 196
2216 66
943 76
2016 151
413 156
341 530
304 126
606 336
620 176
271 66
511 66
289 1172
256 136
1063 449
417 116
271 93
391 66
876 86
438 406
371 66
868 93
1500 56
856 356
680 554
306 336
744 347
445 576
1818 86
406 126
941 66
408 136
910 126
726 96
2064 86
406 56
356 176
835 56
858 106
2288 48
491 93
1241 131
910 576
344 126
635 126
417 116
1498 820
333 378
306 179
1210 426
663 478
720 336
789 66
872 86
829 556
770 241
406 66
663 66
848 453
620 176
320 286
695 56
386 86
1391 106
606 586
170 196
703 446
835 123
1570 406
406 91
937 66
356 324
359 87
418 66
806 93
343 156
291 278
491 93
785 76
806 56
181 280
482 86
328 256
241 93
778 56
406 136
781 66
703 288
1556 66
760 156
600 157
952 746
1520 76
1002 93
1606 66
888 336
422 398
256 136
720 336
386 121
506 158
319 258
888 336
320 258
771 137
491 93
456 336
186 285
990 66
556 64
549 97
306 146
919 528
2326 556
1296 166
406 106
516 391
829 556
419 86
2104 705
870 420
872 61
106 106
1210 324
781 556
456 121
406 545
888 548
509 76
181 436
703 446
309 87
511 93
421 66
927 556
261 66
2396 56
252 246
680 581
374 126
769 66
1826 449
823 183
224 429
888 576
981 56
489 98
1006 126
818 558
756 556
142 328
1289 393
252 218
356 116
2048 336
797 188
1041 56
397 87
391 97
811 486
651 528
424 136
565 386
538 56
726 96
446 151
261 66
521 66
324 528
1550 436
430 407
406 206
320 217
392 87
408 556
420 66
1688 106
1063 449
1170 88
808 136
781 66
420 336
824 66
445 576
990 126
422 419
891 576
453 453
840 66
540 205
366 458
787 56
458 406
888 126
1770 93
516 414
523 187
1570 93
910 576
810 506
142 328
406 126
823 76
1010 307
1570 93
406 66
943 76
420 278
1172 517
937 66
530 396
220 66
890 106
421 66
422 419
593 417
420 566
570 66
1338 256
798 453
409 76
869 86
465 156
320 258
1040 616
839 76
855 66
202 894
1290 93
388 106
888 336
2326 556
606 566
386 121
453 398
406 106
163 417
1470 106
1070 106
530 396
839 286
1646 406
1063 449
695 93
959 106
356 206
2326 556
784 56
310 236
2005 106
659 48
312 68
887 203
306 336
471 66
1391 406
356 324
1946 66
388 72
456 206
2036 566
370 237
406 106
477 126
406 156
802 93
1995 106
345 535
919 556
888 76
470 138
780 197
406 166
1056 66
2070 93
406 156
910 576
185 503
1550 93
471 66
1206 106
769 66
975 86
892 123
2005 66
756 56
