600
1220 2440
806 61
620 157
870 336
1131 188
768 555
1246 406
330 436
526 66
511 66
430 407
1659 398
430 407
455 528
789 137
745 346
338 66
882 86
491 93
1586 56
667 556
1570 93
266 106
422 419
530 396
1441 66
2402 576
606 278
482 86
682 66
491 93
386 121
356 324
549 97
445 356
540 205
390 86
655 184
453 453
341 93
406 183
1726 66
920 76
953 86
667 536
388 76
1755 430
206 56
397 87
168 346
888 307
436 66
646 66
453 453
764 126
2326 556
556 546
369 204
366 66
206 56
746 56
406 106
320 286
1290 576
491 93
1131 188
506 396
2292 427
934 198
780 197
420 66
1566 66
320 296
1056 61
306 93
891 66
470 106
1606 66
1970 336
1040 616
419 86
2292 346
629 148
666 124
420 308
161 449
842 137
840 66
1806 66
238 76
348 403
1498 820
1506 106
818 323
480 793
870 106
321 66
1565 561
851 137
486 66
506 176
509 76
391 97
420 106
406 106
344 126
356 106
420 278
532 86
445 548
667 536
824 66
438 406
1338 328
453 398
306 146
703 288
489 98
291 278
480 402
523 133
770 271
600 157
538 66
558 97
406 186
291 66
370 256
1236 306
377 56
710 196
868 555
1606 56
540 93
1606 56
2106 106
203 397
2316 56
568 216
186 285
808 136
530 106
978 76
96 106
1290 576
420 308
421 66
371 126
356 93
324 528
1210 126
406 116
819 356
406 206
486 66
898 66
1172 517
256 136
580 56
869 86
620 157
703 288
621 378
406 186
422 398
990 56
406 96
185 503
540 93
516 391
891 390
870 126
1752 336
185 503
309 87
747 328
767 137
202 894
2394 66
1260 956
960 566
616 126
306 146
406 156
420 66
1063 449
1028 421
456 336
426 93
1170 126
2326 93
620 157
406 56
406 126
1770 93
370 256
732 137
497 66
1246 406
1788 356
155 463
491 93
413 106
321 66
656 93
456 146
1290 576
706 86
719 172
1150 236
392 87
470 286
733 620
1770 66
1786 56
86 489
458 66
338 146
1006 86
406 116
851 137
906 66
288 246
1546 414
2404 906
448 468
788 66
919 556
2106 86
783 548
856 126
758 146
750 768
324 528
1656 66
516 391
492 558
1586 56
409 251
811 486
531 66
1251 61
486 486
1931 66
1426 64
366 486
256 136
256 136
1752 126
1246 406
829 93
1063 449
420 336
778 56
2402 576
1336 241
222 433
1002 556
517 93
342 166
888 336
470 287
471 66
516 584
835 123
1770 336
812 421
406 106
1135 76
2348 536
769 555
174 307
1055 381
1131 286
1966 206
309 137
798 449
406 156
1536 66
745 66
891 126
835 528
286 156
2156 61
913 417
856 356
417 116
1010 307
458 66
1210 545
1172 517
1956 191
227 832
2292 427
808 136
856 356
320 258
745 93
1550 420
491 93
388 76
919 528
1390 98
446 386
255 383
2026 56
750 768
1550 436
501 66
1406 93
1648 93
346 256
422 126
456 156
868 556
2216 256
2068 468
978 76
776 76
291 278
221 389
1970 336
329 136
291 278
770 556
283 87
181 436
771 137
491 93
2026 56
2382 556
1788 66
1210 545
881 356
406 126
333 378
252 246
252 246
2259 555
813 360
1498 356
1172 517
620 157
870 548
835 556
1000 556
978 76
695 528
491 93
870 86
356 324
339 146
491 93
781 556
620 93
406 106
516 306
1556 106
417 116
499 56
838 176
818 558
491 93
750 740
2292 427
2326 768
528 66
835 556
341 93
453 398
2070 93
421 66
1006 86
320 286
812 421
700 318
261 66
356 176
1770 66
570 891
486 66
232 406
820 356
390 137
497 66
612 257
927 556
188 86
256 970
677 68
202 894
2070 93
775 336
2048 336
288 246
835 56
746 556
391 97
442 527
774 179
406 136
406 56
1615 76
181 280
770 216
406 106
438 406
1155 156
453 398
1356 86
56 566
556 60
406 156
651 528
286 136
750 768
681 106
406 86
241 66
1380 66
356 66
1406 66
325 136
446 386
458 66
406 116
178 620
784 56
802 93
791 66
404 486
406 156
1390 98
870 86
359 87
826 66
238 76
588 256
667 536
2382 556
330 166
420 566
851 137
370 66
486 56
1406 66
904 406
1326 66
448 468
758 106
421 66
1906 286
429 307
960 126
370 66
889 406
791 66
1546 86
288 66
808 136
1006 126
781 66
950 126
870 206
470 286
356 116
406 156
450 428
511 66
896 203
766 93
306 179
319 258
835 528
406 116
406 136
220 86
388 72
1266 81
256 288
770 296
872 61
467 106
1025 453
111 395
328 66
906 356
420 336
809 86
1666 46
1289 406
429 307
406 106
66 506
491 93
206 66
1172 517
421 66
2326 556
1550 420
221 389
666 556
1881 56
2005 66
305 56
491 93
508 306
809 86
785 76
2006 406
1843 575
291 278
324 528
823 76
849 66
316 66
1950 46
320 76
369 204
256 136
1040 616
1170 66
141 431
558 97
1586 63
453 363
406 545
736 107
656 196
2070 93
422 548
148 535
770 93
1556 586
656 256
543 435
325 136
388 72
1659 66
540 205
2006 93
600 157
324 528
516 306
898 306
1998 86
330 166
1836 56
1895 76
420 66
1973 489
860 353
406 56
1103 465
356 116
255 383
781 486
626 126
568 66
420 336
761 486
396 166
620 93
860 74
406 156
330 66
1808 346
1266 81
826 66
839 251
256 126
343 156
849 126
1550 436
839 286
480 452
761 66
868 556
499 56
768 555
1498 820
975 86
439 56
465 156
943 76
422 419
291 278
750 126
231 76
333 378
696 56
439 56
806 93
781 536
858 86
406 156
990 586
768 556
487 186
718 399
1000 126
