600
1220 2440
348 403
449 528
818 586
1251 61
445 576
383 277
750 740
2006 93
1398 600
829 93
420 336
2396 56
286 156
321 66
937 306
678 66
695 56
497 66
540 205
517 93
771 137
341 93
404 486
1066 336
906 456
2106 56
1870 76
2292 472
399 56
882 93
2402 576
338 56
830 433
420 267
770 241
1512 66
283 611
1048 106
756 56
333 378
501 46
2402 576
318 66
366 458
730 236
784 56
1606 426
398 93
2266 66
2006 406
508 126
308 106
508 306
445 126
417 116
768 93
341 93
771 137
883 66
663 156
959 66
511 66
333 378
396 106
844 123
1340 256
1326 66
471 66
1404 468
746 56
1829 138
456 146
670 278
1659 398
371 66
1210 546
1506 241
869 86
429 468
2402 48
256 136
491 93
744 347
423 310
656 256
666 420
756 56
706 206
458 406
779 66
746 586
456 336
356 286
785 76
390 137
221 389
872 61
438 406
309 137
471 66
348 403
449 528
356 206
1908 86
2226 106
406 116
2326 556
543 435
348 403
491 93
829 528
449 106
406 56
1534 48
316 392
1000 93
421 66
391 97
855 126
1970 336
456 156
818 558
1534 66
696 56
2066 506
256 970
320 258
397 225
1210 545
978 76
406 136
406 545
1670 106
919 93
391 76
938 381
163 353
606 336
268 86
181 280
252 93
341 530
406 56
406 106
508 86
740 770
371 66
2216 256
2382 556
306 106
957 456
501 46
910 66
341 355
1376 256
341 530
316 66
855 66
868 93
1025 453
1289 393
600 157
356 116
888 307
471 66
406 156
703 442
743 86
543 416
422 419
241 66
769 126
1416 176
797 66
835 556
309 137
898 106
2402 576
666 86
686 203
438 436
1970 156
808 136
256 116
206 56
1055 66
221 389
758 72
910 467
269 66
356 116
406 186
1770 336
1191 216
726 66
288 66
86 268
1586 63
716 106
501 66
429 307
172 469
86 489
499 56
868 556
371 66
1104 576
470 286
2226 556
341 93
455 528
2382 556
858 86
756 556
1210 545
706 225
1210 426
1470 106
408 106
309 137
910 126
471 66
2402 576
269 66
750 93
378 87
888 126
486 486
888 336
1946 66
892 123
870 576
870 93
181 280
1703 66
904 406
511 93
1246 406
470 286
1940 538
534 61
321 66
408 136
470 286
1616 66
706 56
816 183
893 66
2326 66
758 146
406 136
444 137
990 558
1556 106
516 66
348 403
66 802
789 137
256 136
811 56
1066 336
486 66
2326 126
421 66
256 136
202 894
369 204
501 66
746 556
1406 93
1290 93
781 536
767 137
456 156
326 66
1293 56
860 56
508 86
421 66
783 308
324 56
1210 93
420 126
2326 556
944 61
486 486
346 535
1506 420
178 620
406 126
1066 336
745 318
656 93
1895 76
320 258
422 398
320 258
386 121
399 56
326 66
325 136
470 66
856 126
842 137
2348 66
393 889
1131 286
406 86
343 156
383 277
1963 66
2316 56
290 187
417 116
312 68
309 137
306 93
663 156
356 324
838 176
1755 430
2321 152
2402 56
770 556
811 486
422 548
356 176
241 575
251 93
436 458
419 528
806 93
910 576
324 528
1506 420
2016 151
486 106
319 258
271 93
1570 406
667 536
870 336
341 93
804 406
1210 545
181 436
491 93
429 307
666 146
570 106
439 366
1020 306
1355 66
309 237
1506 420
835 556
378 66
516 414
516 391
990 66
888 66
1659 398
981 66
391 97
406 206
406 116
306 146
1721 56
695 528
440 548
406 126
1906 286
586 106
1441 66
267 106
354 121
406 126
181 280
2292 472
348 403
341 530
2226 556
1088 326
700 318
810 428
788 66
2190 406
1593 106
593 417
2106 56
1289 406
406 206
1665 86
1293 86
891 66
740 770
829 528
158 285
796 106
781 66
1506 420
1068 286
1258 106
1206 48
406 126
406 126
516 66
739 285
884 370
467 106
1970 336
496 92
1063 449
397 225
1236 306
491 93
2326 768
467 106
534 61
474 61
1040 616
818 586
856 356
2056 93
458 66
516 414
405 162
467 106
839 86
1091 66
399 56
248 66
538 56
422 398
446 151
777 203
526 66
2326 768
806 56
906 56
558 97
388 72
422 548
465 156
486 486
383 277
231 76
416 76
438 436
356 116
480 56
906 468
2266 66
1908 86
630 93
1210 426
1076 66
887 203
356 286
2382 556
2070 93
310 236
486 56
600 93
252 218
1131 286
570 237
1506 342
892 123
606 239
348 403
289 1172
467 163
447 106
2326 93
838 176
1071 285
855 126
781 486
406 116
339 126
1006 93
449 93
516 137
870 336
366 66
2316 56
406 116
2086 66
320 86
374 126
2316 56
750 93
167 308
161 449
413 156
710 93
2326 126
406 106
2382 556
343 156
384 456
290 187
491 93
2406 93
970 89
2174 66
486 486
438 406
568 66
1718 625
406 106
448 468
491 93
1071 285
406 156
891 556
348 403
289 1172
480 56
321 66
1470 136
625 377
2036 586
383 277
783 179
888 576
446 126
406 66
1770 66
565 358
420 106
406 96
870 126
186 285
930 56
1701 246
445 576
1788 48
1210 324
391 97
438 406
281 66
406 156
2382 556
406 156
806 93
539 503
2348 536
1598 246
232 406
706 576
448 468
2064 86
251 93
2216 256
780 197
429 468
474 538
680 76
86 268
320 88
356 558
140 537
891 66
606 336
558 97
895 86
1056 66
252 218
356 116
174 553
797 188
2012 86
1970 286
406 156
868 93
297 56
406 116
324 528
769 126
386 121
756 556
271 93
682 66
2079 66
2067 56
336 286
927 256
784 179
2226 556
830 433
491 93
856 356
310 236
406 56
809 86
452 86
573 326
2216 106
