600
1220 2440
446 126
2382 556
808 136
300 267
870 93
2190 406
356 176
1970 336
140 537
818 66
798 453
422 419
558 97
375 527
324 218
1056 246
771 137
928 123
232 824
320 296
298 66
1007 86
356 116
178 620
2406 66
606 566
378 225
839 286
256 106
316 392
486 486
1506 420
547 56
988 106
1546 414
356 286
769 126
296 156
2068 468
1555 372
252 218
659 48
1636 366
768 126
840 66
330 436
370 66
540 205
148 535
2266 66
1973 489
1788 66
528 66
406 156
384 456
888 307
444 137
1534 66
158 468
202 894
320 76
870 336
1055 126
1210 324
392 87
1340 256
421 66
891 86
888 336
408 136
1752 93
695 556
500 66
528 56
441 66
430 407
770 241
348 403
406 156
1188 66
321 93
429 307
2012 151
298 66
343 156
808 136
663 506
565 358
726 66
770 253
316 66
418 66
1659 398
798 453
319 258
729 86
596 187
458 66
880 66
1438 625
146 466
1970 286
710 76
816 183
304 126
123 66
1398 620
2348 66
406 156
396 91
768 93
366 56
1418 96
2093 206
784 179
348 403
1616 106
506 61
1215 61
406 106
913 417
870 308
540 206
781 48
565 386
739 217
818 323
388 72
1550 556
746 88
1290 576
306 106
384 456
449 106
770 1110
625 353
1290 93
409 76
486 56
769 555
406 156
620 157
1236 306
2068 468
870 308
343 156
445 173
1091 66
426 93
438 406
283 87
1260 86
910 66
884 370
420 278
2326 556
356 116
480 452
960 66
696 88
870 336
1063 453
1406 66
960 566
436 66
1288 126
1289 406
902 385
424 136
829 528
282 66
1550 436
1808 346
1550 420
612 257
764 126
1172 517
516 414
1390 466
491 93
320 258
868 556
2368 468
406 186
828 66
1007 106
521 93
430 421
406 106
2382 556
1218 76
346 535
1020 56
290 187
391 66
319 258
1788 66
1260 48
306 126
781 556
404 66
520 517
256 146
486 486
1802 76
1402 86
1179 66
2066 506
1606 66
480 452
532 86
406 166
452 86
1251 61
330 66
1336 241
888 307
378 225
780 197
182 433
406 156
185 503
497 66
788 66
769 486
1170 66
853 385
457 106
386 121
364 68
818 558
283 611
370 66
491 93
2382 576
716 126
1390 466
880 126
1716 216
874 123
565 358
1066 336
750 138
420 106
781 486
406 136
2382 556
406 116
1390 98
565 126
428 96
835 123
1953 86
809 86
696 56
271 93
294 156
1131 306
320 258
1063 449
682 581
452 1206
657 146
417 116
1550 93
783 308
378 225
2292 472
497 66
386 66
417 116
1659 398
1391 66
306 93
2026 56
446 151
580 56
506 406
470 258
420 66
806 286
420 66
1179 76
934 198
910 126
406 356
1556 586
291 66
1606 426
1733 66
448 468
2236 86
163 417
388 66
1355 66
720 308
775 166
1506 342
420 306
402 173
113 427
480 402
330 66
453 398
413 93
830 56
386 121
470 106
406 106
350 179
565 358
291 278
391 97
489 98
486 66
453 363
882 86
745 66
123 66
1103 465
429 307
786 88
359 87
750 768
2104 705
2316 56
835 123
888 548
860 56
829 528
406 106
882 86
898 66
621 378
163 417
429 307
853 385
970 106
835 556
2402 56
356 66
1788 48
1966 576
612 257
2005 66
1870 86
1570 406
413 136
1236 306
781 66
1188 66
183 743
1210 545
657 146
808 136
291 93
806 286
497 66
182 403
931 93
306 106
491 93
66 578
1586 63
695 556
741 56
1973 489
888 336
1188 66
2116 56
506 48
789 137
666 556
1210 545
960 126
496 61
1210 545
1104 576
256 116
474 457
990 586
839 76
745 126
320 258
882 86
491 93
745 318
781 486
667 528
1550 93
181 280
480 402
553 165
568 56
271 93
186 285
468 206
256 136
2151 46
291 278
696 88
919 93
893 328
783 308
1098 365
406 156
2439 66
663 506
2190 406
870 106
680 66
2216 336
341 93
2091 66
543 435
781 93
600 176
823 183
556 546
406 156
469 106
869 86
538 66
431 66
282 66
393 889
2126 546
356 116
829 93
906 93
1895 76
889 406
449 106
248 66
948 246
1007 106
1770 1010
1167 76
376 60
186 285
2439 93
785 76
2006 93
470 286
2216 336
750 730
829 93
565 358
2116 61
417 116
421 66
2292 427
1025 453
532 86
860 74
241 575
174 545
849 126
887 203
1534 48
556 66
889 406
695 56
2326 126
420 66
347 66
2226 556
487 186
829 556
2070 126
823 76
1290 93
1063 449
348 146
406 126
316 66
436 458
402 173
306 179
1550 93
530 158
1055 381
651 528
891 256
141 48
481 93
520 517
880 56
320 258
390 137
180 453
170 196
1555 372
470 106
252 246
2326 556
1636 366
252 93
392 87
812 86
1836 61
2016 151
797 66
703 442
1659 66
2226 556
829 93
348 403
2286 48
553 433
319 258
1206 93
856 126
740 86
482 86
868 556
324 218
902 358
433 156
319 258
421 66
788 88
808 136
324 528
267 106
420 336
370 255
2382 556
830 76
309 87
319 258
344 76
536 56
891 548
232 824
600 176
1755 360
770 241
359 87
1020 66
1970 156
438 406
1210 426
348 403
2068 468
2091 56
420 66
339 146
783 528
676 82
1326 66
1071 285
436 66
477 126
366 56
888 336
1506 241
123 918
1755 360
420 308
420 308
469 106
491 66
588 256
306 198
906 66
756 556
2106 56
471 93
1002 93
1076 66
456 206
281 66
769 126
781 536
2093 556
497 66
406 156
910 576
399 56
880 66
558 97
439 66
1055 66
919 528
420 336
779 66
1881 56
848 453
570 256
1826 449
809 86
656 256
783 308
436 66
393 126
411 528
356 93
1040 616
252 246
