600
1220 2440
1030 336
768 93
888 336
256 136
470 258
319 258
458 66
1550 436
781 556
812 421
2093 556
692 587
364 68
1002 556
1586 63
1755 430
838 176
458 86
781 48
491 93
370 237
880 66
553 489
2006 93
803 383
888 76
2068 468
338 66
770 241
960 566
1506 106
1210 426
818 66
732 137
1752 93
356 324
1788 356
682 76
540 205
1615 76
320 258
188 86
629 148
406 126
812 421
530 158
1570 406
813 360
856 356
538 66
356 116
406 66
785 66
424 136
406 106
131 1163
741 61
320 296
429 307
1066 336
306 126
452 1206
497 66
325 518
2068 468
663 478
452 1206
2426 76
835 76
370 329
870 93
1188 86
811 66
787 86
339 146
163 417
406 86
538 66
1733 66
406 156
1636 366
784 179
539 503
219 86
708 106
336 286
309 137
1586 56
170 567
1920 91
423 310
950 51
760 74
1063 449
1565 561
1418 96
471 66
354 121
1306 66
783 528
1666 61
304 126
491 93
646 66
366 486
497 66
888 548
870 106
761 93
319 556
332 68
844 123
855 126
322 97
870 106
453 453
1002 93
756 66
1063 449
856 356
359 87
386 121
2216 336
491 93
429 307
2121 88
1055 66
185 503
663 506
333 378
758 146
441 66
491 93
2348 536
474 457
2060 93
529 469
346 126
420 106
612 257
1970 286
767 137
298 66
1546 414
320 296
438 406
990 66
663 156
406 156
1788 66
778 66
261 66
516 391
746 556
829 556
1506 241
306 166
1306 66
663 66
1570 93
681 106
740 770
356 206
506 158
1063 453
482 86
421 66
390 86
2093 206
570 237
695 93
816 216
366 556
785 76
1241 131
86 489
309 137
206 66
480 402
252 246
588 56
1063 76
348 403
1752 336
810 66
888 307
2210 93
768 556
391 97
651 528
639 56
1007 106
928 123
1221 56
469 106
906 93
198 323
422 398
919 126
570 237
1970 336
470 286
420 306
406 126
178 620
406 156
420 66
386 121
781 66
791 126
306 336
1210 546
1806 66
666 424
420 278
348 403
106 717
833 307
849 66
66 846
1843 575
2126 546
2348 536
406 106
422 398
851 137
543 416
465 156
750 740
2326 768
1966 206
825 86
756 66
453 453
606 239
511 66
256 970
706 66
829 556
470 66
346 535
306 126
348 403
556 546
906 66
990 586
845 66
161 449
258 106
565 358
2406 106
511 66
356 116
777 203
1236 306
172 363
406 56
764 176
241 66
769 486
241 66
1246 406
1820 93
856 356
396 106
1406 93
1611 859
938 381
1944 91
769 66
1946 66
570 256
758 106
406 106
816 538
1402 86
306 106
1404 468
158 305
445 173
491 66
849 66
511 66
170 567
404 486
706 86
436 66
1556 586
506 66
835 93
908 86
1063 449
700 318
1172 517
1419 66
1506 420
948 126
470 106
256 146
453 363
320 126
155 463
680 581
486 486
2121 581
1416 176
990 586
1416 176
2067 56
771 137
919 556
516 306
1570 158
344 76
2206 56
990 586
2190 406
870 93
1550 86
930 56
370 329
856 126
819 66
379 225
368 66
508 306
429 468
540 205
406 156
1598 246
842 137
163 417
1036 356
538 66
378 87
306 106
2026 66
2402 576
2064 86
769 486
1135 76
182 403
396 91
1550 93
396 166
420 336
806 286
1406 66
835 123
420 306
309 137
324 218
420 336
600 93
516 391
446 151
750 768
2236 86
874 123
417 393
549 97
324 528
1659 398
824 527
829 528
1172 517
509 76
1289 406
706 66
616 66
1512 66
356 116
343 156
291 66
420 106
1063 449
290 187
367 106
430 421
404 56
721 356
186 285
291 278
417 116
450 66
1048 106
835 95
406 136
621 378
783 548
770 217
206 317
1970 156
319 258
1210 406
406 156
1210 93
573 326
421 66
491 93
2439 93
397 87
606 566
620 157
1210 545
298 66
501 66
370 255
309 87
178 620
406 156
449 556
568 66
300 267
938 66
741 56
808 187
520 438
291 66
324 528
621 378
1770 66
1260 956
471 66
669 86
437 86
388 106
882 86
870 106
1616 66
892 123
777 203
534 61
420 336
771 137
406 206
371 66
668 166
588 256
487 186
530 396
420 336
348 403
1071 285
2388 86
620 93
343 156
341 93
858 76
422 548
888 307
306 126
667 556
872 66
570 891
388 86
663 506
2190 406
437 86
556 546
905 198
406 106
142 328
338 66
388 72
2070 93
506 61
412 528
333 378
448 468
975 86
241 575
480 402
1659 398
511 66
1973 489
703 442
746 556
356 324
486 486
1566 66
343 156
556 66
415 66
516 391
2044 106
875 66
869 556
756 336
367 88
1172 517
1570 93
565 66
420 93
1438 625
406 106
497 66
258 106
396 106
406 116
910 467
1739 66
720 336
1550 556
1755 430
720 335
458 66
251 93
1188 66
492 558
1260 456
534 61
370 197
540 205
420 286
528 86
446 126
770 126
456 106
2216 336
471 66
181 280
796 124
890 106
406 106
406 116
720 336
1210 324
942 86
774 86
452 1206
516 391
406 356
657 146
1556 93
1056 61
606 566
220 86
371 126
1973 489
906 356
818 586
306 166
348 403
449 556
547 56
508 126
612 257
2216 256
441 66
406 106
470 287
884 370
1210 126
220 66
288 246
344 126
186 285
808 136
1355 66
417 116
1570 406
1508 56
356 324
320 1150
1063 76
251 66
869 86
123 936
891 126
1616 66
420 330
568 66
437 528
995 307
779 545
409 76
1670 106
405 162
835 556
440 548
981 286
565 93
2206 56
870 93
1731 66
406 136
341 93
1276 166
1210 426
486 56
2046 56
2116 86
558 97
904 406
1526 88
819 356
884 370
959 106
783 68
