600
1220 2440
706 225
406 156
445 66
835 95
576 239
747 318
768 555
797 188
710 196
1944 91
386 121
868 126
1755 360
449 93
888 86
316 392
406 56
1636 366
830 76
778 486
131 1163
756 556
1179 76
1036 356
86 489
330 66
910 126
271 93
370 66
449 556
523 187
256 136
826 66
1752 126
231 76
2326 556
549 97
444 137
747 318
806 106
868 555
231 76
621 378
506 66
2121 581
981 76
348 403
2216 256
538 66
781 556
1179 76
377 56
870 66
336 286
338 66
319 258
378 87
333 378
406 86
224 429
491 93
1870 86
370 356
406 126
1688 106
470 66
1430 64
781 556
836 66
570 237
570 237
2068 468
224 429
161 450
480 402
2226 348
889 406
1063 449
1733 66
1000 126
491 93
553 489
367 86
768 126
870 126
2161 66
446 151
1210 426
1636 366
1752 93
2106 306
370 256
2316 56
797 66
1306 66
356 206
480 793
406 545
56 218
891 126
767 137
540 206
549 97
406 56
868 126
347 506
888 307
2048 336
492 558
835 123
770 241
1718 625
826 66
370 66
1290 93
1055 381
898 66
178 115
808 136
1391 406
375 66
2216 336
1556 586
586 106
700 318
1450 76
1556 586
1733 66
310 236
870 106
441 66
838 176
1071 285
833 309
396 166
1289 406
1788 66
2348 66
870 308
491 93
1636 61
198 323
481 93
2266 66
1966 206
1002 93
565 358
600 157
333 378
824 66
1131 188
1659 398
511 93
480 793
910 576
870 548
371 66
271 93
1416 176
726 66
291 66
449 126
818 558
1091 66
1555 372
774 179
1066 336
256 970
1826 449
420 308
1550 556
161 449
1418 96
252 246
565 93
302 126
1550 436
788 106
870 336
2241 106
343 156
549 97
1206 48
1416 176
1506 241
420 93
1126 56
1534 48
2382 556
1241 131
406 146
803 106
2382 556
486 438
341 530
370 356
445 66
350 179
810 66
921 86
383 277
811 66
651 528
456 336
480 793
1550 93
612 68
770 241
1970 286
1550 420
182 403
1410 126
149 486
1266 66
2316 56
875 365
710 93
420 308
406 126
839 86
406 106
1946 66
1104 576
706 206
486 486
470 66
422 398
398 93
687 184
506 158
629 148
2292 346
482 86
356 206
455 86
288 66
639 288
86 288
891 576
471 66
486 56
497 66
370 66
398 93
656 196
670 238
540 93
1070 61
370 255
778 66
2093 556
1570 93
399 56
809 106
927 556
1210 545
406 156
824 527
889 406
860 74
750 768
1293 56
304 126
1135 76
172 363
2005 66
870 86
600 93
286 136
232 824
391 97
2402 576
1555 372
320 296
1550 556
721 66
421 66
835 56
708 106
1289 402
1526 606
808 136
449 126
880 66
222 433
291 278
356 196
2326 93
1910 66
406 186
2402 576
2012 151
486 56
420 566
884 66
342 166
136 185
356 116
543 435
491 93
486 56
172 363
891 66
663 187
1030 56
338 66
291 66
444 137
430 407
348 403
556 546
2326 768
1818 86
406 96
406 156
1570 93
670 575
779 545
1385 86
1063 449
497 66
203 397
224 429
1752 93
106 106
890 781
2206 56
771 162
556 60
1041 56
491 93
458 406
406 86
1788 66
509 76
720 335
695 93
420 126
158 468
1289 402
446 126
516 306
523 133
756 336
491 93
928 123
470 377
406 126
2056 93
769 126
695 528
344 76
142 328
1406 93
409 76
2151 46
818 558
448 468
769 66
2326 556
797 66
588 256
424 136
870 106
1406 66
291 66
1290 576
1002 556
1390 466
913 88
651 528
606 239
2070 93
1391 106
320 258
1701 246
729 86
606 566
2006 93
491 93
406 206
181 280
2126 546
959 106
593 417
811 56
388 72
1350 76
1470 106
848 453
781 66
356 206
2402 56
221 389
816 183
970 567
528 66
406 156
148 534
486 486
356 206
320 76
919 556
802 366
528 66
1946 66
1582 86
423 310
667 536
476 126
255 383
392 87
906 356
666 424
406 106
1380 66
913 417
1826 449
553 489
553 165
1598 246
420 278
470 286
333 378
406 156
769 66
666 424
620 93
486 486
450 56
406 126
1104 576
453 398
388 72
232 824
289 1172
302 126
392 87
456 206
406 156
356 236
1526 606
402 126
539 503
870 93
600 157
424 136
241 66
2012 151
291 278
356 324
1570 406
384 456
482 86
540 205
943 76
620 93
1570 93
406 156
448 468
686 203
370 255
1441 66
870 66
1550 436
327 96
291 93
78 338
2190 86
406 106
838 176
309 87
388 76
480 402
222 433
491 66
480 402
170 196
491 93
420 306
530 158
1406 66
639 56
471 93
2406 66
438 406
952 106
892 123
421 66
785 76
530 158
776 76
491 93
2070 93
324 528
471 93
324 528
2216 256
1355 386
457 106
241 66
406 106
455 226
376 206
761 486
1260 66
891 576
802 366
810 478
508 206
1770 66
868 556
651 528
2070 93
422 398
491 66
456 336
291 66
406 146
2066 506
733 620
729 86
1770 93
720 308
366 56
291 66
444 137
499 56
853 385
1438 625
516 391
238 76
139 413
370 356
256 970
710 241
391 97
397 87
639 288
758 146
445 548
316 392
1290 576
420 66
811 486
913 417
798 453
695 93
1140 76
1385 76
341 93
784 179
456 106
1500 56
421 66
696 176
406 106
489 98
1526 606
818 126
2226 556
888 126
370 197
270 98
788 66
420 86
304 126
388 72
458 406
750 768
678 66
839 76
181 436
1000 93
1970 286
1659 398
710 196
990 126
1020 66
812 421
823 76
483 558
990 66
256 116
1555 372
438 406
1066 336
771 137
231 76
1506 241
1966 206
2055 66
774 179
256 970
921 86
1506 420
340 93
438 406
320 258
888 336
