1000
1220 2440
366 56
663 66
251 66
325 136
2266 66
324 528
326 66
491 93
898 66
309 137
321 66
180 453
111 638
1441 66
1236 306
791 66
528 66
391 66
726 134
2402 56
666 124
174 545
306 146
441 66
486 66
386 66
565 386
309 87
771 137
202 894
172 469
444 137
491 66
1382 66
271 93
406 106
348 403
950 51
888 307
491 93
931 306
402 889
920 86
417 116
740 106
370 66
2121 56
491 93
756 56
758 138
151 56
206 56
806 93
908 61
169 386
268 56
413 156
1752 336
2226 556
1293 56
2190 86
371 508
506 406
769 56
471 66
1406 93
1808 346
1030 56
420 126
844 123
182 397
743 86
406 126
565 66
481 93
941 56
876 106
1419 66
406 156
1030 56
775 166
474 538
553 433
199 356
888 307
123 66
490 66
1210 546
447 56
890 66
808 136
1179 76
588 66
740 86
750 126
433 156
1636 61
286 86
741 61
1055 66
356 93
406 116
818 66
356 116
470 138
975 86
406 146
445 66
746 56
406 136
908 86
784 56
446 151
872 61
1582 86
2406 86
406 126
393 86
363 172
256 146
1206 106
1210 406
1718 625
271 93
406 91
325 136
1406 93
170 226
1306 56
158 468
799 76
321 66
870 308
797 188
570 891
399 56
1255 56
183 743
870 336
681 106
406 116
501 66
2348 66
256 136
482 86
716 106
396 106
526 66
516 414
446 126
2266 66
491 93
445 126
2326 556
256 136
816 183
251 66
872 61
2408 56
1970 286
1688 106
506 106
771 137
1385 76
620 157
1910 66
348 403
446 126
1210 546
540 205
316 66
1088 326
538 66
1029 76
406 156
520 517
530 61
271 93
406 156
888 66
336 286
417 116
880 66
458 66
870 548
320 258
717 66
1266 66
806 93
781 93
206 66
1688 106
768 93
1534 48
471 93
910 66
337 106
345 535
928 123
446 151
696 176
347 86
457 106
227 832
422 398
884 66
1290 93
1270 66
2106 56
695 556
2151 46
286 156
406 156
1895 76
383 277
496 135
547 56
174 553
291 278
810 428
438 436
491 93
298 66
409 286
456 121
906 66
406 86
771 162
708 106
1770 66
706 86
141 431
842 137
732 137
808 136
937 66
502 66
747 318
1659 398
906 93
421 66
396 106
1733 86
1002 556
746 586
1550 93
491 93
406 106
325 518
320 126
386 121
884 66
783 179
170 567
406 126
791 126
486 56
2005 66
1091 66
182 403
174 553
806 56
540 205
881 467
521 66
453 453
600 176
448 468
855 126
406 156
1391 106
470 138
558 97
797 188
942 86
456 106
2070 93
190 453
406 156
990 56
491 93
663 126
406 136
1703 66
882 86
398 93
470 66
1946 66
898 278
521 66
869 86
421 66
370 66
348 403
486 56
808 136
887 203
511 93
1528 86
872 86
406 156
796 56
178 620
696 176
338 66
783 68
406 146
891 66
891 86
465 156
666 171
784 56
2326 126
710 76
294 66
1179 76
2026 56
1266 81
835 93
174 566
1526 606
348 403
536 56
417 116
2348 536
756 66
937 158
657 146
491 93
771 137
470 106
778 66
1506 241
789 137
1598 106
456 156
720 336
506 176
1665 86
178 620
2216 336
501 66
470 286
406 116
286 136
501 93
363 172
511 66
346 256
456 146
219 86
396 106
406 116
756 66
1131 188
920 76
402 173
770 241
165 553
713 86
491 93
406 106
1131 286
713 106
540 206
823 76
446 151
924 66
708 106
666 124
2402 93
990 66
338 76
600 93
870 126
798 453
811 66
870 106
990 66
516 137
453 398
845 66
343 156
874 123
1002 93
163 417
396 106
158 285
420 566
970 567
456 121
456 146
521 66
220 86
2348 536
320 296
828 66
404 486
860 353
428 96
1210 546
2301 66
306 166
1140 76
2206 56
163 417
870 66
1820 93
406 156
316 392
2106 93
256 136
1188 61
320 258
429 307
558 97
2301 176
419 86
158 305
1752 93
1419 66
1241 131
178 620
870 126
408 136
1615 76
695 56
248 66
718 66
202 894
406 116
2402 48
267 106
1582 86
186 285
491 93
288 66
106 106
695 93
540 206
1550 436
568 216
178 620
220 93
986 66
328 66
306 126
906 468
396 91
635 126
580 56
261 66
390 137
1940 538
756 66
178 620
876 66
687 184
2280 66
516 391
429 307
2326 66
413 156
406 56
809 86
170 567
406 156
540 93
470 377
341 93
421 66
406 156
458 66
370 66
180 453
1788 66
845 126
663 187
174 307
1406 66
1739 66
491 93
491 93
870 66
959 66
2361 46
1498 356
870 66
486 56
383 277
348 146
771 162
1658 86
1441 66
386 121
1030 76
491 93
538 56
696 61
366 106
1000 126
174 307
306 146
2206 51
420 106
876 106
406 146
726 56
408 556
663 126
482 86
1636 61
667 536
1030 56
2086 66
480 402
383 277
836 66
910 126
2048 336
855 126
1210 545
1260 66
368 86
86 288
870 66
769 66
371 126
630 93
860 74
819 356
784 179
203 397
461 86
420 106
678 66
695 93
1962 106
256 136
1416 176
2116 56
486 486
690 86
220 93
620 157
406 186
750 768
639 56
486 56
1140 76
1995 106
456 106
388 72
256 288
570 66
706 576
421 66
172 469
870 106
511 93
429 307
540 206
906 93
805 56
743 86
736 107
835 123
376 60
970 567
2124 86
480 86
796 56
540 93
1260 995
206 56
2402 56
1886 66
1470 106
853 76
489 98
1406 66
687 184
670 238
540 205
496 61
849 66
438 406
421 56
756 556
178 620
468 66
453 453
1786 56
280 93
532 158
321 93
2036 586
453 398
2426 66
1872 61
695 93
458 106
422 419
547 56
343 156
450 56
1029 76
1260 326
696 66
420 86
1752 93
306 93
348 403
565 93
491 93
869 86
261 66
329 76
870 86
708 106
787 56
1550 556
523 133
306 106
286 136
343 156
446 151
1246 406
1866 61
356 116
853 76
720 308
1808 346
1900 98
771 137
330 66
402 173
417 116
271 93
406 146
346 535
458 106
761 106
86 316
1210 406
1006 93
558 97
506 106
399 56
202 894
470 66
406 86
706 86
486 66
420 306
420 106
155 463
501 66
703 446
758 146
718 66
538 136
378 87
408 136
509 76
193 66
2316 56
458 406
186 285
391 97
1656 66
770 126
163 417
523 187
783 308
2368 468
771 137
123 918
392 183
346 535
1582 86
558 97
870 106
356 93
767 137
817 93
238 76
304 126
1586 56
2070 93
320 107
439 56
181 436
252 93
456 106
298 66
1270 66
785 76
1506 66
181 280
489 86
769 126
338 76
506 48
806 56
766 93
366 66
1770 93
2394 66
111 395
400 76
491 93
390 137
422 126
86 268
2121 56
465 156
471 66
224 76
2326 93
812 56
491 93
553 433
663 506
656 196
549 97
1406 66
1406 66
256 136
646 86
2055 66
386 121
343 156
288 66
436 486
666 86
1355 66
429 468
406 156
663 66
908 86
321 66
830 86
491 93
770 61
486 56
406 166
646 86
2402 56
823 76
497 66
567 93
530 158
397 225
393 86
769 126
185 503
703 288
808 136
341 93
332 68
2026 66
256 179
286 56
271 93
1410 126
409 76
398 93
1260 156
406 106
2226 348
868 93
1002 93
339 66
942 86
252 93
306 106
325 136
256 136
139 413
1002 93
868 93
298 66
491 93
406 156
183 743
706 141
919 126
441 66
829 93
326 66
458 66
256 146
2012 151
690 76
781 93
185 503
2288 66
797 188
2210 93
666 424
1376 256
1570 93
620 93
491 66
860 56
406 186
981 76
2406 93
497 66
565 386
1416 176
1910 66
523 133
981 66
306 106
172 469
1608 106
142 328
868 93
421 66
870 106
341 93
406 156
2026 66
406 156
1288 86
2316 56
417 116
406 146
521 93
1570 93
938 106
747 318
185 503
2382 556
420 66
1520 76
406 156
350 179
620 176
2259 555
406 156
232 406
497 66
568 206
319 258
802 366
2301 186
890 126
302 126
506 176
948 456
892 123
1836 61
320 66
170 567
108 427
343 156
422 126
756 88
2162 106
182 403
655 66
436 458
1615 76
805 56
778 66
256 116
366 66
736 107
651 528
406 136
1000 126
406 136
181 436
406 106
452 86
1646 406
1251 347
380 76
884 370
1206 48
404 66
1550 436
474 457
466 126
2426 56
596 187
487 86
616 126
858 106
1266 66
721 66
1382 76
374 126
409 86
392 87
1528 86
409 86
123 478
838 176
1506 66
1406 66
778 66
768 126
1143 198
446 126
919 126
858 66
341 93
306 179
341 93
682 66
956 66
367 106
341 93
2086 66
356 176
420 106
2071 46
732 137
695 556
371 66
420 66
290 187
390 86
1167 76
810 66
491 93
950 106
816 183
406 146
868 556
758 72
741 91
369 66
321 66
409 86
491 93
400 86
316 66
874 123
1390 466
456 146
111 395
321 66
1020 56
611 257
161 449
2226 106
1402 86
758 72
271 93
1007 106
406 156
856 156
206 408
369 66
818 586
306 106
388 72
716 106
1416 176
875 66
845 126
2016 151
1172 517
880 126
808 136
2326 66
2026 66
549 97
342 166
620 106
489 86
486 56
281 66
530 158
781 56
568 66
1218 76
770 61
1752 93
2402 56
1391 106
158 468
556 60
1659 66
441 66
486 56
869 86
1872 61
491 93
937 66
906 93
452 1206
806 236
1721 56
224 76
