1000
1220 2440
2044 106
874 123
446 126
501 66
1289 402
2368 468
1802 76
406 156
639 48
356 116
256 136
720 308
1206 61
872 64
406 156
720 126
2070 126
639 288
1391 106
1410 126
938 106
1703 66
1820 66
396 106
620 157
1055 353
470 377
406 106
344 136
391 66
491 93
453 363
481 93
819 66
1665 86
758 146
306 146
406 156
388 72
395 93
896 203
805 56
1030 86
471 66
1241 131
148 535
516 66
771 137
252 93
402 173
406 146
406 136
770 126
948 126
383 277
838 176
2406 106
1870 76
446 151
860 156
392 87
486 486
692 587
406 146
482 86
1041 56
248 66
408 106
990 66
391 97
170 567
1820 93
835 56
1406 93
470 287
556 546
516 391
860 156
183 397
406 106
824 106
417 116
406 106
787 86
406 156
928 123
771 137
663 66
797 66
206 66
325 136
666 424
481 93
532 158
930 61
2064 86
378 87
458 406
791 126
408 136
163 417
870 126
1956 191
356 556
376 60
538 66
565 66
469 106
717 126
1770 93
1416 176
876 86
2208 66
1418 66
784 179
870 126
1260 156
489 98
2070 126
421 66
830 86
456 146
830 86
446 151
547 56
809 86
348 146
1000 556
2402 48
1170 126
413 156
556 61
868 93
666 86
2370 106
639 56
1872 61
256 136
1063 449
420 106
2402 56
397 87
1008 46
1241 131
182 338
1616 66
350 179
306 179
1970 156
713 86
388 76
2056 93
687 184
760 156
158 305
2408 56
990 56
491 93
456 106
419 528
1402 86
1002 556
1020 66
2021 66
1486 56
780 197
876 106
721 356
390 137
706 576
1030 56
456 356
408 556
1950 46
1895 86
388 72
937 66
558 97
2402 56
1416 176
1260 66
553 489
341 93
990 66
341 530
600 157
882 86
2044 106
1266 81
1966 206
562 66
458 66
2070 93
663 156
620 157
406 116
386 121
2116 61
343 156
888 76
165 553
496 76
471 66
2116 56
1370 93
556 66
920 76
404 66
816 183
419 528
657 146
406 106
339 66
558 97
1210 126
415 66
830 433
406 126
688 66
1470 136
491 93
835 93
486 56
356 116
291 66
388 106
2266 66
530 158
540 206
1290 576
565 66
420 278
324 218
340 93
540 206
386 121
874 123
791 126
1829 138
291 66
456 146
2006 406
499 56
528 66
565 93
808 136
406 156
732 137
937 158
1895 86
1910 66
1556 106
1570 93
506 94
406 106
491 93
732 137
348 403
656 126
2003 414
158 285
640 87
338 146
1170 126
523 133
456 146
322 97
839 86
906 66
458 66
769 66
818 558
2026 66
224 429
391 97
86 489
620 176
656 196
835 93
783 308
406 156
1426 71
717 126
532 158
2161 56
768 556
842 137
868 555
445 66
1582 86
870 106
406 106
695 93
446 151
456 106
406 206
747 318
2005 66
2116 61
859 86
470 66
491 93
343 156
1030 336
981 76
409 251
2073 66
491 93
396 106
547 56
838 176
586 106
1419 56
123 936
325 136
393 126
891 576
769 66
491 93
1210 426
950 106
444 137
1288 86
768 126
785 76
870 66
220 66
441 66
486 56
422 126
422 126
1733 86
406 156
509 76
449 556
531 66
803 170
1000 93
870 93
1646 406
511 66
1076 66
158 285
420 106
416 76
1659 398
497 66
732 137
716 90
741 61
811 66
981 56
436 66
346 256
304 126
406 116
835 93
1826 449
547 56
421 66
226 196
809 156
326 66
182 397
1752 93
868 126
341 93
680 581
620 157
1826 66
656 126
206 66
713 86
1870 86
921 86
446 151
950 66
1598 246
470 76
888 126
1651 106
1651 66
769 56
556 60
975 86
1506 420
420 278
823 76
887 203
810 66
271 93
532 406
1306 64
445 66
320 296
316 392
540 206
1290 93
531 66
286 56
406 106
383 277
413 106
1135 76
406 93
818 558
798 453
482 86
1406 66
778 66
516 56
306 106
620 157
1326 66
408 136
966 86
1289 393
491 93
267 106
1170 66
321 93
405 162
491 93
778 66
620 106
343 156
920 76
321 66
1382 66
835 56
261 66
892 123
408 136
1106 61
471 66
898 106
540 205
289 1172
1646 406
981 56
158 468
469 106
198 323
1713 116
706 225
406 86
356 106
1028 421
456 156
471 66
341 93
808 187
536 56
1000 126
306 198
870 56
1752 93
366 66
447 56
769 555
318 106
663 66
471 66
409 86
870 66
306 126
2423 93
406 156
377 56
568 56
517 93
870 308
716 106
185 503
746 56
406 156
1030 56
406 136
1170 126
424 136
2426 56
181 280
406 183
202 894
1608 106
870 308
1000 93
489 98
181 436
458 406
392 87
391 97
256 136
891 126
329 76
477 126
767 137
370 66
456 106
251 66
467 106
172 469
406 56
294 156
491 93
306 93
406 56
717 66
396 106
736 107
511 66
1167 76
406 186
870 126
344 136
741 61
1210 546
406 136
549 97
785 66
456 156
811 66
1536 66
359 87
396 91
758 146
182 403
1770 66
1382 66
406 136
455 206
565 126
600 157
1406 93
316 392
419 528
202 894
770 86
406 156
1970 286
202 894
706 86
290 206
356 93
620 93
1908 86
770 241
743 86
406 156
384 456
1500 56
816 183
830 86
565 126
2126 46
480 793
1659 398
469 106
924 66
343 156
639 48
1808 346
456 156
469 106
758 146
422 126
855 126
406 156
241 66
788 66
456 106
393 889
420 106
1508 56
2071 46
424 136
501 46
327 96
2406 88
406 136
398 93
718 66
1076 66
438 406
1048 86
1020 56
123 936
270 106
2070 93
241 66
920 76
471 66
797 126
1808 346
406 106
256 136
396 106
594 66
930 86
568 66
880 66
359 87
2156 60
1170 66
206 66
467 163
845 126
761 93
2266 66
251 66
456 121
306 93
2406 88
770 556
328 256
486 56
455 86
540 206
2406 93
290 206
818 558
758 72
306 179
528 86
1843 575
491 93
446 151
1385 86
567 93
853 385
420 286
1210 546
2396 56
406 106
1556 586
830 76
620 93
388 86
496 135
695 556
937 158
271 93
791 126
928 123
710 66
860 67
775 336
1167 76
558 97
491 66
892 123
343 156
696 156
406 106
695 528
378 87
783 179
663 506
1940 538
828 66
2026 56
452 1206
408 136
256 146
289 1172
620 176
844 123
406 93
870 126
663 66
1556 586
356 558
889 406
356 106
891 576
2291 56
256 146
286 56
516 391
1966 576
587 56
1007 106
781 66
835 93
402 173
439 56
690 86
458 406
2070 93
808 187
703 288
415 66
1612 93
2288 48
547 56
406 186
471 66
421 66
1007 106
1382 66
320 107
530 106
486 56
306 106
501 66
376 97
306 126
1140 76
326 66
256 136
371 66
487 86
981 76
1048 86
959 66
484 576
2326 126
870 106
1406 66
870 126
1406 93
1033 93
341 93
174 307
593 417
769 56
341 530
799 76
1709 56
842 137
346 535
990 66
420 306
170 567
769 265
396 166
252 218
600 93
158 468
306 93
449 93
286 156
511 66
778 56
406 156
710 93
870 86
906 156
312 68
185 503
309 137
281 66
829 93
444 137
178 620
474 61
440 548
797 216
506 66
716 106
950 126
809 86
586 106
746 56
519 56
1940 538
706 56
406 106
663 66
640 56
420 336
408 136
869 86
823 76
406 86
786 56
851 137
491 93
966 106
220 86
663 66
808 136
791 126
66 802
657 146
392 183
1556 66
970 567
888 307
680 66
663 126
406 146
588 256
771 137
406 186
306 106
444 137
402 889
316 392
778 66
511 93
161 450
756 56
1326 66
769 56
86 489
386 121
268 406
1506 342
388 72
406 136
496 76
1556 586
370 197
341 93
283 87
316 392
676 106
1380 66
319 258
874 123
2286 48
768 93
666 146
438 406
538 66
768 555
895 86
531 66
750 93
2012 151
2026 56
1480 728
2070 126
406 136
703 446
367 86
406 156
872 61
2326 556
657 146
341 355
750 138
1055 126
843 187
256 136
343 156
424 136
842 137
835 528
1206 48
359 87
781 93
806 286
906 66
906 66
482 86
2402 576
624 175
853 76
420 308
491 93
1826 449
457 106
1155 156
990 66
1441 66
750 126
271 93
855 66
306 179
409 76
356 66
406 156
406 116
2406 93
2190 86
695 56
549 97
928 123
2411 58
835 528
1041 56
860 358
445 86
532 86
2060 66
1091 66
298 66
271 93
339 66
888 66
732 137
202 894
1426 64
785 76
1506 241
1836 56
431 66
1906 106
845 66
486 106
486 56
406 116
320 88
256 116
370 93
163 417
2406 56
371 126
803 170
256 146
409 76
600 176
406 106
870 126
808 136
536 56
251 66
781 66
656 126
165 553
1135 76
445 173
477 126
808 136
406 156
406 156
1002 93
921 86
1143 198
328 66
170 567
1260 66
620 157
2070 93
206 66
1155 156
789 137
687 184
386 121
256 126
406 116
445 66
1616 66
1140 76
781 486
516 414
580 76
172 363
745 126
339 68
438 436
791 126
1155 156
1770 93
960 66
842 137
386 121
845 126
606 66
491 66
406 186
870 126
417 116
470 106
600 157
452 86
420 278
812 56
456 106
341 93
421 66
491 93
768 555
309 137
1007 106
268 56
406 136
835 123
471 93
256 136
542 86
452 86
651 528
389 87
1000 93
491 93
1210 93
666 146
811 66
521 66
348 403
139 413
534 61
565 386
1010 307
891 66
1306 66
845 126
