1000
1220 2440
456 156
1788 356
2106 106
406 106
870 336
766 93
283 87
809 156
325 136
499 56
326 66
344 76
678 66
528 56
506 158
1410 126
408 106
1701 246
404 56
181 280
343 156
696 176
406 126
341 93
219 86
406 156
1002 556
530 61
1140 76
453 398
511 66
646 586
241 93
990 66
767 137
726 66
456 146
750 93
421 66
482 86
338 56
1260 48
1406 66
1416 176
2396 56
422 398
770 86
392 87
444 137
306 106
565 93
764 126
1314 93
406 156
406 156
406 106
491 93
486 56
198 323
600 93
338 56
1048 66
2426 56
391 66
2036 586
1802 76
791 66
406 106
501 66
466 126
188 86
680 66
422 419
406 116
810 66
1406 93
778 66
188 86
502 66
798 449
306 179
417 116
350 179
806 286
356 196
835 556
1593 106
1755 360
446 151
696 196
521 93
393 126
378 66
868 93
396 91
321 66
568 56
2093 206
1380 76
1416 106
458 86
288 56
700 336
703 442
745 66
657 146
1064 46
256 136
2070 126
452 1206
1658 86
406 146
888 126
558 97
874 123
356 206
420 93
271 93
511 66
369 204
347 86
818 558
1606 66
163 417
797 188
1210 406
1076 66
56 566
356 93
666 424
356 116
406 116
330 166
1370 93
406 106
328 66
771 137
928 123
806 93
356 116
291 93
558 97
868 93
845 126
206 56
406 146
256 106
271 93
663 126
1382 66
406 156
306 146
769 66
743 337
860 156
710 93
446 151
818 126
348 403
420 86
682 66
706 86
819 356
1470 106
86 316
596 187
406 156
1512 66
2226 106
309 137
449 106
781 48
1266 66
881 467
840 66
811 66
1788 66
320 258
165 553
406 166
436 66
2036 566
766 93
456 106
252 93
206 56
391 97
446 151
306 93
431 66
356 116
321 93
770 86
2070 556
523 133
756 66
366 66
2406 106
2206 56
388 66
913 88
819 93
181 436
406 186
420 278
870 93
820 93
880 66
406 156
174 566
406 156
268 86
449 93
113 928
1940 538
406 156
309 87
990 586
424 136
256 136
906 456
406 106
744 347
810 428
182 338
356 93
470 106
252 93
256 136
497 66
769 126
338 66
910 126
396 91
86 489
474 538
1931 66
306 126
449 126
1752 93
491 93
491 93
256 288
406 116
746 556
2028 66
863 56
2316 56
851 137
406 126
391 97
870 106
1866 61
199 356
1371 66
406 106
288 66
891 66
771 137
283 87
377 56
1520 76
676 106
96 106
516 66
181 280
436 66
417 116
388 72
1410 246
558 97
343 156
320 296
681 106
320 76
761 93
680 76
467 106
720 308
319 258
388 66
437 528
1406 66
406 156
776 66
511 93
667 536
406 66
421 66
732 137
508 206
1025 453
884 370
2286 48
356 116
471 66
348 403
417 116
1210 324
1215 106
402 889
758 146
736 107
1752 93
446 151
692 587
808 136
860 74
183 743
491 93
288 66
406 146
620 93
910 66
845 126
687 184
471 93
860 67
830 433
387 131
1210 93
416 186
2060 93
2316 56
406 86
796 56
1598 246
1716 216
960 126
881 467
316 392
741 86
931 271
1764 66
1438 625
297 56
327 96
1289 393
445 173
629 148
686 203
717 126
639 56
497 66
395 93
882 86
874 123
320 107
496 61
888 66
356 116
456 121
1920 91
1731 56
870 106
760 74
497 66
491 93
1556 106
1131 188
480 402
1030 86
306 93
919 93
663 187
2226 556
486 106
521 93
540 205
2068 468
1709 56
1063 449
298 66
406 106
921 86
406 136
491 93
231 76
2292 427
859 86
732 137
532 86
919 126
338 146
406 66
1170 88
486 56
482 86
844 123
420 93
438 406
990 66
750 768
556 546
811 66
646 66
746 56
681 106
1608 106
370 329
853 385
756 61
797 356
568 56
2326 556
306 336
750 126
391 97
695 93
806 286
458 106
1758 76
1870 76
797 126
521 93
1406 66
400 86
2006 93
491 66
1206 93
2316 56
444 86
853 385
771 137
271 93
188 86
898 278
344 136
521 66
371 66
446 151
155 463
1806 66
851 137
481 93
600 157
481 93
2067 56
348 403
594 66
1886 66
178 115
1870 86
920 76
1290 576
620 157
333 378
568 66
450 66
321 66
2321 152
1048 86
756 61
309 137
1553 465
536 66
348 146
158 468
530 158
893 356
2402 56
663 66
1188 86
396 91
417 116
686 203
1391 106
408 136
306 166
421 66
1550 93
737 66
251 66
406 56
470 287
1646 406
291 66
325 136
934 86
937 66
356 131
256 136
769 126
1271 66
796 56
696 176
456 106
364 68
391 66
532 158
354 121
778 66
388 66
2106 56
1326 66
806 106
406 96
338 56
392 87
440 548
186 285
304 126
950 106
1506 66
549 97
812 421
421 66
835 95
421 66
508 206
978 76
808 136
957 66
695 93
843 187
406 56
406 146
282 66
252 487
482 86
1538 385
770 126
824 106
753 354
404 66
906 76
397 87
808 136
417 116
339 146
178 620
1040 616
931 93
420 306
366 66
2070 93
309 137
321 66
1737 56
710 196
1406 93
778 56
720 308
593 417
888 336
241 66
806 236
467 106
471 66
252 93
268 56
456 66
2126 546
568 56
491 93
620 157
255 383
1526 56
388 72
828 93
823 76
388 66
2106 86
1866 61
1752 126
413 156
516 414
356 106
553 489
343 156
888 76
480 86
420 126
391 76
406 186
421 66
338 66
540 206
726 56
2396 56
629 148
906 93
1616 66
682 581
182 403
445 66
406 126
256 136
406 93
417 116
306 106
565 66
1506 66
500 66
347 66
870 66
399 56
241 66
952 106
806 61
895 86
2216 106
713 86
341 93
816 183
835 93
2121 88
521 66
1906 106
774 86
141 508
256 146
682 581
397 225
706 86
892 123
480 402
1764 66
319 258
282 66
868 93
399 56
565 66
497 66
247 93
1758 76
386 121
1251 61
477 126
1188 66
511 66
220 86
86 239
1140 76
302 126
538 66
206 56
570 66
344 76
309 137
406 156
528 56
769 66
2021 56
420 278
161 450
1355 386
406 136
422 126
489 98
366 66
1030 56
630 93
770 1110
771 137
533 61
835 123
501 66
174 307
835 123
406 156
1135 76
329 76
881 781
343 156
1598 246
106 106
406 136
501 66
1770 336
2406 66
906 468
366 66
256 146
781 56
456 156
2266 66
778 56
271 56
786 56
290 206
421 66
913 417
406 136
280 93
404 66
319 258
320 126
2272 91
433 156
858 106
838 176
1260 48
587 56
540 205
516 66
482 86
470 258
506 176
978 76
682 76
406 156
1056 86
1419 66
390 137
1500 56
2286 48
356 116
406 156
1646 406
1002 93
1976 86
388 72
420 66
528 66
778 66
783 179
437 528
456 146
356 176
769 66
269 66
306 93
1721 56
872 64
839 86
123 66
781 66
791 126
142 328
1788 66
600 176
256 126
1466 88
2046 56
370 66
309 137
391 66
1770 93
1398 620
784 56
1040 616
1271 176
78 338
532 86
396 106
363 172
465 156
446 151
371 66
829 93
1260 326
829 93
530 158
256 116
403 163
750 126
376 206
1953 86
720 336
2104 705
306 126
306 106
758 146
2402 56
269 66
565 93
325 518
376 60
770 128
2241 61
808 136
829 93
439 66
491 93
532 86
356 116
845 126
1900 98
600 157
232 824
540 206
406 106
238 76
516 391
1288 126
406 166
491 93
829 93
396 106
491 93
521 66
870 126
981 66
600 157
931 93
769 56
978 76
123 66
283 611
1615 76
406 156
2162 106
370 197
406 156
875 66
491 93
420 566
805 56
356 131
785 76
870 126
496 61
268 56
1598 106
2326 93
1179 66
1448 66
497 66
1188 66
486 56
511 66
424 136
1528 86
1752 336
378 87
1218 76
666 86
876 86
392 87
797 188
769 486
2190 86
163 417
639 48
406 136
417 116
346 535
86 239
769 56
1041 56
796 106
781 66
888 126
2216 336
2436 56
666 86
471 66
402 126
406 156
1246 406
406 156
288 66
270 106
835 93
421 56
521 66
891 66
1926 66
1550 93
1303 106
770 1110
2151 46
870 66
341 530
446 151
828 93
420 566
202 894
491 93
1260 156
185 503
1210 93
1350 76
406 166
787 56
448 468
396 91
872 86
526 66
1063 76
182 403
321 66
491 93
446 126
330 66
919 556
981 76
1000 93
155 463
406 146
1656 56
1636 61
406 66
880 66
447 106
348 403
421 66
366 66
202 894
816 123
873 93
906 456
668 166
521 66
771 137
529 469
170 567
620 157
321 66
1944 91
873 93
438 406
1871 56
438 406
420 306
356 176
1403 66
874 123
174 307
501 93
763 76
151 56
1255 56
781 66
550 770
657 146
2406 66
406 86
406 106
455 86
256 136
1556 66
56 218
178 620
870 106
1416 176
445 66
811 66
1382 66
202 894
309 87
1890 61
420 308
2068 468
511 66
876 106
429 468
906 93
306 146
540 205
785 126
406 56
406 156
368 66
268 76
1002 206
406 116
319 258
256 136
1406 93
446 151
256 136
1398 620
1076 66
1385 86
521 66
482 86
600 157
182 403
776 56
845 126
2402 576
271 93
280 93
444 86
870 86
476 126
406 156
1000 93
710 196
710 76
486 56
587 56
680 76
1550 93
600 176
398 93
872 86
511 93
1041 56
1170 66
156 788
298 66
271 93
713 86
489 86
356 116
1040 616
502 66
