1000
1220 2440
403 66
1131 188
1002 93
906 456
2406 106
2070 126
620 157
330 166
256 136
174 307
1998 86
761 486
1739 64
391 66
328 66
2326 93
823 76
978 76
1500 56
1910 66
487 186
251 66
439 56
420 267
338 66
663 66
141 431
291 66
789 137
781 66
1570 93
165 553
492 558
356 176
726 56
489 98
600 157
870 126
1570 93
320 296
179 176
1598 246
338 66
745 126
538 66
934 198
802 366
1836 56
990 66
141 431
252 93
788 88
1606 106
1770 66
774 86
516 391
484 576
870 126
324 56
516 66
206 56
1570 93
470 106
1290 93
406 156
306 93
1950 46
491 93
531 66
406 106
441 360
826 66
336 286
620 176
428 96
978 76
666 124
356 116
305 56
845 126
860 74
2070 93
370 66
620 157
872 61
1025 453
491 93
421 66
778 56
771 162
818 66
453 398
990 66
309 87
471 66
406 106
870 336
486 66
1970 286
489 98
406 116
106 106
829 93
870 106
741 86
2012 151
319 258
343 156
348 146
446 151
256 136
325 136
553 489
56 566
406 156
406 156
420 417
1802 76
808 136
421 66
851 137
413 106
789 137
532 158
656 196
86 268
568 66
948 66
785 76
842 137
500 66
838 176
450 66
286 136
491 93
178 620
853 385
1606 56
491 93
776 241
406 156
845 126
367 88
781 93
1289 393
449 556
957 66
721 66
2316 56
720 308
341 93
868 93
406 183
2006 93
224 429
325 136
1881 56
206 66
406 146
339 146
565 358
549 97
1266 66
1006 86
1356 86
342 166
406 156
366 66
611 257
870 106
791 66
1088 326
1546 86
386 121
682 66
326 66
516 306
938 106
784 179
491 93
406 106
543 435
811 56
220 86
780 197
319 258
853 403
808 136
870 336
2288 48
708 106
487 86
892 123
330 166
506 176
677 68
321 66
238 76
419 86
181 280
388 106
2370 106
1416 176
429 468
388 72
356 116
1403 66
798 453
1416 106
1966 206
1636 366
677 68
283 87
482 86
2402 93
406 106
406 106
960 126
155 463
406 136
880 66
446 151
1002 556
797 126
417 116
86 316
306 106
746 556
306 179
1895 76
696 176
2190 406
620 157
1155 156
359 87
849 126
286 56
1752 126
746 56
241 66
486 56
202 894
489 98
944 61
2326 126
1170 126
2316 56
986 66
663 156
1210 93
767 137
1908 86
785 76
321 93
185 503
2156 61
2326 126
2070 126
874 123
420 66
2048 336
465 156
668 166
1770 1010
421 66
406 116
439 56
813 360
870 126
455 528
491 93
558 97
329 76
456 106
650 894
1170 88
556 60
1970 156
783 179
620 93
420 106
789 137
174 553
570 66
356 116
168 346
446 151
421 66
769 126
1900 98
761 93
2060 66
1406 93
406 126
906 56
2301 176
491 93
306 126
406 156
786 56
565 358
1550 93
1170 66
2026 56
959 66
476 126
320 76
620 176
2382 556
438 436
1146 66
538 56
266 106
540 93
1606 56
784 179
1426 64
356 116
2126 546
396 106
388 72
86 268
2206 56
678 66
174 553
1659 66
491 93
736 107
421 66
496 61
391 97
1788 48
768 556
835 123
1210 546
288 66
851 137
1570 93
369 204
406 206
769 486
531 66
891 86
1210 545
816 183
406 86
516 391
2206 56
520 517
2266 56
681 106
626 126
620 157
1266 81
1616 106
856 156
406 136
567 93
174 76
788 66
720 126
1550 93
267 106
406 156
1806 66
406 56
1870 76
2316 56
516 137
345 535
319 258
486 56
339 66
2394 66
390 137
791 126
620 157
487 186
888 307
1659 66
677 68
199 356
870 56
1826 449
491 93
2406 93
1770 66
667 536
291 66
855 126
420 86
975 86
421 66
538 66
406 156
309 137
906 76
806 93
990 66
898 66
791 66
396 106
201 86
458 66
186 285
86 489
843 187
388 106
405 162
808 136
570 237
370 256
1906 66
356 176
2070 93
148 739
990 66
202 894
238 76
943 76
420 66
2106 86
741 56
2070 93
343 156
568 216
758 106
438 436
737 66
241 93
908 61
406 56
406 156
1534 66
406 106
870 106
808 136
1550 436
359 87
1006 86
491 93
1000 93
682 76
377 56
888 307
758 72
422 126
321 66
386 121
339 66
206 56
1210 545
146 466
952 746
808 136
920 76
406 126
1406 66
448 468
256 146
756 556
406 186
808 136
532 86
406 106
186 285
890 66
491 93
251 66
388 76
188 86
445 66
202 894
406 56
543 435
600 157
458 66
2005 66
456 336
388 72
1566 66
835 93
791 66
806 286
891 126
480 452
766 93
1570 93
344 126
341 93
706 86
781 93
406 116
849 66
1000 93
1326 66
2326 93
2093 206
732 137
1565 123
356 176
511 66
371 536
629 148
768 93
406 186
858 86
330 66
770 93
978 76
185 503
534 61
770 241
456 156
1870 86
1406 66
308 106
511 66
893 66
420 66
392 87
960 566
758 146
2382 556
1659 398
406 86
719 172
366 56
695 528
66 506
990 66
521 93
391 97
950 51
329 136
700 126
990 66
2216 336
306 179
437 528
1000 126
471 93
953 86
409 76
528 66
356 106
256 136
359 87
538 66
421 66
456 66
202 894
786 566
456 146
808 136
148 535
639 56
2106 56
241 66
438 406
981 56
420 278
896 203
855 66
1290 93
419 86
1350 76
851 137
220 86
680 66
378 87
453 398
1266 81
526 66
392 87
256 136
1586 63
491 93
783 68
811 66
838 176
2259 555
438 436
948 456
388 76
309 137
174 307
1131 188
338 76
206 66
710 196
774 179
1056 246
558 97
809 86
2423 93
530 106
396 106
324 528
764 126
870 336
406 106
417 116
830 86
872 61
1512 66
491 93
858 216
386 106
458 66
370 66
396 166
439 126
802 93
491 93
620 93
486 56
169 386
1863 56
458 66
467 106
491 93
420 86
745 66
370 93
1070 106
406 86
420 278
491 93
286 136
1251 61
316 66
882 86
185 503
261 66
404 66
511 66
778 66
1836 61
809 86
1418 66
840 66
333 378
606 239
891 256
406 186
1390 98
1995 106
970 126
1586 56
2156 61
1752 126
1404 468
406 156
902 385
806 61
220 86
420 336
1870 76
745 126
406 136
406 116
808 136
869 86
359 87
203 397
491 93
426 93
306 93
421 66
1002 556
2106 56
756 66
788 66
155 463
86 268
646 86
406 545
769 126
580 56
1290 93
359 87
1658 86
870 126
771 137
756 336
343 156
290 206
745 93
241 66
778 66
386 121
1870 86
491 93
646 66
455 86
952 746
1006 86
1006 126
506 176
446 151
509 76
1218 76
231 76
399 56
356 66
2106 106
231 76
256 93
1506 420
1586 56
390 86
856 126
391 66
406 136
406 156
750 126
2056 93
891 126
248 66
163 417
887 203
422 419
710 66
892 123
1178 218
928 123
870 126
620 157
600 157
436 66
497 66
2086 66
740 86
788 106
842 137
750 740
497 66
341 93
406 106
2288 66
835 56
356 93
406 156
178 620
891 66
499 56
467 106
957 66
502 66
458 66
1956 191
1788 356
499 56
819 332
256 136
406 96
1391 106
202 894
620 93
1536 66
1606 66
2371 66
849 66
420 566
538 66
1570 406
491 93
919 126
406 116
397 87
281 66
429 468
856 126
325 136
921 86
806 93
321 66
356 558
370 86
306 179
393 126
256 136
596 187
1172 517
456 121
870 86
369 204
732 137
2026 56
1390 98
447 106
491 93
406 156
565 358
768 93
511 66
448 468
620 176
421 66
343 156
406 156
620 93
981 66
646 66
666 424
528 86
406 116
406 126
1550 93
386 66
406 186
406 106
540 205
1550 93
220 86
1870 86
659 56
406 156
1636 116
406 126
501 66
990 558
501 93
161 449
502 66
1326 66
606 586
771 137
406 156
823 76
523 133
696 88
556 466
271 93
1210 126
1726 66
406 206
409 76
388 72
1881 56
1770 326
532 158
769 486
356 558
809 86
181 436
540 206
990 126
491 93
517 93
406 146
2288 48
256 126
803 421
446 126
1356 116
1786 56
448 468
406 106
96 106
170 567
406 106
784 56
1656 66
1402 86
1380 66
256 136
812 56
252 218
826 66
1555 372
523 133
370 66
300 267
540 205
565 126
789 137
406 86
1770 66
316 392
1007 106
2316 56
366 66
1441 66
538 66
1770 93
2382 556
620 106
606 66
978 76
333 126
1260 66
870 86
286 156
761 66
830 76
758 72
706 576
374 126
1556 106
2036 566
1648 93
471 66
855 66
111 395
497 66
486 66
700 336
1416 176
558 97
906 66
406 146
181 280
768 93
182 397
950 126
696 56
761 106
540 205
283 87
206 388
511 93
656 93
2064 86
406 56
824 66
620 93
2070 93
1612 93
1390 466
819 93
306 146
406 206
480 452
534 61
891 86
768 93
868 555
2091 56
1135 76
406 106
1788 48
181 280
1666 46
774 179
491 66
1260 86
356 93
1506 106
396 106
2226 556
1306 66
600 157
338 146
371 126
1615 76
406 156
849 126
306 146
655 184
776 76
419 528
403 163
256 179
1826 449
558 97
409 86
252 246
990 56
346 535
1546 414
805 56
486 56
842 137
429 468
1931 66
203 397
390 86
768 93
2382 556
486 66
356 131
1770 1010
1788 66
616 126
781 93
470 106
155 463
387 131
920 86
540 93
836 66
1056 61
528 66
391 97
808 136
811 66
870 66
106 106
