1000
1220 2440
252 93
756 56
456 106
486 438
721 66
343 156
695 93
756 556
639 56
682 581
771 162
367 206
1713 116
371 508
708 106
789 66
448 468
256 136
406 156
406 56
919 556
891 390
86 316
565 66
1266 66
374 126
1179 76
943 76
457 106
417 116
806 286
797 188
719 172
2426 66
739 285
2226 556
2106 306
2406 56
206 66
588 56
811 56
474 61
540 205
703 288
1306 66
296 156
893 66
324 528
523 187
482 86
990 66
2402 93
445 576
1755 360
482 86
491 93
406 116
406 56
139 413
910 126
1002 93
181 436
131 1163
491 93
1906 106
1534 48
413 156
321 66
781 93
341 93
806 236
388 72
288 66
491 93
474 61
818 66
676 82
261 66
868 555
1188 61
2286 48
829 93
1770 93
843 187
1500 56
620 176
371 66
1030 76
1946 66
718 66
515 56
845 126
855 126
441 66
406 56
371 66
406 86
1636 61
769 486
1755 360
56 218
981 56
320 76
1601 381
1135 76
2326 126
369 204
1570 93
819 126
406 116
456 121
531 66
405 162
702 355
710 196
791 126
2356 106
306 179
540 206
270 106
640 56
1260 86
1733 86
745 318
870 106
620 157
86 288
399 56
429 307
306 179
1758 76
809 61
663 187
1703 66
288 66
816 616
428 96
2288 48
406 56
330 436
456 146
163 586
422 548
1770 336
241 93
421 66
1506 66
343 156
1788 66
840 66
860 74
806 93
643 884
781 66
1556 586
666 420
329 76
880 56
549 97
406 106
1886 66
356 176
181 280
386 121
2005 66
600 157
406 126
181 280
2326 66
888 307
429 468
359 87
409 76
760 156
990 56
1870 86
726 96
408 136
1170 126
874 123
1520 76
600 93
2382 556
406 56
934 86
516 414
521 66
2016 151
388 66
1002 93
309 97
856 126
882 86
421 66
778 66
2070 93
1550 93
397 87
491 93
2292 427
781 66
470 126
406 126
870 66
341 93
190 453
769 66
142 328
491 93
2016 151
666 146
975 86
839 86
364 68
406 156
769 486
1406 66
441 358
456 66
2406 86
496 61
1508 56
783 528
266 106
835 93
325 136
771 137
413 93
1818 86
2026 56
562 66
356 106
1843 575
2280 66
343 156
781 66
830 56
455 86
787 56
1063 453
388 86
888 336
446 151
870 93
406 116
241 66
842 86
406 56
406 156
350 179
1271 176
960 126
1382 66
396 166
549 97
880 66
406 106
716 106
2190 86
306 179
1406 66
1995 106
893 86
1306 56
796 124
268 86
516 56
1441 66
420 106
1895 76
343 156
1870 76
2046 66
491 93
440 548
2021 66
366 66
106 106
1550 93
690 86
1570 93
1886 66
686 203
720 126
241 66
806 286
1406 66
406 126
1355 66
316 392
155 463
921 86
186 285
809 86
420 336
1402 86
606 336
928 123
489 98
2316 56
406 56
356 116
2348 536
819 332
1586 56
663 66
532 158
399 56
720 308
406 106
990 586
271 93
491 93
893 86
2064 86
1746 66
170 196
2070 556
892 123
271 93
420 336
270 106
456 121
887 203
348 146
506 176
870 126
469 106
1470 106
808 136
1659 66
1041 56
1895 76
1788 356
876 86
872 61
441 66
667 536
695 56
448 468
1758 66
1966 56
1385 86
86 489
789 137
870 126
148 535
304 126
390 137
2071 46
491 93
306 93
371 66
368 66
870 126
858 106
600 157
470 138
420 66
1752 336
781 93
798 453
309 137
406 126
1556 66
1506 66
506 158
356 116
406 86
306 179
486 56
306 166
811 66
869 86
975 86
695 93
206 870
612 257
836 66
568 66
295 97
486 66
445 66
803 170
1236 306
506 66
341 93
1000 126
888 126
666 556
420 106
774 179
1788 66
141 48
291 278
1071 285
1391 106
657 146
178 620
565 66
386 121
780 197
306 146
941 66
418 66
476 126
806 93
888 66
343 156
491 93
408 136
776 76
366 66
312 68
406 106
1241 131
446 151
356 116
448 468
1288 86
695 93
424 136
420 106
981 56
779 545
808 136
842 137
769 66
767 68
1419 56
470 66
1391 66
567 93
325 518
838 176
241 66
769 56
256 116
456 106
771 137
406 156
306 106
2026 66
732 137
695 56
771 137
456 146
835 56
86 970
471 66
417 116
343 156
806 286
256 136
306 179
497 66
838 176
298 66
412 528
2190 406
1218 76
620 157
2005 66
785 76
1356 116
769 126
858 106
858 66
2216 336
639 56
399 56
620 93
338 66
142 328
445 126
543 416
990 66
746 556
766 93
419 86
423 310
540 206
471 66
785 126
176 506
1881 56
784 56
1380 76
1055 66
767 137
417 116
406 156
2292 472
199 356
1206 106
2402 56
887 203
669 86
784 179
1215 106
446 151
750 768
491 93
271 93
770 556
538 56
206 66
395 93
868 93
785 76
846 66
404 66
960 566
406 146
341 93
356 116
396 91
710 93
771 137
677 68
813 360
1289 402
377 56
2286 48
1550 93
419 528
344 126
491 93
2226 556
798 449
540 206
1140 76
388 66
703 446
1770 66
388 76
406 146
181 436
406 56
1056 66
178 115
170 196
1290 93
811 66
506 106
855 126
1241 131
829 93
406 146
417 116
388 106
470 138
568 66
928 123
220 66
600 157
456 121
1946 66
829 93
449 106
2406 93
477 126
170 567
391 66
497 66
256 136
220 86
449 106
824 66
1306 64
2266 56
950 51
1172 517
180 453
196 56
906 456
256 93
906 468
797 66
670 238
336 197
437 528
937 158
540 206
256 136
1063 449
570 237
320 126
521 93
420 66
2106 106
593 417
406 166
659 48
1406 93
176 307
565 126
406 126
421 66
511 93
2402 576
990 66
467 106
251 93
913 417
256 136
823 76
66 846
468 66
406 66
446 151
339 126
570 66
839 76
456 121
806 56
726 96
1426 64
1260 156
1290 576
1289 406
406 86
1962 106
356 93
338 146
931 271
491 93
2406 93
188 86
606 278
888 336
1843 575
155 463
1550 93
453 453
436 458
406 156
596 187
391 97
556 64
1926 56
406 146
888 126
802 93
470 306
2005 106
356 116
183 743
756 556
882 93
1070 106
767 68
745 126
408 106
491 93
872 61
808 136
202 894
86 239
547 56
163 417
797 66
892 123
842 137
835 56
646 86
497 66
769 66
496 92
321 66
497 66
86 316
890 106
482 86
778 56
1296 166
497 66
1002 93
406 156
356 106
1946 66
487 186
371 66
855 66
1441 66
736 107
370 66
2216 336
521 66
388 66
540 206
769 66
978 76
356 116
329 76
1056 61
808 136
1770 326
2216 66
491 93
391 66
960 66
465 156
446 151
491 93
470 258
445 66
930 86
491 93
496 135
511 66
390 86
2036 586
206 56
565 358
888 76
392 87
306 106
203 397
256 136
499 56
433 156
420 106
379 225
1570 93
491 66
421 66
639 48
811 66
320 86
937 66
429 468
821 93
408 556
600 176
620 93
501 66
939 86
344 126
1840 106
808 136
786 56
421 66
377 56
420 86
268 56
521 66
471 66
1752 336
855 126
286 156
528 66
471 93
509 76
745 126
824 66
491 93
491 93
600 157
283 87
158 468
870 106
540 93
501 66
2206 51
491 93
333 126
1206 106
286 86
1606 66
620 157
769 66
737 66
321 66
1755 360
2286 48
870 106
406 136
1418 96
776 56
636 196
290 187
185 503
770 56
182 403
406 136
433 156
639 56
155 463
2266 66
386 121
491 93
344 76
406 106
1350 76
298 66
600 176
889 406
1636 116
1755 360
471 66
706 66
835 123
1665 56
855 126
481 93
406 186
1550 93
356 116
1355 66
392 87
206 56
258 106
1170 88
491 93
538 56
600 93
1040 616
252 93
406 106
255 383
2073 66
706 225
1556 66
868 93
406 116
356 116
1289 393
540 206
784 179
356 93
1570 93
186 285
2006 406
456 156
261 66
769 126
220 86
868 93
509 76
406 106
420 308
198 323
406 136
163 417
316 392
808 136
206 388
422 398
502 66
391 97
906 66
1002 93
829 93
1146 66
261 66
406 106
1688 106
1290 576
872 86
520 517
778 66
558 97
183 743
369 66
943 76
906 93
185 503
650 894
406 66
306 93
1733 66
529 469
1091 66
826 66
635 126
2326 556
406 156
2026 66
842 137
2003 414
406 56
2396 56
531 66
501 66
1091 66
1390 466
421 66
768 556
343 156
456 106
370 197
406 156
476 126
1006 126
521 66
396 106
86 288
1176 66
518 56
1306 66
1755 430
1659 398
291 66
1526 606
356 116
386 86
1526 56
870 93
268 76
808 136
1260 156
1616 66
280 93
271 66
392 87
628 126
256 136
309 87
786 56
491 93
2288 48
406 91
1106 61
870 66
784 56
889 406
663 187
1290 93
781 48
254 76
835 123
558 97
420 308
823 183
386 121
304 126
990 126
391 97
333 126
406 126
549 97
811 486
471 66
306 126
1419 56
420 308
808 136
858 56
745 93
888 548
534 61
406 116
232 406
406 56
2026 66
730 236
1659 398
888 307
2066 506
86 489
343 156
756 556
906 76
281 66
256 136
620 176
959 106
2016 151
174 307
343 156
406 156
538 56
406 106
2068 468
635 126
806 56
612 68
769 126
710 76
937 66
521 66
726 134
760 156
271 93
1570 93
486 66
406 106
906 456
417 116
620 157
2106 93
421 66
465 156
406 156
388 72
876 86
406 106
895 86
392 87
