1000
1220 2440
791 126
620 157
1385 86
835 93
417 116
1709 56
241 575
2026 66
870 106
252 487
910 467
570 237
1616 66
396 91
450 66
808 136
811 66
568 66
356 116
406 126
2382 556
456 106
491 93
568 56
1210 126
2070 93
669 86
506 158
309 87
338 56
2382 576
366 56
415 66
198 323
391 97
1276 166
396 166
906 456
732 137
406 56
891 576
844 123
406 136
706 576
919 93
417 116
870 93
1556 93
511 66
476 126
406 126
695 93
875 66
851 137
309 237
540 205
1733 66
420 93
511 66
2236 86
819 126
2272 86
163 417
181 436
2210 93
406 106
2146 93
781 66
1659 398
677 68
182 403
1314 93
348 403
808 136
836 66
271 93
163 417
534 61
491 93
486 66
306 126
829 93
2121 88
826 66
420 66
256 136
1666 61
1966 206
1135 76
771 137
232 824
774 86
321 66
178 620
406 156
808 136
959 106
364 68
155 463
256 146
306 106
406 156
344 126
339 146
516 391
481 93
356 176
2121 56
938 66
445 173
80 338
565 66
975 86
491 66
570 66
680 581
441 66
1688 106
255 383
406 86
453 363
406 116
511 66
406 106
511 66
456 106
858 76
446 151
491 93
291 66
568 56
549 97
170 567
2068 468
818 586
839 86
406 136
506 66
343 156
405 162
666 171
1648 93
366 486
396 106
501 93
491 66
506 396
316 392
448 468
491 93
565 93
783 528
269 66
756 556
1895 76
163 417
872 64
163 417
420 93
639 288
785 76
808 136
366 66
806 93
424 136
306 166
142 328
1872 106
370 86
161 449
2396 56
1570 158
2241 61
1063 449
319 294
420 278
596 187
758 146
910 66
2292 472
1506 106
188 86
747 328
283 87
803 170
870 93
123 936
561 141
181 436
270 106
406 56
2316 56
506 66
374 126
306 126
80 338
306 126
950 106
710 196
805 56
470 66
1733 86
354 121
870 576
406 126
406 156
1843 575
835 95
367 88
339 68
491 66
379 225
398 93
1385 76
842 137
1326 66
767 137
1188 86
241 66
406 126
341 530
532 158
540 205
446 151
185 503
186 285
465 156
808 136
396 106
1970 336
913 417
391 97
888 126
558 97
891 86
521 66
339 146
350 179
828 66
906 93
1770 66
811 486
276 106
2382 556
456 106
441 66
336 197
1737 56
471 66
496 61
1380 76
975 86
341 93
556 66
596 187
406 86
620 176
1870 86
420 106
676 106
2406 106
1056 61
890 106
258 106
123 936
787 86
859 86
2064 86
406 106
1716 93
1000 93
1601 381
695 556
2116 86
511 66
256 146
497 66
1966 576
1030 336
1606 66
206 66
870 106
651 528
491 93
421 66
855 66
322 97
761 93
768 93
1430 88
366 66
797 66
390 86
506 61
1970 156
343 156
486 56
471 66
199 356
420 336
811 56
371 66
891 66
580 56
2190 86
606 336
509 76
880 66
528 66
870 93
421 66
406 126
844 123
538 66
1946 66
309 137
567 93
588 56
406 156
1416 176
906 93
371 126
163 417
818 66
870 106
1002 93
342 166
471 66
406 116
811 66
2012 151
888 76
186 285
516 66
471 66
406 106
306 166
663 66
396 166
309 137
1418 96
1508 56
392 87
471 66
406 156
781 93
695 93
1570 93
2070 126
437 86
1390 466
785 76
721 66
1973 489
220 66
224 429
830 86
835 93
367 106
256 116
726 96
406 66
406 116
406 126
818 66
370 66
470 106
370 66
769 126
770 126
1419 66
2005 66
251 66
1550 86
1512 66
2012 151
420 93
496 86
1872 106
356 93
2226 556
1752 126
378 225
2266 66
528 86
202 894
185 503
470 76
530 396
469 106
1565 561
565 386
904 406
2366 66
501 66
870 106
695 93
421 56
657 146
906 93
185 503
386 121
942 86
251 93
482 86
797 188
496 61
1406 66
309 137
868 126
796 56
1416 176
1550 436
706 66
506 106
1221 56
458 86
406 156
491 93
1306 66
1788 48
178 620
181 280
341 93
716 90
870 126
620 106
1826 449
524 173
406 106
1731 66
290 187
391 97
241 66
470 126
646 66
474 538
880 66
785 66
482 86
710 196
476 126
178 115
778 66
806 56
565 93
422 419
445 86
870 576
2104 705
1206 93
406 106
855 126
858 66
906 468
2012 86
409 76
872 66
808 136
547 56
316 392
1210 93
170 567
629 148
406 56
251 66
1416 176
874 123
824 106
768 126
2206 56
2016 151
708 106
256 116
948 126
1570 93
388 86
1651 66
808 136
1063 76
406 106
882 86
1010 307
1820 66
892 123
549 97
959 106
396 106
370 86
797 188
606 586
486 66
829 93
491 93
842 137
406 183
1570 406
321 66
1752 93
386 121
2288 48
470 66
406 106
1306 66
1041 56
491 93
849 66
868 556
163 417
616 66
1962 106
655 66
810 66
1566 66
920 76
319 556
761 93
769 66
320 126
406 106
1306 56
639 56
261 66
251 93
186 285
417 393
304 126
170 567
298 66
271 93
458 66
1416 176
758 106
366 486
888 76
817 93
1406 93
306 106
2124 86
356 116
428 96
482 86
876 86
1550 556
726 134
741 61
201 86
288 66
678 66
849 66
1406 93
227 832
809 106
1670 106
771 137
620 93
819 93
1788 66
491 93
309 137
756 66
298 66
1555 372
2190 86
316 392
1570 93
530 158
1241 131
567 93
1215 61
666 424
354 121
888 307
906 66
2388 86
835 123
337 106
826 66
458 66
744 347
702 353
1616 66
796 124
2206 56
806 93
639 48
528 56
682 581
417 116
1920 91
2044 106
306 106
570 256
870 66
835 556
781 93
540 205
406 156
2326 556
389 87
884 370
966 106
869 86
706 66
928 123
356 236
456 106
491 66
785 76
835 528
436 286
224 429
656 93
700 126
2026 66
950 51
808 136
430 421
534 61
764 176
492 558
558 97
220 66
508 126
366 66
467 163
758 146
1752 93
2067 56
220 86
620 93
436 66
182 403
2068 468
732 137
808 136
1210 324
370 66
930 56
1534 48
506 66
430 421
777 203
424 136
406 86
241 66
741 56
136 185
396 91
1063 449
870 548
376 60
1055 66
784 179
406 166
378 87
845 126
1944 91
1419 66
406 106
1550 86
306 126
1306 56
562 66
2316 56
962 126
356 93
870 106
2439 93
2060 93
338 66
870 106
66 536
884 370
681 106
370 256
456 106
769 486
422 126
390 86
238 76
1356 116
1007 106
458 66
348 403
565 93
417 116
1520 76
406 156
486 56
2048 336
781 556
783 548
1615 76
437 86
441 66
950 86
1806 66
781 48
1739 66
456 66
905 198
2006 93
420 93
612 257
406 106
919 126
368 66
1002 93
86 288
938 106
2005 66
2046 56
1063 76
835 528
860 358
449 556
549 97
870 66
788 66
415 309
304 126
481 93
406 56
491 93
343 156
600 93
538 66
413 156
905 198
891 126
482 86
835 76
156 788
341 530
180 453
856 126
760 56
767 137
501 66
2064 86
437 86
783 68
446 126
875 66
760 74
2406 88
406 156
501 66
158 305
746 556
406 93
1688 106
1210 93
131 1163
783 179
388 106
870 93
406 156
668 166
344 126
456 156
745 126
320 126
356 106
1041 56
491 93
959 106
830 86
406 56
186 285
511 66
406 116
458 66
620 176
420 336
863 56
1966 206
291 66
406 156
1441 66
2348 66
756 66
172 363
927 256
870 106
2368 468
404 56
948 66
2382 556
1770 93
1966 206
777 203
1048 106
481 93
1586 56
534 61
1953 86
406 86
516 391
446 151
1739 66
406 156
845 66
420 106
851 137
568 66
486 56
406 156
321 66
2070 93
540 206
256 146
338 66
106 106
447 56
741 56
818 558
970 567
663 156
808 136
1666 46
346 126
538 66
1550 93
256 136
339 66
106 717
1820 93
777 203
421 66
868 555
1788 356
870 93
588 66
320 286
1210 546
406 136
2426 76
424 136
291 66
797 126
696 56
990 66
446 126
565 386
1586 63
356 206
397 87
271 93
1355 66
422 419
1826 66
406 166
332 68
870 126
258 106
86 489
680 581
390 137
356 116
788 66
291 66
386 121
446 126
1526 88
2070 93
1870 76
1326 66
808 136
670 575
540 205
594 66
256 136
838 176
465 156
745 318
842 137
825 86
438 406
1406 66
565 66
1326 66
2006 93
806 93
781 66
1146 106
606 66
913 417
406 66
838 176
356 206
471 66
406 156
66 846
491 93
818 66
286 156
1406 66
1108 57
199 356
2070 556
329 136
706 86
417 116
378 66
219 86
436 66
186 285
491 93
406 156
386 121
402 889
771 137
306 179
540 93
736 107
491 93
2103 556
359 87
1063 449
501 66
1550 436
1508 56
798 453
291 66
406 116
532 86
182 403
356 93
511 93
620 570
682 76
858 86
870 106
870 106
1733 106
908 86
868 93
1976 86
341 93
338 56
695 56
1028 421
766 93
1402 86
809 156
487 186
406 156
497 66
406 136
651 528
497 66
406 146
868 556
789 137
928 123
1110 236
306 93
2436 56
406 156
1752 93
251 93
808 187
703 446
811 66
406 56
1550 420
511 66
356 324
716 106
388 72
888 66
319 258
1906 286
816 183
406 146
442 527
367 106
391 97
406 146
819 66
600 176
348 403
768 555
338 66
356 116
758 72
281 66
666 86
356 116
1188 66
771 137
344 76
370 197
341 93
1570 93
406 106
872 86
406 156
