1000
1220 2440
887 203
1326 66
1556 586
764 126
764 136
180 453
142 328
1020 66
161 449
848 453
2151 46
329 76
256 106
271 93
446 151
1071 285
1326 66
808 136
413 93
2070 93
491 93
408 136
1002 93
2406 56
390 137
256 179
141 48
1306 56
870 106
458 66
758 72
1788 66
636 196
491 93
761 486
2006 93
770 56
1733 66
1002 556
374 76
1355 66
1688 106
839 76
910 126
600 157
835 93
436 66
1636 366
620 157
2326 126
298 66
174 76
2286 48
695 93
470 106
306 179
306 106
2044 106
781 66
1110 236
406 156
1598 246
910 66
700 318
446 151
406 156
202 894
1290 93
497 66
1843 575
391 66
741 56
342 166
1306 66
2226 556
252 93
113 427
282 66
2326 66
1055 66
202 894
786 56
1506 106
870 93
291 93
806 286
1402 86
818 323
281 66
256 136
497 66
430 407
549 97
181 436
1881 56
406 126
869 86
906 286
406 106
1390 98
2005 66
1966 56
366 56
540 205
421 66
422 548
1556 586
538 66
181 280
930 61
366 56
838 176
2272 91
406 116
406 106
771 137
455 226
666 171
1550 93
283 87
1385 76
534 61
511 93
600 157
86 970
538 66
1179 206
612 257
386 121
2131 56
1056 66
874 123
178 115
457 106
2402 56
428 96
1007 106
797 188
570 86
376 60
812 86
547 56
446 126
797 66
406 156
696 56
1956 56
740 86
2439 66
1586 63
501 66
2070 126
471 93
338 146
518 66
456 66
1306 66
178 620
366 66
2288 66
321 93
320 303
294 156
882 86
445 173
446 126
406 66
429 307
417 116
439 66
123 66
2236 86
474 538
298 66
768 93
770 128
1666 46
1251 61
431 66
528 56
424 136
256 116
818 66
359 87
2402 48
491 93
359 87
415 307
477 126
491 93
784 56
860 156
509 76
406 186
356 116
1048 66
282 66
823 183
2048 336
695 56
316 66
695 56
2026 56
433 156
456 156
2368 468
1020 56
804 406
491 93
406 156
458 406
469 106
760 156
1953 86
2216 336
775 166
786 88
975 86
829 93
399 56
818 66
868 126
390 97
856 126
540 206
849 126
547 56
1843 575
808 136
568 216
392 87
882 86
2216 336
1406 66
180 453
1966 206
248 66
306 106
446 151
330 66
1260 156
1088 326
421 66
766 93
386 66
1390 98
2091 56
620 157
870 308
1716 93
406 116
786 236
663 506
882 86
1338 256
778 66
2226 348
406 56
970 106
1659 66
808 136
438 436
2091 66
296 156
729 86
2439 93
327 318
988 106
396 91
337 106
1550 93
324 218
587 56
1179 66
540 205
882 86
874 123
593 417
785 76
183 397
690 76
808 136
836 66
1550 93
750 126
391 66
703 288
306 106
1512 66
2070 93
396 91
404 66
486 56
155 463
1752 93
406 106
888 66
390 137
356 176
402 173
1391 66
788 66
470 286
1895 76
870 126
501 66
776 66
888 307
370 356
556 61
1870 76
746 88
769 126
2011 66
356 66
875 465
1210 324
695 93
761 486
181 280
199 356
1260 86
532 86
2348 66
856 156
812 86
682 76
789 137
860 56
528 66
158 468
185 503
1598 246
717 126
295 97
2210 206
838 176
663 156
808 136
206 56
838 176
1566 66
348 146
835 123
1355 66
406 186
446 151
406 146
937 158
580 56
347 66
181 280
406 136
767 137
1218 76
471 66
356 116
1289 393
306 106
1206 93
1091 66
1665 86
417 116
356 116
481 93
444 137
158 305
271 93
151 56
2406 86
611 257
663 66
771 137
530 158
1289 406
356 324
252 93
2106 56
291 66
481 93
2316 56
386 121
791 66
680 66
1406 93
835 123
600 176
366 66
1167 76
386 121
1406 66
268 56
2388 86
830 76
666 86
756 556
456 121
626 126
298 66
320 88
745 66
1404 468
1066 336
1606 66
406 56
870 126
2026 66
486 56
771 137
1290 93
1612 93
491 66
823 76
269 66
2226 348
1258 106
931 93
2382 556
406 106
539 503
806 56
406 106
531 66
532 86
532 158
406 116
268 56
516 66
341 93
887 203
778 66
796 124
321 93
341 93
521 93
406 106
406 126
440 548
528 56
406 146
796 95
406 126
806 93
910 576
880 66
565 126
809 86
319 258
406 186
480 56
356 116
452 86
570 86
290 187
438 66
390 137
366 56
1973 489
406 166
2116 56
1416 176
646 586
811 56
521 66
221 389
1041 56
487 186
1570 93
449 106
2326 126
343 156
502 66
779 66
888 336
726 66
491 93
2236 86
1416 176
1659 398
1906 66
1716 93
855 126
456 336
706 86
891 86
600 176
506 48
491 93
1973 489
406 116
620 157
296 156
2396 56
470 286
533 61
186 285
406 106
2216 336
818 66
659 48
586 106
570 256
851 137
2346 66
163 417
444 86
1206 106
422 398
1326 66
388 72
406 56
906 66
286 136
549 97
424 136
808 136
797 66
2067 56
2070 126
291 93
490 66
898 106
186 285
769 126
406 156
898 66
870 106
656 126
370 66
2036 586
502 66
480 452
291 66
406 156
1788 66
406 156
2382 556
163 417
344 126
406 106
491 93
1450 76
526 66
600 157
1416 176
1188 66
406 126
413 136
341 93
267 106
829 556
1215 61
1606 426
491 93
666 86
388 72
183 743
1108 57
2106 86
345 535
840 66
928 123
1659 398
148 535
406 86
506 176
2070 126
449 93
182 403
808 136
781 93
829 93
717 66
667 528
816 183
533 61
202 894
497 66
1179 76
330 66
391 97
816 616
406 156
528 66
268 86
2286 48
1406 56
474 61
540 206
185 503
141 508
391 97
663 506
2046 56
1500 56
1534 66
840 66
420 66
417 116
2162 106
388 76
421 66
256 146
960 566
306 93
1970 336
348 403
350 179
942 86
1636 116
86 316
2382 556
182 433
1534 66
417 116
536 56
1802 76
823 76
406 106
345 535
1290 93
298 66
163 417
860 74
532 86
255 383
811 486
409 76
298 66
291 278
496 61
449 106
356 93
1836 61
745 126
406 156
1070 106
256 93
420 308
696 88
906 66
587 56
769 126
769 56
248 66
309 87
406 66
491 93
2190 86
142 328
406 106
2316 56
456 121
188 86
389 87
406 56
768 126
516 391
496 135
2286 48
406 156
934 198
406 126
888 307
356 93
241 66
745 66
388 72
406 156
2116 61
281 66
406 206
417 116
1534 48
306 126
406 156
256 136
880 66
390 137
870 93
111 395
500 66
378 87
170 226
482 86
1288 126
829 93
1962 61
123 66
481 66
497 66
458 406
1733 86
406 56
750 138
1076 66
458 106
797 328
2382 556
480 56
919 93
1450 76
562 66
309 137
781 48
1406 66
1007 86
884 370
449 106
678 66
676 82
486 56
396 91
788 88
556 66
163 417
812 421
906 93
470 138
2226 556
491 93
2016 151
341 93
906 456
580 56
455 528
870 126
1506 66
343 156
516 584
420 66
1260 48
441 66
392 87
910 66
487 186
1550 93
2226 348
805 56
1271 176
256 136
247 93
170 196
931 306
990 66
320 126
1170 66
1546 414
320 76
480 402
1241 131
823 183
491 93
1788 66
2091 66
66 846
540 206
511 66
482 86
657 146
420 66
420 66
448 468
426 93
1260 156
898 66
420 336
391 97
339 146
1055 126
421 66
588 66
482 86
470 106
489 98
558 97
271 93
420 330
356 286
696 88
960 126
1025 453
418 66
892 123
163 417
306 126
835 528
491 93
718 66
1752 93
657 146
471 66
2070 126
2426 56
2266 66
1970 156
486 56
1895 86
568 56
486 66
370 66
480 86
881 467
930 56
855 66
348 403
386 121
320 296
456 106
286 156
66 578
469 106
356 116
359 87
345 535
716 126
750 126
1218 76
123 918
1606 426
511 93
172 469
2190 406
406 156
421 66
421 66
880 126
553 433
445 66
1215 61
422 419
799 76
881 781
1007 106
356 116
842 66
356 206
880 56
1188 66
271 93
538 66
252 218
1406 93
139 413
446 151
417 116
2026 56
620 157
1956 191
206 317
420 66
476 126
270 106
816 216
718 66
853 385
870 66
558 97
2292 427
710 76
1906 286
842 137
286 156
399 56
1534 66
1314 93
785 76
960 66
1289 393
1870 86
379 225
316 66
469 106
506 61
2126 46
316 66
322 97
1188 66
391 66
855 126
842 137
516 306
769 56
366 56
768 93
808 136
828 66
420 106
356 116
391 97
241 66
456 121
342 166
388 66
780 197
1926 56
364 68
536 66
406 126
726 66
346 256
406 136
330 66
146 466
695 56
1900 98
2196 66
247 93
2121 56
420 66
890 106
322 97
745 66
802 366
720 335
1406 56
66 536
306 198
406 156
283 611
420 86
406 116
2176 106
406 146
1616 106
185 503
1048 86
570 237
809 86
2406 66
657 146
123 66
629 148
402 173
868 556
1701 246
970 106
783 179
829 93
436 66
406 156
306 106
839 76
370 66
309 137
465 156
540 93
406 86
406 116
406 66
471 93
506 176
830 56
1306 66
789 66
758 138
596 187
449 528
549 97
457 106
406 136
2012 151
943 76
783 308
186 285
1063 453
486 486
1788 48
406 156
950 106
304 126
1550 93
436 66
600 93
1406 66
2048 336
1416 176
1508 56
321 66
809 86
553 165
511 93
458 66
784 179
797 328
325 518
2006 93
174 545
108 427
1550 93
344 76
547 56
393 126
140 537
1418 96
206 56
508 126
708 106
487 186
320 76
