1000
1220 2440
695 56
198 323
1251 61
856 356
783 528
2396 56
491 93
470 286
1871 66
1770 66
855 126
783 68
406 66
306 146
1556 386
740 770
291 278
251 93
855 126
816 183
2070 93
491 93
439 56
1636 366
1570 93
2266 66
870 106
990 66
1406 93
893 328
406 156
458 66
343 156
2068 468
491 93
2026 66
354 121
663 126
487 86
1665 86
2326 126
306 106
517 93
872 61
309 137
818 66
1063 453
445 548
1646 406
406 93
406 186
770 356
508 126
838 176
719 172
480 56
486 486
480 793
863 56
2005 66
789 66
796 95
356 93
868 93
784 56
667 536
406 116
1546 414
148 535
158 468
86 268
406 116
776 66
181 280
406 156
1953 86
1908 86
1006 86
406 116
325 518
678 66
172 469
325 136
760 156
449 93
339 126
321 66
1470 106
781 66
666 86
398 93
491 93
390 137
678 66
1382 66
491 93
2321 152
565 358
778 66
528 66
606 86
2070 93
663 126
682 581
1506 106
531 66
467 106
400 76
406 126
406 106
388 76
424 136
838 176
2266 56
2326 556
845 126
819 66
2156 60
108 427
316 392
1091 401
406 136
844 123
445 126
1172 517
343 156
528 86
788 88
869 86
406 136
1106 61
366 66
663 66
406 126
1303 106
499 56
501 46
1570 93
378 87
206 66
1788 48
696 196
586 106
320 88
446 151
386 121
526 66
438 406
497 66
1788 356
758 72
750 93
406 156
146 466
1188 66
309 137
887 203
959 66
467 163
789 126
327 96
783 179
406 156
356 66
202 894
663 187
183 743
780 197
835 95
474 61
231 76
256 136
558 97
356 176
491 93
251 66
1293 56
306 106
416 76
386 121
306 126
338 66
408 556
1251 61
855 66
474 61
950 126
456 436
1055 66
480 452
202 894
364 68
339 146
319 258
586 106
158 285
1770 1010
286 86
1556 106
445 66
390 137
906 93
470 76
168 353
768 556
863 56
1416 176
540 205
356 116
231 76
1206 106
163 417
769 486
511 66
876 106
1946 66
777 203
1070 61
2066 506
457 106
491 93
438 436
2326 66
1006 93
600 157
1666 86
406 86
406 136
706 56
252 93
398 93
406 96
456 106
406 156
750 93
1355 66
1956 56
339 66
2067 56
324 218
471 66
789 66
397 87
161 449
496 92
769 126
497 66
356 106
146 466
1203 66
106 106
778 486
1895 76
297 56
306 93
720 335
326 66
1131 188
406 56
870 126
470 66
1131 286
808 136
406 86
540 205
2326 126
2241 106
559 206
320 136
339 66
959 106
256 116
1002 93
306 106
710 196
2021 66
140 537
491 93
161 450
891 66
158 285
870 308
1512 66
163 417
944 61
570 106
1615 76
1000 93
408 136
666 146
406 156
2406 93
1063 453
1556 66
465 156
824 106
523 187
1406 93
1210 93
1030 86
538 56
391 97
526 66
842 137
406 126
308 106
419 528
256 116
919 93
501 66
2391 66
1236 306
406 156
256 136
256 136
758 72
2086 66
611 257
1258 106
399 56
816 123
528 56
306 106
906 456
477 126
456 106
480 56
266 106
516 306
870 126
86 288
446 86
1829 138
2236 86
558 97
2216 106
453 398
676 56
838 176
309 137
399 56
806 93
359 87
339 66
324 528
471 66
784 179
258 106
271 93
682 66
356 116
1066 336
343 156
142 328
456 106
565 93
2056 93
880 66
695 93
811 66
1870 76
161 450
343 156
456 146
2216 95
446 126
606 278
769 66
516 66
2402 48
829 93
726 134
417 116
343 156
444 137
806 56
341 93
406 136
271 93
910 66
1418 66
516 137
326 66
656 126
267 106
957 66
1418 96
406 56
2226 106
779 545
484 576
769 86
870 126
1970 286
421 66
482 86
1340 256
281 66
413 106
449 93
1055 66
139 413
781 356
327 318
251 93
420 336
248 66
404 66
391 66
620 157
1546 86
760 56
784 56
248 66
620 157
568 66
321 66
891 66
680 76
2106 106
839 76
769 555
908 61
1895 76
309 137
1770 1010
486 486
981 66
1398 620
858 106
888 66
374 126
86 268
290 187
785 76
415 66
1056 66
470 258
445 66
163 417
337 126
1008 46
1659 398
491 93
668 166
430 421
944 86
471 66
1975 64
471 66
663 66
1733 86
386 121
180 453
491 93
393 126
928 123
356 176
320 126
680 76
746 56
406 106
256 146
369 204
1441 66
625 353
1188 86
872 61
1076 66
417 116
271 93
811 56
2316 56
455 86
870 86
406 96
268 86
341 93
471 66
252 93
906 468
338 66
468 66
990 56
399 56
891 66
324 56
182 338
828 66
406 106
338 146
769 56
356 93
1973 489
829 528
404 486
421 66
1593 106
449 528
928 123
778 486
1091 66
406 126
1006 86
528 66
906 66
538 66
330 436
870 106
829 93
774 86
556 546
1962 61
247 93
542 86
1306 66
56 506
797 66
371 66
970 89
892 123
409 76
420 286
501 66
839 86
869 86
267 106
1055 66
341 93
486 486
123 478
406 166
1595 421
206 66
2316 56
858 86
1555 372
1963 66
818 558
570 66
686 203
86 489
378 87
1703 66
785 76
439 366
406 156
613 86
491 93
849 66
377 56
2048 336
2006 93
256 136
405 162
291 93
406 156
856 126
402 173
1030 56
241 66
849 126
2016 151
898 106
312 68
391 97
1716 216
456 156
511 66
347 86
529 469
378 87
656 256
509 76
966 106
256 136
629 148
768 93
326 66
396 106
399 56
421 66
695 93
659 56
663 156
1188 66
2402 576
2064 86
1752 126
769 126
1385 86
511 93
1651 66
892 123
656 93
1290 576
290 187
348 403
905 198
695 93
406 106
406 106
2292 472
281 66
106 106
558 97
511 66
756 66
1721 56
778 486
406 136
919 126
421 66
785 76
167 308
1210 324
620 176
2326 93
726 96
630 93
530 158
178 620
521 93
1172 517
66 802
2005 106
667 528
743 86
1048 106
771 137
534 61
910 126
960 126
406 166
497 66
797 188
565 358
291 66
823 76
930 56
445 66
508 86
836 66
2174 66
812 86
916 66
486 56
181 280
797 126
309 137
241 577
256 136
356 558
409 86
620 176
202 894
1172 517
486 56
446 151
2026 66
309 137
1290 93
1293 86
663 156
883 66
286 156
406 56
378 66
406 106
1616 66
406 106
366 66
338 56
726 66
556 546
324 56
948 126
186 285
309 87
348 403
1006 86
1108 57
1210 93
872 86
271 93
1895 76
1402 86
568 66
820 337
421 66
436 486
835 556
888 336
185 503
549 97
391 97
2116 86
868 93
420 106
2016 151
486 66
612 257
829 93
596 187
868 93
283 87
341 93
421 66
417 116
651 528
458 406
779 66
183 743
593 417
268 56
291 66
1963 66
710 93
158 305
141 508
356 176
142 328
256 136
818 66
270 106
406 126
534 61
383 277
406 116
371 66
356 116
406 126
471 66
745 346
1210 546
343 156
406 126
497 66
2326 126
269 66
1908 86
341 93
1370 93
851 137
486 56
1670 106
808 136
720 126
180 453
780 197
491 93
420 126
2012 86
290 187
406 156
413 156
269 66
486 486
348 403
2348 66
829 93
501 46
931 93
1326 66
1063 449
875 365
424 136
1733 86
391 66
612 68
304 126
888 126
467 106
409 86
842 137
248 66
809 86
934 198
1403 66
558 97
429 468
565 66
796 106
890 66
486 106
802 93
2348 66
406 106
1066 336
318 106
718 126
944 61
256 179
860 56
1290 93
396 91
1498 820
456 146
829 93
881 467
2316 56
2106 56
809 86
356 116
86 489
453 398
726 66
870 106
1040 616
516 66
1470 136
677 68
2093 206
756 56
2106 56
449 106
289 1172
446 386
851 137
906 56
439 66
2326 768
716 106
870 93
366 458
783 68
386 121
321 66
530 406
226 196
696 56
486 486
803 383
458 66
241 66
540 93
341 93
2402 56
1534 48
491 93
406 156
811 56
421 66
447 106
567 93
2266 66
1953 86
318 66
771 137
870 93
781 66
1126 56
288 66
456 156
391 97
388 72
1441 66
467 106
1770 66
540 205
558 97
452 86
1534 66
558 97
565 358
506 406
1140 76
241 66
406 116
306 93
174 553
2079 66
882 93
809 106
767 137
797 66
403 163
290 206
288 66
181 436
346 256
388 72
506 66
540 93
356 116
1289 402
391 76
540 93
2346 66
2196 66
2070 93
163 353
2106 56
646 86
2241 61
384 456
2190 86
182 403
1007 86
404 486
1063 449
406 106
1582 86
271 66
806 93
320 86
391 1046
1206 48
1970 156
286 156
784 179
981 76
789 137
291 66
159 567
686 203
808 136
1895 76
302 126
1886 66
206 56
436 458
769 265
420 106
756 56
990 66
1374 66
716 106
203 397
406 116
680 581
600 157
758 146
785 76
366 66
501 66
371 66
1586 63
978 76
1326 66
893 66
806 93
761 486
768 126
1970 286
538 66
491 93
760 56
456 106
1030 56
824 527
818 66
181 280
408 106
769 66
316 66
471 66
371 508
390 137
1406 93
269 66
455 226
990 66
816 216
491 93
547 56
640 87
406 116
1076 66
343 156
2382 556
231 76
1064 46
406 116
1355 66
516 66
508 86
348 403
406 156
341 93
750 126
186 285
880 66
895 86
788 66
271 93
1416 176
844 123
491 93
521 66
600 93
255 383
406 116
496 86
258 106
456 146
1260 325
1210 426
808 136
420 566
