1000
1220 2440
726 66
86 489
406 106
470 138
486 56
291 66
406 146
776 76
740 106
770 128
860 74
612 68
174 545
449 126
248 66
406 106
888 126
446 151
366 486
202 894
406 156
778 66
508 206
729 86
771 137
86 239
556 60
406 106
990 66
338 66
706 576
781 93
891 126
809 106
356 196
549 97
898 106
414 173
651 528
1406 66
695 93
1260 66
447 106
470 66
391 97
1766 106
406 156
406 116
306 93
1946 66
928 123
482 86
86 268
406 126
506 48
453 398
1556 586
806 93
406 156
1462 306
868 126
368 86
161 450
663 66
835 93
491 93
1406 93
721 66
470 66
1770 93
370 197
2070 93
136 185
506 66
844 123
870 93
283 611
491 93
2070 93
758 146
580 56
406 66
2012 151
809 86
390 137
406 56
286 156
1733 66
812 203
810 66
776 76
556 466
181 280
291 66
746 556
1820 93
445 66
370 66
397 87
388 72
448 468
930 86
670 575
291 66
256 136
1091 66
406 156
420 66
393 126
811 66
540 206
343 156
2176 106
1210 93
1241 131
881 467
371 66
891 576
420 66
506 406
354 121
1500 56
517 93
888 336
771 162
870 106
458 86
1818 86
870 106
511 93
781 93
667 536
506 106
438 406
1688 106
870 126
302 126
1946 66
639 56
348 403
482 86
656 256
491 93
448 468
663 187
321 66
391 97
392 87
231 76
421 66
1007 86
2406 88
565 93
1380 66
913 88
388 76
740 86
252 218
629 148
268 406
406 206
855 66
256 136
758 138
2368 468
241 66
516 66
224 429
406 186
396 166
809 86
406 156
391 97
870 126
710 93
491 93
838 176
1752 93
2012 151
1659 398
392 87
1179 76
178 620
406 56
2291 56
1070 61
406 156
1966 576
402 126
497 66
808 136
625 384
2326 93
758 138
421 66
445 126
509 76
198 323
1293 56
326 66
256 116
1028 421
562 66
2402 93
467 106
528 66
2071 46
182 403
139 413
870 126
406 156
547 56
1506 420
431 66
1350 76
2266 66
406 146
396 166
686 66
1659 398
870 106
1385 86
406 86
469 106
396 166
66 578
2326 66
139 413
703 442
896 203
682 76
990 66
952 106
802 93
870 66
491 93
491 93
839 86
1752 93
706 576
2348 66
441 66
1064 46
516 306
898 66
1010 307
316 66
480 402
456 106
528 56
718 196
320 286
1006 86
386 121
1215 106
455 226
406 106
1406 66
606 66
423 310
813 360
370 66
366 56
383 277
764 126
620 93
429 307
445 576
256 146
343 156
1550 93
774 86
828 126
870 93
875 465
356 286
920 76
417 116
338 146
470 106
406 156
1041 56
540 93
2005 66
774 179
491 93
906 76
806 286
417 116
131 1163
530 158
1179 76
309 137
388 66
600 157
1063 76
271 93
1055 66
491 66
769 126
2406 93
640 87
377 56
516 66
491 66
818 126
1752 336
309 87
540 205
870 126
540 205
391 97
803 106
486 486
826 66
1970 286
524 173
839 76
279 68
2005 66
1290 93
588 56
695 93
908 61
729 86
870 106
306 336
2406 86
325 518
839 86
378 66
2326 126
447 106
470 377
423 310
1388 66
910 126
2402 56
370 237
497 66
66 802
2011 66
1646 406
813 360
438 436
406 126
291 93
686 203
511 66
420 126
745 318
565 386
354 121
506 158
268 76
1788 66
491 93
838 176
880 66
491 93
888 307
256 970
719 172
620 93
780 197
821 93
420 126
338 56
1063 449
421 66
806 286
254 76
892 123
304 126
298 66
1326 66
343 156
695 93
1900 98
781 93
540 93
231 76
726 96
521 93
816 183
1550 436
696 176
291 66
803 383
931 306
888 86
1033 93
1002 93
839 76
835 95
456 106
1380 76
396 106
486 56
2070 93
2006 93
708 106
521 93
1526 88
1406 93
530 158
750 148
1402 86
320 296
424 136
778 66
420 417
348 403
406 56
695 556
1570 93
810 66
869 86
1385 76
650 894
1953 86
417 116
1770 66
913 417
1426 64
870 93
1570 93
906 93
241 66
1418 66
835 123
2241 106
142 328
1441 66
741 61
421 66
1179 66
767 68
898 106
2055 66
1406 93
820 356
511 66
455 86
509 76
333 126
290 187
206 66
950 106
86 489
123 918
981 76
1266 66
1416 176
891 86
511 66
418 66
506 76
169 386
1550 93
391 97
797 66
470 287
629 148
388 72
870 86
491 93
356 116
829 93
808 136
921 86
1338 256
2226 556
406 156
291 66
470 106
497 66
319 258
2406 66
565 358
306 179
1076 66
816 538
499 56
629 356
538 66
2190 86
538 66
1866 61
446 126
1406 93
781 66
663 126
172 363
186 285
797 188
620 157
808 136
468 66
489 86
170 226
406 156
306 179
449 126
231 76
891 66
439 56
356 93
406 116
375 66
580 56
1126 56
1406 93
203 397
2064 86
797 188
421 66
1385 76
876 86
521 66
341 355
620 157
990 66
740 770
343 156
446 151
756 556
123 478
1260 48
320 76
636 196
870 106
686 203
768 126
2402 576
455 528
406 56
421 66
406 106
392 87
771 137
1430 64
1701 86
1636 61
770 253
2286 48
256 116
86 288
491 66
420 86
888 336
256 126
1355 66
486 66
960 126
344 76
620 157
251 66
797 66
471 93
327 96
838 176
476 126
529 469
1030 56
874 123
297 56
158 285
491 66
420 86
356 106
181 280
342 166
526 66
540 205
446 151
921 86
379 225
2406 106
736 107
990 586
1450 76
181 436
666 171
2266 66
806 106
447 56
286 136
441 66
528 56
1110 236
339 66
760 56
2316 56
868 126
408 136
758 72
937 66
1221 56
884 66
808 136
2104 705
291 66
270 98
458 66
471 66
356 558
336 197
271 93
86 489
594 66
359 87
170 196
990 126
396 106
339 68
959 66
2402 56
172 389
397 225
338 66
676 106
620 176
1066 336
446 126
286 156
746 556
286 156
455 226
768 556
491 93
839 76
718 196
509 76
149 486
600 93
441 66
678 66
769 66
1570 93
1733 106
990 56
444 137
378 87
261 66
406 86
774 179
506 106
502 66
1289 393
424 136
1418 66
770 86
796 95
666 420
769 126
758 146
620 93
808 136
340 93
1416 176
86 352
163 417
2116 56
1350 76
406 156
530 158
532 158
106 106
2106 106
370 66
826 66
220 66
1206 106
1306 66
823 76
304 126
406 126
540 205
1508 56
818 558
367 86
238 76
849 126
1418 96
1135 76
1755 430
506 66
600 157
392 87
1570 93
600 157
1546 414
161 449
256 136
256 116
656 196
1382 66
449 556
203 397
835 528
1391 106
990 66
486 56
910 126
123 936
406 146
288 66
745 66
960 566
286 156
806 56
491 93
398 93
784 179
796 186
438 436
406 106
836 66
1206 48
406 126
341 93
904 528
86 268
290 187
441 360
1688 106
1030 76
338 66
718 66
338 66
424 136
586 106
1910 66
406 156
320 76
420 93
944 61
491 93
826 66
320 126
366 56
785 76
1306 66
1895 76
680 554
868 93
123 936
444 137
403 163
1534 48
2151 46
523 133
943 76
1380 66
302 126
1000 93
1131 188
888 336
428 96
811 66
721 66
1260 156
888 307
474 538
329 136
2162 106
2161 66
178 115
1020 66
486 56
450 56
406 156
1646 406
161 449
497 66
860 67
406 146
1376 256
346 535
975 86
695 93
406 156
413 156
1944 91
796 106
458 66
482 86
148 534
1000 93
553 165
737 66
710 196
838 176
377 56
306 93
370 256
2006 93
78 338
406 106
398 93
341 93
380 76
271 93
366 66
491 93
348 403
409 76
491 66
438 66
158 468
620 93
420 93
508 126
506 406
486 56
268 56
406 106
371 66
172 363
750 126
770 66
256 116
758 72
921 86
670 238
388 72
489 86
456 106
549 97
178 115
835 56
341 93
406 96
788 66
830 76
370 356
376 206
880 66
937 306
771 137
639 56
406 126
1441 66
1470 106
1966 56
959 106
406 166
456 121
444 137
824 66
1410 126
388 72
1210 546
528 66
486 486
420 66
710 196
819 126
420 336
995 307
268 86
256 146
406 106
1570 93
457 106
449 106
1276 166
1752 126
758 106
2326 556
420 93
491 93
441 360
1733 66
874 123
482 86
1289 406
2316 56
788 106
663 187
1659 398
158 305
767 137
186 285
811 66
491 93
306 146
666 86
446 151
420 106
489 98
868 126
404 66
467 163
406 106
321 66
511 66
396 106
406 126
523 187
142 328
56 218
449 93
271 93
406 106
182 403
290 206
421 66
256 136
391 66
316 392
297 56
393 126
406 106
663 478
359 87
745 346
743 86
290 187
1131 188
406 126
540 206
406 136
1870 86
356 206
768 126
370 86
252 218
491 93
1000 126
406 106
718 126
1788 66
448 468
682 76
884 66
2316 56
406 146
2348 66
330 66
2056 93
388 72
350 179
291 93
429 468
621 378
1582 86
695 93
497 66
343 156
481 93
388 72
480 452
549 97
811 56
356 116
910 66
540 205
445 66
302 126
309 137
1140 76
497 66
251 66
2216 336
696 88
413 156
231 76
2326 93
420 106
570 66
409 251
408 106
1030 56
670 575
390 86
1002 556
1836 61
870 66
491 93
891 548
769 66
1970 286
399 56
446 151
241 66
406 146
2206 56
422 398
784 179
186 285
1188 66
390 86
471 93
687 184
1326 66
412 528
2005 66
829 556
