1000
1220 2440
202 894
446 151
449 528
2402 56
406 156
180 453
86 316
446 151
182 365
849 126
420 278
86 489
356 116
501 66
406 156
1077 86
338 66
2176 106
440 548
206 66
785 76
981 56
868 555
950 51
324 528
880 126
271 93
849 66
818 126
621 378
431 66
696 56
511 66
286 136
870 66
746 586
163 417
489 86
775 166
621 378
406 166
904 406
839 76
399 56
359 87
781 556
677 68
818 66
567 93
441 66
306 179
170 567
768 126
458 66
406 106
489 86
887 203
1218 76
890 781
445 126
870 126
1788 66
870 308
350 179
620 176
497 66
819 66
391 66
470 106
509 76
2236 86
406 156
320 76
1636 61
391 97
481 66
252 218
321 93
406 156
487 186
884 338
270 98
420 308
403 66
338 66
770 271
252 93
587 56
562 66
990 586
1526 88
659 56
746 586
480 56
341 93
2423 93
467 106
1666 86
267 106
778 66
542 86
778 66
770 61
467 106
406 156
201 86
600 157
271 93
396 91
256 126
288 66
309 87
386 121
953 86
202 894
174 566
1788 66
1055 381
1906 106
1010 307
1570 93
320 303
2006 93
202 894
446 151
374 126
491 93
1063 76
271 66
1570 93
870 308
183 743
1570 93
491 93
406 136
86 268
528 56
406 136
760 156
271 93
496 138
1752 93
768 556
1385 86
356 116
756 66
1665 86
406 56
758 66
306 198
1586 63
2073 66
283 611
1006 93
1752 93
959 66
387 131
1556 106
406 156
329 76
388 106
338 56
806 106
1570 93
318 66
399 56
741 91
904 406
456 106
168 346
1843 575
310 236
600 93
816 123
1210 546
446 151
838 176
406 136
769 56
908 86
2402 56
417 116
486 56
797 126
781 486
391 97
406 106
456 156
750 93
2196 66
356 116
396 106
256 136
696 56
769 126
471 66
456 121
706 206
703 442
406 116
1512 66
406 106
422 419
838 176
567 93
1419 56
470 106
726 134
456 106
1088 326
531 66
467 106
860 74
176 506
1981 106
890 126
298 66
501 66
446 151
344 126
146 466
1289 402
872 66
1290 576
286 136
180 453
600 157
456 121
258 106
981 66
304 126
465 156
500 126
398 93
538 66
990 66
549 97
501 66
421 66
422 548
420 267
1010 307
406 136
530 106
816 216
573 326
179 176
300 267
406 146
343 156
906 66
449 93
783 528
506 48
350 179
667 536
855 126
1131 188
329 76
806 161
2103 556
835 93
2402 576
2106 93
858 66
767 68
528 86
876 106
491 93
1036 316
123 918
241 66
491 93
406 106
2286 48
1770 93
290 187
341 93
420 267
1870 86
630 93
1438 625
123 936
2064 86
2426 76
291 93
306 179
600 157
406 116
306 198
1616 66
456 106
769 86
343 156
769 555
1289 402
429 468
695 93
1926 56
141 48
1179 76
470 287
241 66
406 126
338 56
415 66
746 56
220 86
341 93
441 66
344 126
1131 306
906 93
420 106
784 56
511 66
906 56
919 93
486 486
769 486
726 66
856 126
516 66
1255 56
842 137
835 123
856 126
568 66
406 156
1570 93
491 66
766 93
2216 95
811 486
1764 66
202 894
491 93
892 123
2068 468
872 86
336 197
320 86
330 436
396 91
450 66
452 1206
818 586
874 123
530 158
1010 307
406 116
549 97
630 93
2126 546
281 66
1870 76
421 66
1290 93
666 86
406 56
126 427
806 93
1450 76
491 93
746 586
1836 61
567 93
695 93
359 87
1143 198
298 66
549 97
378 87
406 126
696 176
320 258
1390 466
769 56
306 166
828 93
616 66
620 157
700 336
680 76
771 137
326 66
486 486
786 236
726 66
406 156
1565 561
447 106
2068 468
406 106
2012 151
429 468
338 146
148 739
770 128
406 126
975 86
506 66
770 86
436 486
2266 56
395 93
486 106
849 126
309 137
1179 66
406 156
2301 66
391 97
851 137
2288 48
1733 86
446 151
455 226
2292 427
2286 48
781 66
708 106
874 123
429 468
252 246
295 97
1802 76
594 66
570 66
366 66
639 48
1906 106
975 86
420 86
497 66
758 146
396 91
1998 86
669 86
870 126
406 146
2241 106
406 136
406 106
482 86
898 66
406 106
409 86
1975 64
2436 56
321 66
321 66
1616 106
255 383
271 93
835 123
306 106
1670 106
778 66
1406 93
413 156
838 176
818 558
320 258
408 106
406 156
870 336
1206 93
2016 151
474 457
444 86
2064 86
449 93
756 336
540 206
298 66
710 76
600 157
256 146
769 66
745 126
424 136
666 86
343 156
990 586
2266 66
1615 76
316 66
747 318
547 56
487 86
291 93
1385 76
1426 71
256 146
163 417
766 93
1106 61
740 106
406 116
695 93
306 106
506 106
370 66
424 136
528 56
491 93
406 156
950 51
1416 176
1076 66
482 86
310 236
771 137
1659 398
588 66
1108 57
281 66
1570 93
338 66
406 96
2106 86
291 66
491 93
491 93
283 612
1512 66
1556 93
406 206
497 66
386 121
511 66
1739 64
456 106
750 138
256 136
433 156
367 88
531 66
570 256
856 356
1829 138
1550 556
126 427
990 558
1601 381
185 503
220 86
467 106
431 66
806 93
835 93
1758 76
149 486
286 136
123 66
402 173
306 106
338 66
383 277
491 93
455 86
506 66
254 76
131 1163
1260 48
870 56
458 66
333 378
758 146
745 66
388 72
990 66
294 156
406 156
791 126
491 93
252 218
2411 58
271 93
406 136
456 146
386 121
305 56
1788 66
858 106
406 66
769 555
422 398
636 196
784 179
1402 86
761 486
860 67
845 126
446 386
386 121
758 106
396 166
1290 93
386 121
1030 56
446 151
241 66
420 93
316 392
956 66
456 156
1806 66
880 56
238 76
720 126
269 66
863 56
306 106
1056 66
2131 56
549 97
1886 66
1002 93
948 246
770 126
406 91
159 567
1340 310
406 156
758 72
808 136
456 156
1606 66
829 556
291 66
788 326
406 106
957 66
306 106
1870 86
1064 46
474 538
497 66
896 203
1646 406
870 308
2406 93
528 66
509 76
730 236
256 136
708 106
516 66
706 206
406 96
439 56
1007 86
686 203
808 136
445 173
290 206
895 86
356 324
406 106
174 545
766 93
414 173
1802 76
1946 66
740 86
445 173
406 186
779 545
2326 126
203 397
256 116
876 106
943 76
496 138
1406 66
298 66
1380 66
720 308
876 106
163 417
1731 56
256 136
666 420
420 278
1550 93
404 56
1546 414
446 151
306 179
1033 93
812 421
666 556
796 124
888 307
456 146
241 66
769 66
406 156
706 225
910 66
338 66
408 556
2006 93
420 93
568 66
269 66
2277 86
1582 86
309 137
843 187
406 106
891 66
776 66
1872 106
370 197
1788 66
906 93
565 66
817 93
390 137
791 66
491 66
202 894
327 96
256 136
327 96
1066 336
534 61
906 356
178 620
978 76
406 106
241 66
491 93
304 126
286 156
726 134
298 66
531 66
321 66
750 93
2206 56
446 151
406 126
406 156
439 56
876 106
808 136
241 66
891 86
656 126
740 86
1063 453
1246 406
421 66
870 106
251 66
516 66
271 93
370 86
2011 556
339 66
291 93
406 86
366 106
910 66
1179 76
888 66
682 66
163 417
547 56
812 203
123 918
298 66
406 156
496 61
2005 66
406 116
420 106
1135 76
539 503
868 126
470 106
1872 106
343 156
2073 66
1406 93
870 93
256 106
806 93
1966 56
2402 576
306 93
241 66
378 66
768 126
389 87
500 126
252 93
797 126
268 76
288 66
2402 48
424 136
497 66
769 66
291 93
123 66
420 66
256 146
406 156
2070 93
2121 88
169 386
930 86
2406 93
491 93
1895 76
304 126
344 136
1406 66
740 86
745 93
806 93
620 157
1786 56
835 93
2006 93
392 87
511 66
2006 93
356 116
449 106
588 56
471 66
438 406
868 93
341 93
896 203
1206 106
1770 66
868 93
491 93
1000 126
930 61
231 76
309 137
1966 576
511 66
406 156
338 56
188 86
540 206
855 66
343 156
255 383
123 66
470 126
525 173
298 66
421 66
628 126
663 187
1520 76
66 802
370 176
170 226
286 86
256 136
444 86
743 86
818 126
356 206
421 66
141 431
2406 106
252 246
1906 66
898 66
491 93
558 97
399 56
1382 66
430 421
1966 206
888 66
540 93
345 535
449 93
1126 56
1688 106
169 386
309 137
406 156
406 96
668 166
325 136
417 116
294 66
663 66
1355 66
741 91
808 136
406 126
1441 66
970 567
549 97
708 106
990 66
255 383
696 61
421 66
1179 206
721 66
368 66
456 106
406 126
600 176
2106 56
823 76
758 72
1500 56
421 66
888 126
366 106
781 48
449 106
1063 449
975 86
706 141
491 93
876 106
667 528
2006 93
695 56
695 93
1048 86
86 316
872 64
486 56
868 126
1246 406
960 66
668 166
406 156
456 66
447 56
809 86
142 328
2006 93
1418 66
170 567
876 86
256 970
406 106
348 403
420 106
1406 93
310 236
306 93
620 176
540 205
1966 206
2402 576
220 66
456 121
178 620
803 170
2103 556
319 258
587 56
511 93
248 66
1126 56
616 126
657 146
531 66
770 128
891 66
870 106
165 553
1770 93
502 66
445 66
261 66
406 106
682 66
1140 76
1528 86
916 66
406 156
386 121
420 106
737 126
876 106
356 176
1906 286
341 93
