480
1220 2440
768 93
422 419
348 403
829 556
651 528
848 453
310 236
1040 616
952 746
783 548
1210 324
2292 427
781 508
402 889
733 600
356 324
2068 468
663 478
806 286
241 577
252 246
880 56
420 336
2326 556
370 255
570 237
2216 256
170 196
2292 427
320 258
1251 61
422 419
606 278
1550 556
884 370
667 536
676 82
818 558
906 468
123 66
2382 556
1025 453
1555 372
906 468
730 236
804 406
1546 414
875 365
1526 606
2226 556
1966 576
695 528
620 570
891 390
1606 426
904 406
325 518
470 286
1550 556
806 286
1066 336
1556 386
781 556
452 1206
2070 556
348 403
306 126
1066 336
888 576
1290 576
2216 336
1066 336
1290 576
420 308
1598 246
1288 126
306 93
816 406
470 287
288 246
383 277
906 468
806 286
397 225
700 318
611 257
553 433
870 308
960 566
1338 256
1210 546
813 360
1940 538
2326 556
420 286
570 256
1480 728
320 258
1550 420
422 398
420 336
839 286
1419 456
2048 336
306 336
1030 336
256 106
695 556
1770 336
1906 286
348 403
320 258
370 329
309 237
1755 360
770 296
781 1170
386 66
2036 566
891 556
383 277
718 399
370 256
593 417
904 406
409 251
770 556
888 307
1550 420
508 206
422 398
703 288
436 66
733 600
2326 556
378 225
470 377
370 255
333 378
703 288
1755 360
576 239
868 556
570 891
888 307
570 237
516 391
516 391
420 286
797 216
1066 336
291 93
283 611
1770 336
429 307
1636 366
1290 576
1836 61
430 421
779 545
2216 256
1526 606
639 288
606 336
448 468
356 206
456 206
1752 93
477 126
781 536
888 307
559 206
383 277
769 555
747 318
2292 472
695 528
806 286
745 318
420 267
1606 426
1040 616
806 856
2106 306
888 336
1290 576
345 535
325 518
1188 66
816 216
453 398
446 151
397 225
252 218
888 336
420 306
449 106
341 93
829 528
316 392
370 255
470 530
746 556
2382 556
408 556
1210 546
904 406
186 285
639 288
458 406
1338 256
1210 545
2402 576
1770 326
1616 106
456 356
1940 538
829 528
413 136
2259 555
232 406
750 740
670 575
1338 328
438 406
756 556
320 258
448 468
750 768
888 548
540 206
232 824
621 378
1480 728
448 468
756 556
1028 421
1546 414
480 402
833 309
2104 705
1606 506
682 581
256 288
441 360
310 236
1565 561
902 358
593 417
2103 556
829 556
682 581
1290 576
981 286
768 556
438 436
1055 381
267 106
1290 576
420 308
348 403
2402 576
406 206
2066 506
1970 336
746 556
436 66
291 278
1289 393
1068 286
453 398
221 389
445 548
224 429
429 307
2404 906
356 206
1290 576
783 548
556 66
370 237
756 556
812 421
721 356
429 468
316 66
333 378
2103 556
593 417
1040 616
1340 256
1289 393
316 392
420 330
516 391
910 467
938 386
606 336
1550 436
1550 436
429 468
746 556
441 358
746 586
902 385
789 137
1206 93
848 453
448 468
2326 768
663 506
1210 545
2216 256
420 308
1966 576
715 516
890 537
469 106
336 286
1063 449
696 88
889 406
2266 66
1556 586
224 429
835 556
1172 517
420 306
870 336
881 781
2368 468
990 558
1210 426
445 173
1289 393
1755 430
1646 406
1290 576
422 398
1055 66
700 318
703 442
570 256
379 225
733 620
829 556
2382 556
761 486
666 424
797 328
1030 336
553 489
860 56
1172 517
320 217
703 442
666 424
383 277
829 528
870 420
283 611
330 436
835 528
927 556
474 538
829 556
720 335
1131 306
506 396
1390 466
593 417
888 576
384 456
456 356
1970 286
393 889
819 332
650 393
835 556
516 391
1546 414
1701 246
1966 206
811 486
739 217
798 449
812 407
348 403
417 116
553 489
1289 406
798 449
948 456
639 288
695 528
458 406
2048 336
745 318
539 503
423 310
348 146
320 296
444 137
378 225
320 258
593 417
856 356
990 558
448 468
422 398
1752 336
320 258
520 438
320 76
745 318
888 307
328 256
811 486
520 438
422 548
990 586
1970 286
422 419
345 535
206 408
2126 546
384 456
870 106
256 970
830 76
565 386
320 258
746 586
406 156
2326 556
439 66
496 61
420 308
1210 546
651 528
703 442
320 296
606 336
291 278
530 396
888 307
1636 366
1210 546
816 183
856 356
402 889
990 558
422 419
232 824
813 360
406 545
1770 1010
1404 468
813 360
769 486
1555 372
1973 489
1546 414
769 555
449 528
429 307
556 546
1940 538
1550 556
868 555
1246 406
809 86
565 358
1210 426
666 556
778 486
356 558
1788 66
346 256
770 556
