480
1220 2440
252 246
422 419
348 403
232 824
839 286
1290 576
438 436
420 566
319 258
1103 465
559 206
336 286
375 527
539 503
1550 436
720 336
839 251
255 383
1601 381
1040 616
328 307
769 486
806 236
1506 241
670 238
516 391
1391 406
422 419
747 328
1726 66
2216 256
2190 406
849 126
330 436
851 137
406 183
706 576
695 556
756 556
1210 324
611 257
1063 449
2003 414
111 395
2326 556
2382 556
812 421
359 217
710 241
370 356
300 1068
781 508
430 421
768 555
745 346
422 419
486 486
720 335
1338 256
206 408
839 251
456 336
370 66
1659 398
446 386
919 556
356 558
746 556
516 414
306 336
576 239
1966 206
884 370
781 508
1526 606
429 468
788 326
467 106
1340 256
868 556
2326 556
232 824
1770 1010
456 436
888 336
753 354
768 556
770 241
422 548
252 246
499 56
319 258
2036 586
818 558
888 336
1659 398
1659 398
252 218
1063 453
870 576
2382 556
324 528
366 556
480 793
430 421
706 206
422 548
835 556
812 421
856 126
232 824
1236 306
2292 472
667 528
906 468
1770 336
320 258
1506 241
606 336
1028 421
1210 324
783 528
1770 336
1210 324
558 97
2068 468
761 486
483 558
320 296
898 66
682 581
1770 336
320 258
1355 386
1025 453
453 398
750 768
348 403
430 407
288 246
455 206
161 449
449 556
870 336
853 428
220 86
781 486
756 336
1210 426
695 528
2070 556
430 407
256 288
480 793
835 528
919 528
345 535
406 206
320 258
1210 546
379 225
419 528
1550 420
888 307
356 324
812 421
419 86
818 586
802 93
778 486
868 556
319 258
406 136
2326 556
783 548
232 824
781 66
2402 576
888 307
682 581
692 587
420 417
910 576
422 419
870 206
1246 406
2093 556
1155 156
1055 381
682 581
666 420
884 370
1506 420
730 236
356 558
1556 586
310 236
770 556
2103 556
487 186
320 286
356 286
1970 336
745 318
1546 414
429 307
408 556
2036 586
370 255
320 258
370 356
706 225
1050 761
1131 286
813 360
556 546
1556 586
371 536
677 68
288 246
324 528
320 258
429 307
744 347
458 66
835 528
1236 306
2068 468
1843 575
1595 421
429 468
565 386
396 166
663 506
491 93
870 576
881 356
306 506
913 417
456 336
429 468
422 419
818 558
1246 406
1063 449
888 307
420 308
960 566
626 126
816 616
797 328
2216 336
1050 761
1970 336
438 406
906 356
629 148
829 556
319 258
227 832
286 156
870 336
283 612
1970 336
806 236
328 256
324 528
420 308
1404 468
348 403
720 308
328 256
1506 241
224 429
1966 206
835 528
812 421
221 389
706 206
402 889
565 358
446 386
1340 256
468 206
746 556
186 285
356 286
798 453
2226 348
1755 430
808 136
420 278
756 556
491 93
306 336
1570 406
520 438
437 528
453 398
449 556
348 403
483 558
255 383
750 768
452 1206
1210 545
448 468
593 417
470 286
620 93
369 356
420 306
446 386
1025 453
818 586
319 258
1088 326
682 581
370 237
568 216
565 358
1290 576
291 278
383 277
888 307
1056 246
370 256
453 398
703 442
650 894
333 378
2226 348
798 453
2068 468
667 556
1570 93
1002 556
2326 768
468 206
256 970
420 306
606 239
348 403
780 197
404 486
906 66
1210 546
1506 420
2048 336
446 386
456 336
1550 556
1806 66
868 555
406 156
913 417
356 286
330 436
1701 246
736 107
2226 556
1546 414
320 76
1973 489
422 419
221 389
990 558
439 366
868 556
706 225
1131 286
371 508
516 414
910 576
692 587
910 576
1210 545
316 392
445 548
700 318
316 66
2292 472
931 306
448 468
255 383
516 391
420 336
543 435
700 318
384 456
770 93
1390 98
2210 206
839 286
448 468
406 186
421 66
553 489
779 545
2190 406
1290 576
320 258
870 336
530 396
422 419
543 416
1606 426
666 556
1788 356
746 556
422 398
888 336
422 419
1808 346
458 406
333 378
348 403
768 556
990 586
252 246
330 66
1076 256
455 226
2006 406
1000 556
1040 616
1210 426
328 256
812 407
650 894
870 336
2326 768
1000 556
2226 556
868 556
848 453
695 528
356 206
829 528
320 296
458 406
1755 360
851 137
890 781
1251 347
406 206
769 555
670 575
1550 556
745 346
706 576
655 184
202 894
516 391
743 337
721 356
516 306
612 257
370 255
1068 286
330 436
344 126
422 419
1210 426
756 556
686 506
356 324
356 324
442 527
646 586
1246 406
1538 385
646 586
356 66
422 398
283 611
506 396
1370 406
781 536
516 391
