480
1220 2440
2216 256
695 556
600 157
420 308
370 237
438 406
818 586
1178 218
540 206
430 421
1289 406
1290 576
1555 372
516 414
2190 406
1970 336
516 391
324 528
656 256
480 793
1966 576
706 576
1718 625
904 406
1000 556
898 278
768 555
818 586
646 586
516 414
540 206
703 288
1063 449
820 356
206 66
781 486
1338 328
516 391
1246 406
910 576
1606 426
2382 556
2068 468
990 586
310 236
2348 536
370 237
429 307
1606 426
348 403
1210 545
406 146
516 391
829 556
812 421
798 449
325 518
420 286
456 336
881 781
770 556
429 468
477 126
383 277
565 358
919 528
750 768
2068 468
420 278
316 392
888 307
797 328
606 239
386 121
1103 465
356 324
1550 436
868 93
625 377
687 184
409 286
468 206
816 216
540 206
1063 449
1063 449
804 406
868 555
819 356
341 530
486 486
508 306
870 576
812 421
222 433
888 336
453 398
680 581
420 308
667 556
870 336
1770 66
1076 66
356 236
348 403
2326 556
756 556
720 336
1546 414
1030 336
695 528
606 278
706 225
750 768
420 278
486 486
2048 336
411 528
1172 517
396 91
1390 466
1290 576
224 429
839 251
1716 216
1966 576
370 255
771 137
252 218
445 548
1236 306
682 581
319 258
2036 566
2404 906
870 576
1556 586
445 576
739 285
981 76
1210 545
328 66
2121 581
720 308
456 336
420 308
2048 336
651 528
456 436
2368 468
1056 246
703 442
870 548
480 452
1030 336
429 307
486 486
781 556
889 406
328 238
491 93
370 255
420 308
547 56
2226 556
420 336
797 328
320 258
937 287
1646 406
663 506
348 403
1210 426
620 570
891 576
1606 426
420 566
1040 616
568 56
370 256
870 576
2036 586
1170 66
740 770
1355 386
706 225
422 548
606 239
206 388
556 546
568 206
341 530
818 558
316 392
252 218
1131 306
370 197
770 216
383 277
1570 406
283 612
960 66
406 206
252 218
379 225
573 326
816 538
1755 430
252 218
408 136
1906 286
813 360
458 406
593 417
891 576
66 802
438 436
2216 336
651 528
486 486
606 566
1390 466
453 398
252 246
1570 406
851 137
1025 453
422 419
345 535
320 258
875 365
856 356
960 566
889 406
1210 546
470 287
746 586
1419 56
889 406
797 328
370 329
810 428
797 328
480 402
406 206
666 556
695 528
449 556
420 417
2070 556
682 581
1966 576
750 768
747 318
606 336
667 528
530 396
185 503
366 458
783 548
2404 906
639 288
422 126
2190 406
422 398
346 256
1063 449
291 278
202 894
1973 489
744 347
824 527
779 545
1091 401
830 76
639 288
888 336
453 363
470 377
769 555
1010 307
391 97
1063 453
745 346
1598 246
687 184
1556 586
456 206
717 126
570 256
870 576
2104 705
420 306
448 468
1290 576
420 278
422 419
252 218
420 336
1210 546
779 545
420 336
429 307
833 307
818 586
508 306
570 256
1063 449
404 486
2216 256
440 548
511 66
990 66
570 237
803 421
1246 406
565 386
456 436
1843 575
769 265
913 417
2292 472
530 396
746 586
1066 336
1236 306
2292 472
656 256
1872 61
422 398
327 318
1550 436
1966 576
455 226
182 403
453 398
797 328
910 576
429 468
2326 556
1002 556
256 136
1246 406
1246 406
348 403
928 123
470 306
1546 414
406 93
1755 360
703 288
667 528
163 417
750 740
745 318
1636 366
516 391
1716 216
256 288
333 378
220 86
612 257
553 489
370 255
1340 310
848 453
906 468
695 528
453 453
306 336
739 285
1040 616
706 576
325 518
341 530
376 60
291 278
570 237
1290 93
769 555
559 206
328 256
639 288
756 556
2292 472
692 587
769 265
848 453
420 306
733 620
345 535
320 258
255 383
565 358
1063 449
391 97
356 206
296 703
797 66
870 336
1940 538
806 286
420 336
829 528
666 556
1210 324
252 218
324 528
2190 406
1236 306
1040 616
516 584
824 527
422 419
529 469
1066 336
848 453
2382 556
429 307
651 528
232 824
486 438
1260 326
1340 310
506 406
506 396
931 306
906 286
1289 402
288 246
768 556
328 256
570 256
379 225
1338 328
440 548
283 87
456 436
480 402
346 278
816 406
1966 206
446 386
663 506
320 296
2103 556
750 768
1076 256
422 548
798 449
1210 545
781 486
1936 426
393 889
829 528
1210 546
1172 517
430 421
682 581
802 366
1970 336
448 468
556 546
770 1110
889 406
1063 453
809 86
720 308
770 241
811 66
520 517
811 486
470 287
756 556
316 392
716 90
327 318
1056 246
1150 236
870 66
