480
1220 2440
492 558
639 288
1290 576
2070 556
798 453
320 258
316 392
1290 576
456 436
370 197
2126 546
2326 556
739 285
379 225
449 556
1550 556
902 358
786 236
1659 398
2226 556
320 296
695 93
436 458
333 378
458 406
470 286
1701 246
379 225
806 236
370 329
778 486
919 556
1066 336
499 56
370 356
729 556
1606 426
1416 176
2402 576
406 86
232 824
898 278
1290 93
441 358
818 558
981 286
1770 336
1350 76
452 1206
870 308
415 307
1210 324
881 356
441 358
316 392
606 336
470 286
1236 306
812 421
888 336
2226 556
346 278
770 556
1755 430
422 419
960 566
1088 326
2216 336
406 156
1210 545
421 66
1555 372
612 257
769 486
221 389
366 458
745 318
492 558
241 66
888 307
1002 556
438 436
695 556
420 306
906 468
1398 600
1246 406
421 66
804 406
2368 468
520 438
768 556
1546 414
1071 285
720 308
1770 1010
470 66
356 196
769 66
1538 385
453 363
1438 625
921 86
423 310
797 356
870 336
336 286
824 527
441 358
2226 556
1338 256
881 467
2126 546
875 465
733 600
1063 453
348 403
356 206
2068 468
508 206
798 453
606 336
341 530
483 558
2326 768
328 307
348 403
420 306
906 468
480 402
2348 536
888 336
422 548
1404 468
420 330
1063 449
1076 256
781 556
753 354
913 417
770 271
306 336
2382 556
252 246
881 467
806 286
2216 256
422 398
356 556
1030 336
1210 545
666 424
2382 556
913 417
1002 556
1071 285
1966 206
565 386
1025 453
769 486
438 436
486 486
455 226
838 176
770 556
2216 336
853 385
252 246
666 424
346 256
621 378
1340 256
1398 620
1103 465
549 97
786 566
420 308
1570 406
781 508
1390 466
1570 406
756 556
1970 336
458 406
1066 336
990 558
483 558
383 277
1755 360
429 307
397 225
383 277
745 318
913 417
700 318
288 246
206 317
429 468
252 218
1526 606
812 421
2348 536
593 417
356 206
516 306
333 378
550 770
2093 556
324 528
565 386
606 586
383 277
1390 466
406 156
1135 76
422 419
356 206
588 256
663 506
2226 556
667 556
543 435
1056 246
2226 556
450 428
656 256
366 556
781 536
556 546
606 278
2126 546
255 383
678 66
769 66
848 453
1210 545
2292 427
990 558
1206 48
1140 76
888 307
446 386
2326 556
456 336
1236 306
692 587
783 528
816 406
919 528
556 546
588 256
516 584
1040 616
178 115
377 56
221 389
868 556
1210 546
739 285
408 556
906 356
745 318
646 586
419 528
484 576
651 528
1506 241
283 612
456 336
422 398
806 236
370 356
453 398
667 528
456 336
957 428
1936 426
1570 406
1040 616
424 136
508 306
161 450
663 506
366 486
1063 453
336 286
420 306
370 255
1289 402
1290 576
750 768
781 536
486 486
888 336
806 286
606 239
455 206
449 93
848 453
383 277
663 506
2126 546
818 586
448 468
2402 576
438 406
798 453
750 768
356 286
906 456
252 218
516 414
370 255
931 306
86 489
406 146
1636 366
768 556
1598 246
1036 316
1636 366
1646 406
667 528
256 970
438 406
445 66
1020 66
888 548
811 486
1598 246
870 336
320 76
720 335
1246 406
291 278
480 402
720 308
1063 449
1570 406
406 186
797 216
706 225
769 486
470 286
656 256
1000 528
232 824
429 307
812 421
870 336
1944 91
2011 556
393 889
348 403
471 66
420 336
330 436
670 575
346 535
663 506
1210 406
333 378
1289 402
438 406
1063 449
761 486
829 556
252 246
656 256
816 538
438 406
456 336
990 558
747 318
833 307
870 86
224 429
568 216
891 548
1688 106
453 398
565 386
480 402
324 528
781 556
2292 472
356 558
516 391
2048 336
252 487
420 278
325 518
1131 306
611 257
2216 336
370 255
523 133
530 406
810 506
680 581
756 556
804 406
1056 246
682 581
291 66
888 307
420 308
491 66
588 256
829 556
797 328
420 308
770 556
806 286
666 424
870 336
870 548
429 307
948 456
411 528
516 391
695 528
436 286
319 258
1770 326
700 336
1598 246
682 474
408 556
440 548
888 576
1375 700
370 256
720 308
680 581
798 453
341 530
453 453
420 306
491 93
769 126
1246 406
811 66
957 456
1293 56
438 406
429 307
1570 406
398 93
348 403
420 308
2048 336
539 503
568 206
222 433
718 399
750 768
383 277
588 256
422 398
1260 326
797 328
422 398
745 318
716 206
776 76
809 106
1701 246
241 575
845 393
565 358
306 336
1701 246
904 406
319 258
348 403
695 528
430 407
1788 356
474 538
