480
1220 2440
306 106
429 307
682 66
620 570
1826 449
2106 306
1410 486
324 528
868 556
756 556
474 538
1338 256
206 56
570 256
2326 556
663 478
422 398
768 556
384 456
422 419
856 356
813 360
520 517
491 93
422 419
1966 206
306 336
1131 286
328 256
695 556
666 424
646 586
812 421
906 356
339 66
2190 406
1103 465
870 308
745 318
812 421
1055 381
2402 576
2070 556
492 558
306 146
1659 398
420 278
745 318
1550 556
370 256
2126 546
888 548
316 392
1063 449
906 456
770 556
1550 420
2326 768
406 156
446 151
783 308
651 528
891 390
348 403
1056 246
316 392
1526 606
1550 556
319 258
222 433
438 436
227 832
348 403
818 586
770 253
606 336
325 518
1526 606
356 324
744 347
990 558
2151 46
1506 420
783 308
1289 406
2326 556
319 258
870 576
891 66
818 558
356 286
1480 728
829 556
875 66
770 217
1973 489
1570 406
812 421
625 353
393 889
420 308
835 556
703 288
890 781
839 251
2402 576
449 556
291 278
1526 606
870 420
420 566
224 429
453 363
530 396
1546 414
570 237
906 66
356 556
2402 576
324 528
371 536
366 486
406 206
1506 420
1906 286
406 136
341 355
2048 336
818 586
456 436
420 336
486 486
995 307
1210 406
448 468
758 138
516 414
1752 336
2406 581
224 429
593 417
520 438
798 449
1646 406
960 566
453 398
516 306
769 486
420 306
437 528
341 530
706 576
370 237
745 346
680 581
383 277
1025 453
1646 406
448 468
1289 393
456 121
1289 402
325 518
818 558
520 517
252 487
746 556
816 538
2216 256
449 556
666 424
718 66
2106 306
370 356
1246 406
1546 414
639 288
835 528
310 236
1970 286
376 206
1290 576
267 106
183 743
1066 336
1546 414
706 225
703 288
1438 625
680 581
556 466
406 146
288 66
468 206
1036 356
812 421
1606 426
995 307
320 286
565 386
289 1172
316 392
406 206
570 256
870 420
448 468
470 287
420 278
870 308
813 360
695 556
341 530
438 406
1555 372
348 403
910 576
1002 556
1218 76
753 354
1002 556
1131 306
611 257
206 426
906 468
928 123
356 286
306 336
422 398
833 307
328 256
417 116
913 417
868 556
348 403
336 286
818 558
419 528
2190 406
1506 420
612 257
703 288
745 346
919 528
2190 406
1721 56
2382 556
1646 406
1071 285
224 429
1066 336
1210 426
906 286
565 358
2136 303
480 402
666 556
291 278
902 358
324 218
870 548
1526 606
781 536
835 123
1755 430
910 467
848 453
761 486
420 278
913 417
520 438
769 486
516 306
420 278
1718 625
1406 66
1659 398
383 277
306 336
333 378
769 265
781 486
1028 421
960 566
433 156
783 528
720 335
750 768
356 286
888 307
2226 556
1636 366
445 548
1555 372
520 517
1068 286
2402 576
366 458
422 398
506 406
1251 347
948 246
745 318
667 536
818 558
553 433
397 225
409 251
333 378
721 356
2106 306
2326 556
556 546
422 398
2190 406
224 76
420 336
1598 246
455 206
516 414
835 556
252 218
383 277
379 225
1210 426
868 556
341 530
2070 556
255 383
891 256
666 424
320 1150
570 66
829 93
783 528
565 358
829 556
784 56
356 206
508 306
291 278
506 396
881 467
1550 556
1236 306
356 286
1289 406
761 486
453 398
1066 336
356 324
870 576
2382 556
1210 406
1906 286
1063 449
2326 556
406 156
306 336
2216 336
1940 538
1398 600
383 277
703 446
1970 286
356 286
453 453
2226 348
798 453
445 66
1398 620
835 556
1550 436
1659 398
2070 556
2126 546
441 360
429 307
746 586
348 403
456 336
324 528
1246 406
346 535
2382 556
346 256
436 458
422 398
1703 66
370 237
480 793
439 366
206 870
420 417
682 581
259 377
406 206
348 403
328 256
2382 556
406 106
1030 76
812 421
502 66
2126 546
366 458
406 156
2402 576
682 581
406 156
806 286
1526 606
740 106
2382 556
721 356
1646 406
565 358
768 556
2402 576
1056 246
1063 449
666 424
881 781
813 360
2292 472
2326 556
695 56
703 442
781 536
833 307
241 577
1289 393
319 258
1290 576
1030 56
2210 206
2259 555
2070 93
797 328
593 417
938 106
783 548
906 356
320 296
429 468
1290 576
593 417
1646 406
606 336
2121 581
990 558
520 438
306 336
2382 556
703 442
1419 456
1556 586
1172 517
2226 556
486 486
931 306
1290 576
888 336
2216 336
456 336
268 56
232 406
1210 324
1390 466
446 386
486 486
370 329
316 392
788 326
406 545
406 156
756 66
496 61
706 576
781 486
927 556
