480
1220 2440
588 256
556 546
816 216
888 307
730 217
858 76
516 584
470 258
1970 336
797 216
1770 336
906 468
1966 576
420 336
798 449
868 556
224 429
1210 545
1210 545
778 486
565 358
2006 93
2382 556
874 123
769 265
588 256
320 258
902 358
1210 406
606 586
1646 406
1390 466
2126 546
438 436
733 600
593 417
1289 406
808 136
870 308
2382 556
720 308
1236 306
1390 466
818 558
470 287
423 310
474 538
255 383
2103 556
456 336
383 277
406 545
818 586
450 66
486 486
870 308
486 486
818 558
625 353
783 308
438 406
221 389
906 456
1289 406
404 486
739 217
804 406
320 296
1290 576
370 255
1788 356
1550 436
990 586
1088 326
506 396
1289 406
818 323
2126 546
448 468
829 556
142 328
870 106
881 467
884 370
1820 93
703 446
393 889
870 420
606 239
666 424
706 66
1666 61
2093 206
341 93
309 237
348 403
747 328
1550 436
325 518
345 535
744 347
692 587
868 555
770 241
570 891
553 433
1970 286
516 414
870 336
745 346
471 66
898 278
306 126
456 336
1172 517
356 206
746 556
1071 285
811 486
2326 556
1498 820
888 336
870 336
1770 326
2326 768
856 356
1290 576
2126 546
779 545
756 336
913 417
1028 421
155 463
573 326
283 611
565 386
666 556
975 86
359 87
990 586
1340 256
2216 256
745 318
2326 768
319 258
456 336
1025 453
919 556
486 438
1550 436
750 740
680 474
558 97
1970 286
420 306
252 218
960 566
406 206
806 286
556 546
429 307
492 558
651 528
379 225
890 781
770 253
739 285
406 206
706 576
2388 86
319 258
667 528
366 556
593 417
2216 256
1055 353
491 66
1066 336
781 356
420 336
356 206
573 326
756 556
2226 556
703 446
1063 449
700 318
906 356
606 336
1636 366
888 307
745 318
503 576
811 486
348 403
818 558
797 328
904 528
453 453
639 288
835 528
1071 285
747 328
520 438
341 530
1236 306
406 206
445 548
480 402
990 586
990 558
889 406
706 576
553 489
2326 556
746 556
1556 386
516 391
325 518
1770 336
670 575
306 336
621 378
370 356
870 336
409 76
324 218
1172 517
429 468
539 503
429 307
406 206
2368 468
802 366
420 417
870 336
1210 545
811 486
750 768
667 536
438 406
2067 56
1290 576
1895 206
291 66
1570 93
990 558
1066 336
756 336
480 793
508 206
328 256
2226 556
359 217
1210 546
486 486
1508 56
700 318
565 358
320 258
2068 468
1402 86
891 576
516 391
888 336
529 469
298 66
320 258
1636 366
224 429
743 337
667 528
448 468
341 530
651 528
2368 468
366 486
695 93
456 336
1246 406
516 414
2216 336
643 884
291 66
468 206
2210 206
1550 436
990 586
440 548
320 258
1210 546
470 286
430 421
870 336
646 586
486 486
706 225
913 417
396 106
853 428
252 218
747 318
131 1163
2093 556
820 337
406 126
1770 326
2382 556
2382 556
1659 398
1356 306
420 278
348 403
703 288
283 612
256 288
1246 406
402 889
324 528
366 556
1210 426
888 336
2226 556
2326 556
593 417
720 308
990 586
745 318
2292 472
606 336
474 457
913 417
370 255
486 438
1973 489
445 173
611 257
2402 576
670 575
565 358
470 258
820 356
1770 336
804 406
960 566
1290 576
663 506
1066 336
600 93
1506 241
1063 453
256 146
2402 576
870 93
639 288
316 392
553 489
1289 406
812 407
784 179
2326 556
888 576
324 218
733 600
666 420
893 356
543 416
1550 436
470 106
480 793
2103 556
186 285
446 386
346 535
241 66
656 256
2326 556
1546 414
2216 256
376 206
1970 336
386 121
1172 517
898 278
370 255
402 889
1940 538
508 126
2368 468
1550 556
346 126
259 377
448 468
881 467
320 258
252 246
1556 586
888 307
888 336
670 238
781 508
824 527
919 126
750 768
283 611
888 307
835 528
470 530
516 414
1659 398
429 468
1636 366
1338 256
310 236
798 453
319 258
420 306
2402 576
706 225
761 486
422 398
803 421
1646 406
919 528
255 383
888 336
438 436
798 453
2226 556
328 307
336 286
570 891
348 403
1390 466
1506 241
853 403
768 556
1289 393
422 419
816 616
516 414
906 456
750 740
1506 241
1172 517
356 206
643 884
706 206
769 555
818 586
1808 346
853 385
348 403
506 158
366 556
888 548
888 307
344 126
1063 449
396 166
1636 366
770 356
2368 468
520 438
1718 625
448 468
486 486
667 536
419 528
430 421
252 218
2206 56
420 93
408 556
1063 449
881 356
1701 246
2292 427
455 528
1966 206
