480
1220 2440
320 286
588 256
818 558
1340 256
2382 556
666 424
480 452
1570 406
835 528
320 296
2136 303
620 570
429 468
252 246
656 256
565 386
593 417
1066 336
1179 66
1390 466
770 556
1906 286
835 123
455 226
422 419
798 449
415 309
455 528
781 556
539 503
1290 576
268 406
743 337
1290 576
2036 566
252 218
406 156
338 146
346 256
486 486
781 66
556 546
1970 286
291 278
346 256
818 558
316 392
324 528
1210 426
720 308
1191 216
611 257
316 392
1066 336
881 781
356 324
2048 336
429 468
1002 556
1236 306
728 845
1550 556
2190 406
1770 336
990 558
606 566
1410 246
1172 517
356 116
1289 406
348 403
1068 286
1506 342
256 970
370 329
853 428
404 56
570 237
1826 449
406 106
745 318
420 308
271 93
540 205
429 307
316 392
255 383
746 556
960 566
559 206
291 278
656 256
1966 576
366 486
960 566
904 406
1944 91
516 584
1246 406
565 358
2292 427
1556 586
259 377
430 421
2406 581
1028 421
320 303
570 237
593 417
680 474
1251 347
429 468
543 416
888 307
328 238
1770 336
348 403
1063 449
348 403
1063 453
888 307
429 468
356 206
761 486
1289 406
422 548
798 449
781 486
811 486
1538 385
486 486
516 391
1246 406
706 576
489 98
733 620
429 468
870 206
756 336
347 506
860 156
492 558
1376 256
309 137
663 506
486 486
423 310
783 528
539 503
593 417
593 417
2226 556
447 106
1550 436
422 548
310 236
919 528
745 318
486 486
497 66
309 137
556 466
437 528
1506 241
811 486
931 306
870 336
682 581
480 452
995 307
453 363
420 267
666 424
881 781
1063 449
2126 546
1636 366
756 66
990 558
369 204
1088 326
296 703
570 891
1210 426
868 556
2190 406
891 256
670 278
774 86
283 612
721 356
470 286
769 56
2382 556
769 486
422 419
870 576
296 703
829 556
506 406
1063 449
379 225
486 486
420 336
868 556
438 436
1390 466
420 306
420 308
438 436
756 556
438 406
366 458
656 256
2126 546
422 419
2046 56
320 217
791 126
835 528
1063 449
853 937
1063 449
356 206
565 358
1210 545
412 528
856 356
768 556
2402 576
2406 106
316 392
769 486
371 508
853 428
255 383
740 770
593 417
408 556
820 337
348 403
858 106
703 288
747 318
1210 546
2292 427
422 419
2048 336
960 566
948 246
456 356
384 456
812 421
391 66
348 403
376 206
1598 246
620 157
1098 365
511 66
291 278
906 356
2006 566
639 288
1659 398
420 566
1506 66
1290 576
835 556
470 286
798 449
769 486
663 506
1088 326
453 398
1210 545
1066 336
700 318
1066 336
371 66
370 255
328 256
448 468
453 398
491 93
283 612
1636 366
438 406
781 556
486 486
620 93
259 377
781 486
422 398
333 378
756 556
1103 465
429 307
348 403
520 438
702 353
667 528
553 489
651 528
2106 306
927 556
797 328
747 328
467 106
808 136
289 1172
786 566
893 356
839 286
875 465
1210 546
412 528
888 307
813 360
1598 246
539 503
1940 538
422 419
404 486
913 417
651 528
990 558
1103 465
449 528
429 307
252 246
845 393
2326 768
1210 426
1550 436
325 518
420 308
1659 398
1970 286
206 287
221 389
1555 372
957 456
348 403
781 486
366 556
388 66
746 586
341 530
818 586
356 286
802 366
1404 468
695 528
888 576
420 330
730 236
833 309
2066 506
458 406
806 106
506 396
367 206
379 225
576 239
2382 556
420 566
873 93
588 256
1506 241
898 306
320 258
910 467
392 87
2093 556
1071 285
408 106
730 236
919 528
816 216
346 256
1056 246
516 391
781 536
1289 406
438 406
839 286
1966 206
452 1206
2206 576
2382 556
1000 556
781 486
456 436
356 337
328 256
695 556
839 251
348 403
913 417
2103 556
348 403
703 446
651 528
2190 406
224 429
625 377
506 406
2348 536
919 556
960 566
1906 286
970 567
402 889
439 366
455 226
588 256
1755 430
375 527
556 546
1290 576
383 277
438 406
650 894
516 278
2216 336
606 239
320 258
1555 372
2326 556
486 486
430 407
797 356
378 225
438 436
409 251
356 324
422 419
1390 466
1188 66
816 538
553 489
252 246
565 93
320 258
781 48
1236 306
356 176
880 66
356 324
2070 556
565 66
1556 386
1289 406
1210 546
320 258
320 258
375 527
839 86
1336 241
1506 420
720 308
440 548
1063 453
778 486
470 106
646 586
1040 616
611 257
678 66
667 528
1104 576
458 406
480 452
483 558
565 386
423 310
422 548
448 468
621 378
