480
1220 2440
720 335
706 225
319 258
1289 393
891 66
952 746
970 567
456 156
540 206
2368 468
438 436
927 556
336 286
747 318
2226 556
406 156
366 556
2126 546
890 537
1906 286
856 356
1570 406
448 468
783 528
516 414
716 206
422 419
898 278
167 308
2190 406
1506 342
328 256
1843 575
1716 216
422 398
990 586
1068 286
1025 453
516 391
346 535
1210 545
370 255
869 86
629 356
820 337
1788 356
781 66
391 97
781 508
379 225
2006 406
910 66
1063 453
1260 307
420 278
320 258
720 308
486 486
891 576
750 740
888 336
650 894
2316 56
423 310
422 419
328 307
818 558
300 267
393 889
1506 420
1570 406
252 487
289 1172
682 474
470 286
393 889
2106 56
906 356
404 486
376 206
2190 406
291 278
620 570
756 336
1088 326
1843 575
308 106
593 417
553 489
816 538
990 586
692 587
870 308
1462 306
2016 151
798 453
455 206
1498 356
455 206
1063 449
356 206
480 793
455 226
611 257
829 556
415 307
441 360
448 468
756 556
1659 398
492 558
813 360
1970 336
2068 468
565 358
553 489
570 237
1606 426
422 419
420 336
1973 489
422 419
348 403
829 528
2093 556
761 486
651 528
556 546
750 768
438 436
612 257
612 257
1550 420
667 528
483 558
1000 556
406 126
778 486
480 452
1410 486
891 576
663 478
543 416
706 206
1506 241
771 137
1908 86
2321 152
1293 56
441 360
1210 545
539 503
706 576
798 453
471 66
309 137
1210 406
383 277
356 206
470 530
715 516
891 576
530 396
829 528
470 286
1210 546
449 93
453 363
570 891
437 528
436 486
420 336
868 555
1289 402
559 206
906 456
496 92
1506 241
371 508
960 566
818 558
559 206
1210 546
1555 372
2326 556
2070 556
812 421
375 527
2402 576
898 278
835 556
769 486
348 403
420 336
747 328
320 258
1066 336
406 545
1390 466
163 353
781 486
747 328
330 436
371 66
420 308
889 406
2259 555
232 824
770 271
1526 606
667 556
289 1172
346 256
835 528
891 576
783 179
530 396
875 465
2292 427
288 246
2190 406
829 93
806 236
870 576
252 246
625 377
516 584
703 442
297 56
744 347
2402 576
818 558
667 556
446 386
2106 306
437 528
816 616
1598 246
666 424
429 307
1289 393
1236 306
573 326
798 449
890 537
1063 449
448 468
781 508
1210 324
798 453
374 126
2382 556
1398 600
2190 406
744 347
158 285
1506 241
695 528
412 528
746 586
470 286
341 93
1210 324
453 398
1755 360
516 137
255 383
438 406
2382 556
706 576
348 403
1601 381
553 489
2382 576
612 257
458 406
809 86
206 408
2036 566
321 66
406 356
1290 576
455 528
140 537
1556 106
1063 449
1550 436
778 486
456 156
2006 93
506 396
404 486
486 486
1973 489
1028 421
497 66
728 556
888 576
2216 256
341 530
818 558
769 265
458 406
2226 556
888 336
459 428
429 307
1055 381
341 355
666 420
1050 761
1289 406
937 287
1210 545
783 528
441 360
356 324
429 468
404 486
1030 336
700 336
570 237
420 336
769 486
455 528
448 468
252 218
326 66
516 414
336 286
556 546
366 458
570 256
320 258
345 535
700 318
520 517
436 486
990 586
1470 106
1398 620
1178 218
348 403
756 556
783 548
888 307
1506 420
1546 414
931 306
1506 342
2382 556
516 414
695 528
2226 348
1752 336
430 421
2292 346
606 336
256 136
702 353
324 528
420 308
371 508
870 336
320 258
739 285
783 548
422 419
420 566
646 586
221 389
680 581
606 586
703 288
1066 336
1210 545
453 453
438 406
1210 545
2326 556
1289 406
1721 56
319 258
291 278
781 556
756 556
420 336
393 889
1788 356
906 468
1002 556
902 360
420 566
378 87
568 66
411 528
2226 556
438 406
2086 66
667 536
319 294
913 417
383 277
259 377
839 286
844 123
406 106
520 438
848 453
456 336
833 307
370 255
870 308
530 396
570 237
516 391
516 306
2382 556
516 584
2070 556
1556 586
423 310
1659 398
268 406
348 403
2382 556
480 402
888 307
446 386
824 527
803 421
325 518
960 566
906 356
667 536
870 336
356 286
1150 236
224 429
529 469
356 324
422 419
957 456
530 396
2126 546
952 746
422 419
611 257
2348 536
1770 336
1966 206
1289 393
316 392
1236 306
733 600
406 206
1040 616
919 556
696 56
1966 576
706 576
306 336
2216 336
667 536
948 456
612 257
835 528
420 267
2402 576
904 406
1636 366
421 66
810 506
383 277
1966 206
835 528
625 353
422 548
456 436
1556 586
