480
1220 2440
516 66
776 241
530 106
2216 336
770 356
639 288
1103 465
651 528
1555 372
2406 106
570 256
448 468
703 442
543 416
666 424
1802 76
884 370
441 360
1546 414
1406 93
492 558
345 535
870 336
829 556
588 256
165 553
682 581
1040 616
430 407
745 318
1565 561
868 556
611 257
420 336
470 286
224 429
667 536
406 156
420 308
781 486
330 436
486 486
559 206
813 360
1210 546
420 308
2382 556
1236 306
1000 556
224 429
437 528
806 286
556 466
835 528
538 66
480 402
455 528
856 356
420 308
370 237
1970 336
1546 414
1289 406
1340 310
833 307
420 308
667 536
1210 545
888 336
881 781
379 225
480 793
746 556
438 406
816 216
1066 336
438 406
750 768
1088 326
682 581
2226 348
1498 356
816 538
788 307
570 256
2048 336
319 258
1066 336
453 363
919 556
366 458
1066 336
783 548
445 548
663 506
430 421
2326 556
970 567
384 456
804 406
904 528
286 136
1063 449
480 402
556 546
356 206
319 258
786 566
1210 546
456 436
320 303
1506 342
406 206
695 556
441 360
1906 286
447 56
422 398
829 528
356 324
556 546
402 889
474 457
2066 506
1290 576
202 894
371 508
570 256
437 528
420 336
378 225
745 318
2348 536
356 324
744 347
369 356
2402 576
1565 561
1570 93
480 793
783 528
370 356
682 581
402 889
429 468
2103 556
870 308
791 126
884 338
703 442
319 556
291 278
252 218
422 398
808 136
1659 398
1659 398
409 251
2382 556
383 277
530 396
770 86
283 612
666 556
781 508
811 486
543 416
306 106
486 486
506 396
797 328
888 336
813 360
420 308
919 528
870 106
1526 606
870 308
2036 586
1498 820
2368 468
906 468
666 424
378 66
356 206
348 403
2036 566
870 420
429 468
769 486
1040 616
2190 406
919 556
347 506
884 356
1178 218
816 406
224 429
163 417
818 126
1210 426
420 566
440 548
2404 906
1788 66
1071 285
747 328
255 383
703 442
906 356
559 206
889 406
370 255
913 417
620 176
750 740
486 486
316 392
486 486
467 106
913 417
1616 66
833 309
338 146
241 66
558 97
769 486
455 226
379 225
1068 286
1550 93
1210 545
486 486
1066 336
268 406
453 453
367 88
341 530
810 478
430 407
1068 286
1179 76
818 323
2382 576
324 528
222 433
492 558
667 556
324 528
445 576
330 436
455 226
868 556
366 556
960 566
663 506
1246 406
783 308
1260 307
224 429
663 506
818 558
1063 449
819 356
781 556
406 206
406 206
621 378
378 225
761 486
783 548
508 206
816 538
520 438
516 391
824 527
663 506
1390 466
761 486
419 528
356 286
483 558
255 383
695 528
320 258
2348 536
1071 285
2326 768
422 419
348 403
829 528
621 378
1598 246
341 530
606 239
366 106
811 486
420 308
316 392
680 474
960 566
769 265
587 56
888 336
1206 93
224 429
520 438
483 558
1370 406
858 216
438 406
2326 556
497 66
333 378
902 360
455 226
680 581
890 781
442 527
370 356
1764 66
430 421
1970 336
695 528
516 584
1376 256
621 378
1390 466
2068 468
703 288
420 566
1000 556
1002 93
606 239
695 93
370 256
452 1206
341 530
383 277
316 392
720 335
621 378
747 328
319 258
612 257
1002 556
430 421
656 256
406 545
346 278
1506 342
629 356
2368 468
406 206
708 106
568 66
919 556
516 414
516 278
1770 336
781 486
404 486
884 370
1071 285
2106 86
470 530
1716 216
320 296
291 278
406 106
606 278
1290 93
667 528
556 546
913 417
448 468
320 258
651 528
370 256
888 307
703 442
506 406
2382 556
540 206
1340 256
2402 576
320 316
430 407
1843 575
612 257
420 306
429 307
667 556
1646 406
393 889
781 606
366 486
1550 556
553 489
651 528
913 417
474 538
411 528
370 237
531 66
786 236
568 206
283 611
570 237
1210 545
743 337
913 417
2036 586
740 86
1131 306
2326 556
453 398
768 555
506 396
1755 360
875 465
816 216
1063 449
516 306
2292 472
750 768
803 170
328 256
319 258
480 402
1973 489
811 486
750 730
402 889
436 458
486 486
810 428
570 891
520 517
430 421
806 286
798 449
948 246
406 106
420 336
686 506
1210 426
868 556
770 556
348 403
2382 556
874 123
455 206
325 518
1659 398
703 288
530 406
453 453
333 378
1538 385
798 453
2402 576
2006 566
356 236
486 438
1104 576
2210 206
1555 372
470 306
606 566
404 486
393 889
320 296
835 556
990 558
1289 393
319 258
919 556
383 277
1289 393
