480
1220 2440
820 337
667 536
872 86
695 556
621 378
870 336
1770 336
2068 468
556 546
565 386
1556 386
891 576
747 318
960 566
666 556
910 576
221 389
1565 561
906 356
573 326
404 486
904 406
770 241
806 286
906 456
919 556
680 581
320 296
516 414
356 558
393 889
316 392
325 518
1701 246
320 258
798 453
829 528
470 377
771 137
1030 336
1480 728
371 508
835 93
508 306
990 558
720 308
570 237
2382 556
812 421
747 328
420 308
516 391
406 106
568 206
750 740
720 308
606 566
2216 256
455 226
283 612
781 508
931 271
406 156
1290 576
486 438
809 61
486 486
2126 546
703 288
391 66
829 528
170 196
706 576
611 257
670 575
420 417
406 156
808 136
423 310
420 566
486 486
222 433
888 336
769 265
843 187
747 318
406 91
356 558
611 257
320 258
818 558
480 793
706 206
745 346
888 307
1770 326
1498 820
474 61
651 528
347 506
470 286
720 335
406 126
370 356
682 581
811 486
1063 449
406 206
778 486
2326 768
1636 366
256 116
1550 556
445 356
565 358
306 179
868 556
593 417
1636 366
429 307
420 566
474 457
1260 995
1555 372
781 556
1770 336
348 403
377 56
868 556
336 286
429 307
423 310
356 206
853 385
593 417
706 576
553 489
1966 576
802 93
324 218
2103 556
408 556
1506 241
252 246
906 356
420 278
2348 536
438 436
706 576
486 486
695 56
439 366
990 558
448 468
319 258
366 486
870 308
756 556
952 746
839 286
483 558
438 406
620 570
835 123
330 436
453 398
798 453
222 433
397 225
612 257
888 307
422 419
783 308
470 530
682 581
455 226
445 548
906 93
344 126
870 336
453 398
483 558
420 308
781 66
798 453
559 206
2103 556
333 378
1289 402
1025 453
420 308
516 391
835 123
291 278
888 336
700 318
437 528
291 278
422 419
470 286
429 307
904 528
769 555
1906 286
2066 506
470 286
455 528
646 586
906 456
797 216
1251 347
2402 576
453 398
1210 546
366 556
750 740
392 87
960 566
1895 206
1659 398
706 206
700 336
1210 546
1970 286
884 338
404 486
1843 575
870 576
670 238
1210 324
420 566
781 486
1040 616
470 138
516 391
438 436
816 538
1068 286
1970 286
1063 449
148 535
1068 286
695 528
2126 546
1210 324
448 468
1570 406
781 356
397 225
289 1172
706 206
1550 436
2382 556
422 419
336 286
300 1068
1289 402
1506 342
438 406
348 403
750 768
888 336
1071 285
2326 768
1966 576
516 414
2292 427
1091 401
2126 546
452 1206
2226 556
458 406
813 360
448 468
320 258
374 126
858 66
781 508
588 256
1546 414
835 528
383 277
2216 256
621 378
1826 449
142 328
471 66
1030 336
1755 430
706 576
1210 426
449 556
420 566
733 620
816 406
516 414
750 768
420 306
990 586
480 452
768 555
990 126
420 306
341 530
420 308
256 136
1523 606
975 86
667 536
1718 625
378 225
448 468
1076 256
429 307
291 278
438 406
2106 306
516 391
1066 336
422 419
891 256
703 442
891 548
252 246
453 453
781 486
324 528
1150 236
356 176
2226 348
768 556
612 257
366 556
606 566
408 556
1246 406
486 486
2382 556
810 428
781 556
320 258
1555 372
438 406
2070 556
1970 336
429 307
1002 556
1050 761
2292 427
818 558
448 468
1826 449
2003 414
316 392
328 238
371 508
870 336
1506 342
695 556
1506 420
593 417
1770 326
1606 426
553 433
378 225
356 206
320 258
356 337
1066 336
2068 468
720 308
771 137
1210 545
829 556
848 453
1172 517
320 258
319 258
1340 256
328 256
783 308
728 508
570 237
456 336
824 527
486 486
384 456
181 280
438 406
1356 306
1260 326
1506 241
745 126
420 306
565 358
506 396
324 528
1246 406
835 556
568 206
818 558
568 216
348 403
383 277
386 121
1556 66
1526 606
1355 386
306 336
420 308
1030 336
320 286
543 416
406 136
429 307
621 378
388 76
356 206
813 360
319 258
333 378
430 421
1550 93
818 586
663 187
797 328
570 256
470 286
406 206
393 889
1179 76
776 241
320 258
906 356
474 538
325 518
819 332
813 360
291 278
2093 556
1404 468
1595 421
1063 453
283 612
1606 426
919 528
606 586
703 442
816 616
520 438
756 556
829 556
786 566
384 456
419 528
667 528
348 403
819 332
943 76
913 417
1289 406
486 486
818 558
646 586
625 377
888 76
2402 576
813 360
663 506
1966 206
650 894
779 545
491 93
224 429
415 309
904 528
1065 353
256 970
508 306
438 436
