600
1220 2440
888 576
739 285
2093 556
906 468
666 420
937 306
769 126
2106 56
508 126
453 363
804 406
739 285
785 76
1066 336
324 56
486 66
1191 216
2006 406
906 468
406 106
470 286
308 106
455 206
768 93
1178 218
2382 556
321 66
2036 586
833 307
869 86
422 398
2006 93
497 66
666 420
1606 426
1251 61
789 137
2382 556
1040 616
446 386
163 353
422 419
1289 406
430 421
870 336
651 528
756 336
501 66
2348 536
910 576
829 93
746 56
1025 453
441 360
798 453
370 255
448 468
486 486
746 556
702 353
769 486
420 308
540 205
2070 556
415 307
666 424
696 56
348 403
902 360
906 456
455 206
870 308
2402 48
2226 348
2070 556
829 528
516 414
325 136
1555 372
1210 324
670 278
888 336
910 66
371 66
927 256
667 536
743 86
406 56
1512 66
406 66
406 116
470 286
1506 241
406 56
818 558
441 360
1210 545
625 377
2190 406
2402 576
856 126
904 406
341 93
252 93
898 106
422 548
784 56
1020 306
937 287
1716 216
371 66
406 126
783 308
1260 307
756 556
756 556
422 419
919 93
406 356
517 93
758 72
391 97
310 236
348 403
781 486
686 203
456 156
1050 761
646 586
1506 420
663 156
309 137
957 456
2226 556
206 56
393 889
366 556
310 236
406 186
2068 468
348 403
808 136
990 586
320 258
1210 93
268 406
543 416
2190 406
1550 436
449 528
744 347
1940 538
404 486
2348 66
695 528
341 530
888 336
1546 414
868 556
378 87
888 126
256 136
1946 66
2326 768
612 257
870 336
511 93
356 286
818 586
565 358
408 136
422 419
706 56
816 183
444 137
2368 468
758 146
406 136
870 336
612 257
324 528
420 336
2266 66
288 246
181 280
882 93
320 296
252 218
818 558
706 225
393 889
783 179
534 61
1534 48
406 156
1462 306
770 556
835 528
516 414
486 486
348 403
341 93
86 489
1829 138
309 137
893 66
771 137
959 66
904 406
406 106
2382 556
1088 326
818 558
2216 256
1718 625
570 237
491 93
411 528
944 61
471 66
703 288
810 506
1908 86
770 241
508 306
256 136
486 486
1293 56
320 258
356 116
406 206
1659 398
2226 106
529 469
471 66
2326 126
501 46
1326 66
2036 566
888 336
706 206
778 486
256 136
458 406
369 204
324 528
543 435
406 156
333 378
252 218
692 587
420 106
291 278
356 286
316 66
798 453
1210 545
420 267
343 156
319 258
2316 56
290 187
417 116
312 68
309 137
2292 472
1210 426
898 278
891 556
2321 152
348 403
1289 402
667 536
539 503
356 176
1071 285
870 576
625 377
453 398
480 56
420 336
356 324
221 389
516 414
348 403
422 548
221 389
1088 326
438 436
491 93
1498 356
666 146
570 106
824 527
1063 453
1355 66
1398 620
1066 336
438 406
1104 576
520 517
455 226
990 66
888 66
259 377
981 66
391 97
747 328
406 116
919 556
1721 56
252 218
703 442
422 419
745 318
586 106
1441 66
267 106
667 536
406 126
181 280
320 258
320 258
438 406
309 237
341 355
695 528
1289 406
1593 106
1398 600
2106 56
393 889
1063 449
429 468
1293 86
891 66
440 548
756 556
158 285
778 486
781 66
798 449
449 528
1258 106
406 126
1788 356
1210 545
556 546
839 286
1376 256
1131 286
420 336
570 256
1770 336
1068 286
891 576
534 61
818 586
868 555
2056 93
458 66
703 442
539 503
467 106
2402 576
348 403
336 286
325 518
2326 556
446 151
777 203
747 328
429 468
1066 336
2382 576
445 576
1040 616
506 396
255 383
2382 556
383 277
930 56
2382 556
781 508
420 336
1908 86
480 452
667 556
927 556
2070 93
328 307
750 740
412 528
856 356
990 558
1970 286
806 93
1150 236
891 576
447 106
438 436
1210 545
855 126
458 406
406 116
339 126
1006 93
449 93
516 137
1210 406
2316 56
406 116
1340 256
397 225
374 126
2316 56
1236 306
167 308
161 449
413 156
2402 576
2326 126
530 396
540 206
516 391
290 187
491 93
835 556
470 286
2326 556
1770 336
568 66
553 489
456 156
366 458
1570 406
530 396
390 137
1755 360
346 535
422 419
516 306
888 307
383 277
480 793
1246 406
1659 398
771 137
606 336
388 72
178 620
1210 324
474 61
1091 66
779 66
406 156
486 486
316 392
289 1172
720 335
321 66
728 556
756 56
2292 427
570 237
429 307
496 92
797 66
1556 586
291 278
470 286
952 746
356 558
806 93
1210 426
289 1172
320 258
438 406
856 356
439 366
811 56
420 278
870 93
206 408
666 86
221 389
441 360
406 86
516 66
888 307
2064 86
781 536
1406 93
1506 342
2402 56
516 584
422 398
611 257
1659 398
316 392
695 528
2292 346
404 486
224 429
1404 468
1506 420
336 286
1598 246
421 66
289 1172
706 576
1063 449
2402 576
780 197
436 458
888 336
680 76
2226 556
1598 246
1289 393
140 537
1236 306
422 419
459 428
448 468
530 396
356 116
715 516
797 188
1236 306
835 556
406 156
252 487
406 545
406 116
1390 466
383 277
386 121
289 1172
1506 420
2402 576
2079 66
2067 56
2382 556
884 370
784 179
384 456
573 326
491 93
565 358
1970 336
406 56
809 86
733 600
436 486
2216 106
1066 336
570 237
781 486
326 66
1470 106
656 256
483 558
870 126
844 123
1556 106
297 56
952 746
1030 336
898 278
2006 406
2016 151
2086 66
1048 106
1665 86
438 406
516 584
538 56
376 206
2190 406
830 433
421 66
371 66
2382 556
682 66
269 66
2382 556
419 528
306 106
1002 556
324 528
356 286
1289 393
730 236
328 256
421 66
383 277
341 93
429 307
516 391
