600
1220 2440
1091 66
910 576
1172 517
771 137
928 123
687 184
310 236
1556 586
1063 453
819 356
406 156
2368 468
547 56
406 206
376 60
770 241
1550 436
1500 56
666 556
356 116
220 86
438 406
182 338
2048 336
565 126
966 106
359 87
1556 586
739 285
769 265
779 545
453 398
409 76
206 66
1289 406
2026 56
316 392
534 61
1131 306
1340 310
553 489
222 433
820 356
422 126
328 256
639 288
1770 336
818 586
306 93
306 336
781 486
406 156
2068 468
491 93
750 768
797 328
703 442
667 528
896 203
520 438
1555 372
813 360
1010 307
2048 336
975 86
429 307
543 435
868 93
695 528
474 538
1000 93
868 555
1289 406
842 137
587 56
2216 336
966 86
2382 556
931 306
829 528
1063 449
788 66
540 206
767 137
606 239
268 56
306 179
421 66
888 307
206 66
474 61
870 336
606 336
445 86
1406 93
367 206
406 106
876 86
682 581
706 225
470 286
281 66
404 486
539 503
531 66
471 66
456 336
756 556
1040 616
612 257
1170 126
516 391
327 318
256 136
370 197
1040 616
870 336
1088 326
402 173
470 377
870 66
990 558
369 356
455 226
651 528
646 586
170 567
2382 556
913 417
612 257
810 428
183 397
456 206
511 66
491 93
540 206
406 106
540 206
651 528
271 93
741 61
506 406
341 93
1438 625
396 91
1206 61
770 356
480 793
2021 66
1966 576
320 107
797 328
2216 256
682 581
2226 556
391 97
2121 581
743 86
1155 156
406 116
1895 86
806 286
1210 546
291 66
530 396
620 93
1419 56
1470 136
480 452
539 503
448 468
420 306
316 392
289 1172
612 257
570 256
717 126
486 486
310 236
516 391
870 576
1172 517
797 356
570 256
480 793
769 66
2423 93
2402 56
1940 538
1906 286
378 225
680 581
868 555
406 106
489 98
2048 336
470 287
333 378
339 68
422 548
438 436
516 391
1260 326
2216 256
706 225
692 587
809 86
870 126
283 612
445 548
812 421
1701 246
296 703
2036 586
565 66
406 156
720 336
839 251
366 458
906 468
1441 66
1555 372
889 406
328 238
570 256
2402 576
492 558
1056 246
808 136
620 176
733 620
356 324
341 530
256 136
1056 246
687 184
606 239
1970 156
422 126
356 236
430 421
165 553
486 486
1010 307
990 558
370 329
491 93
1556 386
1718 625
803 421
1966 576
480 452
565 93
453 398
491 93
845 126
811 486
324 528
682 581
420 308
2070 556
86 489
565 358
1048 86
324 528
770 86
663 66
530 106
1570 406
429 307
226 196
406 106
706 576
252 218
345 535
732 137
651 528
2068 468
309 237
386 121
341 93
930 61
1210 324
1000 556
481 93
499 56
612 257
310 236
1000 556
853 76
1030 56
333 378
2216 336
1170 66
600 93
833 307
477 126
2402 48
379 225
703 288
1063 449
1210 545
409 286
888 336
406 136
324 528
1966 206
320 296
366 66
2292 472
990 558
248 66
300 267
185 503
1570 406
758 146
448 468
255 383
436 66
224 429
2326 556
845 66
377 56
565 358
629 356
256 288
2266 66
568 56
703 288
1246 406
1506 241
720 308
424 136
835 93
890 537
770 1110
420 278
345 535
2156 60
429 468
568 66
2003 414
1636 366
1246 406
720 336
1966 576
919 528
356 66
511 93
1546 414
565 358
2326 556
593 417
520 517
1063 449
456 336
1063 453
345 535
666 86
1380 66
429 468
2116 56
625 377
750 768
768 555
350 179
328 256
393 889
530 158
232 824
379 225
2288 48
721 356
471 93
316 392
1167 76
747 328
600 157
667 528
406 146
516 306
768 556
1063 449
666 424
769 486
370 237
324 528
406 146
396 106
2408 56
370 256
420 278
392 87
429 468
516 414
1340 256
830 76
429 307
420 566
423 310
453 398
851 137
663 156
348 403
1770 1010
937 287
910 576
1170 66
406 156
960 566
406 206
406 106
1246 406
66 802
783 548
2070 93
1030 336
746 586
745 318
1076 66
1063 449
420 566
797 66
770 556
448 468
870 548
324 218
818 558
750 768
348 403
803 170
453 363
482 86
1355 386
667 528
453 398
391 97
606 239
1872 61
667 536
2068 468
356 206
531 66
471 66
1260 156
348 403
547 56
716 90
438 406
913 417
406 156
383 277
848 453
783 548
750 768
1906 286
593 417
816 216
456 436
163 417
2048 336
639 288
1289 402
440 548
670 238
620 570
356 324
422 419
780 197
1546 414
480 402
370 255
319 258
1063 449
565 386
570 256
620 570
1289 393
1063 449
781 486
182 403
467 106
1290 576
761 486
356 206
256 136
778 66
1210 426
449 556
959 66
429 468
172 363
798 449
870 336
252 218
1966 576
744 347
906 468
746 56
1210 545
706 225
1251 347
2226 556
468 206
1290 93
1826 66
656 256
2070 126
2026 56
408 136
1709 56
406 93
797 328
270 106
306 126
420 308
312 68
256 136
1071 285
480 452
477 126
540 206
744 347
320 258
404 66
746 556
1002 556
202 894
2406 56
656 256
739 285
870 576
960 66
1973 489
1066 336
1546 414
291 278
1066 336
328 66
1556 586
740 770
456 146
706 56
1570 406
1770 66
1716 216
651 528
486 486
1289 406
906 286
271 93
456 146
870 86
516 391
440 548
1752 93
811 66
402 173
761 93
480 452
516 391
378 87
406 156
1289 402
420 286
829 528
1210 546
839 251
420 336
429 468
830 433
1251 347
663 126
818 586
2190 406
420 566
370 356
1326 66
1289 406
455 528
506 396
981 76
283 87
898 278
990 66
745 346
1340 310
444 137
383 277
324 528
356 324
1210 324
1025 453
812 421
1030 336
1020 66
620 157
769 56
341 530
421 66
