600
1220 2440
570 256
222 433
1526 88
1056 246
1565 561
458 66
896 203
1063 449
606 336
1659 398
2226 348
1050 761
492 558
406 156
2103 556
667 536
445 548
666 424
306 106
2382 556
1126 56
708 106
291 278
470 287
600 157
1406 66
919 93
906 286
1616 66
1068 286
482 86
123 66
420 306
516 306
781 508
430 407
429 307
2011 556
406 206
348 403
868 556
616 66
1131 306
913 417
703 442
393 889
2190 406
420 106
952 746
453 363
758 72
256 136
256 116
348 403
1550 93
271 93
570 891
2226 348
540 206
1289 393
620 176
818 558
588 256
1071 285
666 424
324 528
470 286
356 324
306 93
744 347
516 66
695 93
646 586
863 56
406 106
330 436
1210 324
740 86
2382 556
2103 556
445 66
715 516
1010 307
1290 576
1659 398
1071 285
809 86
367 88
1770 1010
338 66
682 581
612 257
919 556
402 889
283 611
1103 465
1538 385
588 256
1570 406
745 318
318 66
818 558
516 414
319 258
453 453
750 768
474 538
769 56
131 1163
422 419
378 66
778 66
449 106
430 421
808 136
682 581
1290 93
2005 66
756 66
1506 342
667 556
806 93
1040 616
442 527
338 146
420 267
470 530
981 66
1406 93
756 556
328 256
447 56
319 258
888 336
888 336
328 256
663 66
320 258
356 116
422 398
567 93
1071 285
876 86
1416 176
2368 468
252 218
441 360
333 378
770 86
437 528
224 429
2126 546
1376 256
383 277
420 308
1981 106
842 137
2382 576
406 116
888 336
406 106
606 336
750 768
406 545
1555 372
306 106
291 278
1064 46
538 66
509 76
383 277
1659 398
1550 556
348 403
888 336
802 366
2068 468
1290 576
868 556
1289 406
445 173
796 124
876 106
756 336
320 286
399 56
480 793
769 86
1733 86
2382 556
1526 606
703 442
1802 76
891 66
455 206
319 258
1895 76
1150 236
870 106
1701 246
429 307
746 586
350 179
420 278
1788 66
565 358
593 417
420 278
990 66
1010 307
913 417
1135 76
356 324
402 889
1179 76
306 336
486 438
667 536
345 535
248 66
856 356
406 206
406 156
668 166
568 66
937 287
378 225
241 66
516 306
816 538
570 237
904 528
1802 76
1355 386
438 406
458 406
406 545
819 356
720 335
356 206
348 403
611 257
1370 406
497 66
892 123
600 93
528 66
480 402
758 66
491 93
370 356
720 308
294 66
771 137
791 126
163 417
975 86
420 336
530 396
291 66
486 486
1210 546
406 106
316 392
320 303
1836 61
760 156
806 236
783 528
304 126
870 336
450 428
291 278
781 556
455 528
750 138
1970 286
341 530
1758 76
888 307
1066 336
611 257
651 528
379 225
1002 93
316 392
913 417
530 106
1716 216
746 56
502 66
1670 106
539 503
406 126
356 324
888 576
370 256
1526 606
666 424
429 307
1752 93
467 106
378 225
747 328
1570 406
492 558
1002 556
420 336
406 156
356 558
455 226
587 56
530 406
1826 449
406 106
348 403
2292 472
919 556
2382 556
747 328
2036 586
783 308
768 556
750 740
870 93
516 278
829 556
1260 326
1870 86
2070 556
252 246
341 93
356 286
835 93
486 486
406 106
254 76
465 156
781 556
906 356
2066 506
406 136
797 126
2104 705
306 179
316 392
123 936
1040 616
650 894
1048 86
1659 398
406 136
320 296
870 308
621 378
565 386
813 360
422 419
884 370
437 528
663 506
497 66
906 468
1010 307
321 66
420 566
448 468
2136 303
1659 398
420 308
853 428
695 93
406 206
856 356
419 528
486 486
506 406
2348 536
348 403
769 555
202 894
2093 556
391 97
818 126
1570 93
868 556
330 436
1498 820
959 66
874 123
520 517
528 86
761 486
2106 86
343 156
430 421
286 136
770 241
556 546
1289 406
497 66
516 414
670 575
2131 56
406 156
870 56
309 137
726 66
650 894
421 66
706 141
540 206
470 286
612 257
2402 576
1770 93
1033 93
1764 66
700 336
804 406
420 308
981 56
956 66
370 237
2226 556
770 61
458 406
651 528
404 486
281 66
1906 286
421 66
663 506
1498 356
806 286
562 66
436 458
559 206
611 257
770 356
788 307
165 553
456 436
1546 414
829 556
1066 336
474 538
1210 324
452 1206
483 558
370 329
455 226
159 567
406 106
338 66
420 93
1063 449
816 216
420 336
870 548
659 56
887 203
227 832
1390 466
829 528
256 146
406 116
288 66
1210 426
1970 336
776 241
558 97
283 612
1926 56
1606 66
798 449
366 106
2326 768
856 356
666 556
848 453
341 93
808 136
750 768
2404 906
338 56
565 358
458 66
682 66
456 106
1206 93
913 417
445 576
448 468
429 468
686 203
304 126
491 93
448 468
1998 86
670 575
306 106
486 486
448 468
256 106
406 166
269 66
496 138
1338 328
1755 360
875 465
455 206
813 360
656 256
1340 256
531 66
888 576
876 106
695 528
256 136
1970 336
291 66
2406 106
549 97
486 438
347 506
1007 86
201 86
1788 356
1290 576
370 256
453 398
169 386
611 257
919 528
420 308
667 536
506 66
720 308
870 308
429 468
2106 306
1210 545
441 360
1390 466
291 278
639 288
806 286
808 136
339 66
770 241
306 179
474 538
142 328
816 406
1565 561
1077 86
406 136
621 378
384 456
612 257
913 417
456 156
456 336
629 356
486 486
452 1206
267 106
902 360
2216 256
370 237
445 173
370 256
970 567
1843 575
2402 576
506 396
291 278
163 417
860 74
486 486
320 258
816 538
448 468
1752 336
480 402
803 170
1646 406
845 126
570 237
549 97
570 237
556 546
833 309
291 278
639 48
818 586
1236 306
420 566
768 555
