600
1220 2440
2106 106
1570 406
931 306
266 106
369 204
420 66
2216 256
1025 453
390 86
1246 406
884 370
486 66
781 508
655 184
1131 188
2404 906
2292 346
370 255
1770 336
420 308
835 528
345 535
818 558
667 556
388 76
764 126
756 556
910 576
420 336
891 66
96 106
371 126
370 256
333 378
406 545
370 256
780 197
1606 56
319 258
384 456
1246 406
898 306
430 407
1236 306
540 205
356 106
420 308
422 398
338 66
721 356
255 383
530 106
333 378
482 86
2382 556
232 824
629 148
406 183
666 420
1659 398
442 527
549 97
1040 616
851 137
540 93
480 793
430 407
1506 420
978 76
2226 556
491 93
770 556
540 205
960 566
471 66
288 246
458 406
291 278
186 285
779 545
558 97
406 186
670 575
1973 489
2402 576
320 296
1290 576
860 353
449 556
1806 66
306 146
420 336
934 198
745 66
320 296
812 421
252 246
227 832
1659 398
1570 93
1150 236
486 66
750 768
823 76
1210 426
1726 66
1441 66
656 93
1550 436
870 206
413 106
491 93
1550 420
839 286
448 468
543 416
453 363
1843 575
1606 66
489 98
291 66
600 157
391 97
1506 106
344 126
430 407
238 76
570 891
319 258
898 66
2326 768
1426 64
402 889
1336 241
620 157
770 241
320 258
422 419
324 528
1770 336
420 566
1000 556
1172 517
185 503
1135 76
775 336
202 894
333 378
1289 406
2292 427
616 126
306 146
1246 406
812 421
422 419
480 402
1210 545
1755 430
783 548
406 56
406 126
455 528
732 137
497 66
1056 246
2348 536
291 278
745 346
291 278
456 146
706 86
291 278
256 288
881 356
1770 66
1786 56
366 486
856 356
1210 546
429 307
406 116
851 137
906 66
438 406
1131 286
770 296
788 66
835 528
2106 86
1546 414
856 126
420 336
346 256
1506 241
232 406
419 528
703 288
406 206
531 66
1338 328
2326 556
1931 66
456 436
811 486
356 324
1970 336
453 398
778 56
480 452
1404 468
356 286
168 346
516 306
1550 556
778 486
324 528
422 419
404 486
695 528
397 87
1290 576
491 93
1251 347
593 417
1088 326
445 356
421 66
913 417
606 239
1055 381
406 186
1536 66
870 336
888 307
695 528
2226 348
516 584
538 66
1556 586
420 278
1506 241
256 136
768 555
328 307
869 86
789 137
456 336
406 106
839 251
319 258
840 66
750 768
320 258
369 356
990 558
530 396
283 611
252 218
1260 956
458 66
1550 420
453 398
356 206
1498 356
516 306
870 576
356 286
868 556
255 383
491 93
2068 468
252 246
1390 98
288 246
320 258
1701 246
700 318
539 503
1172 517
1000 556
746 556
1966 206
870 336
750 740
813 360
559 206
978 76
776 76
486 486
868 556
797 328
422 419
470 287
1391 406
181 436
375 527
491 93
448 468
868 556
1788 66
1131 286
884 370
1546 414
710 241
770 93
1550 436
221 389
388 72
812 421
320 286
620 157
768 555
379 225
1556 586
978 76
320 258
456 336
870 86
508 306
339 146
1770 1010
756 556
620 93
1556 106
1340 256
499 56
2292 427
306 336
255 383
453 398
720 308
528 66
320 296
553 489
422 548
2070 93
421 66
1063 449
1002 556
2006 406
667 536
686 506
770 271
486 66
324 528
568 216
768 556
422 419
406 206
188 86
906 356
677 68
2326 768
2070 93
1659 398
330 436
445 548
919 528
747 328
781 536
2068 468
774 179
406 136
452 1206
1615 76
2226 348
252 246
406 106
1155 156
1356 86
506 396
706 206
406 156
848 453
666 556
359 217
448 468
744 347
506 396
356 66
750 768
325 136
612 257
458 66
449 556
1040 616
320 258
802 93
791 66
406 156
1390 98
870 86
1063 449
826 66
238 76
1103 465
291 278
761 486
330 166
492 558
1246 406
370 66
255 383
1406 66
1970 336
1326 66
758 106
421 66
888 307
1210 426
960 126
761 486
316 66
1076 256
1546 86
718 399
808 136
835 556
781 66
483 558
556 546
356 116
1172 517
442 527
511 66
896 203
612 257
371 536
621 378
256 970
2382 556
220 86
388 72
320 258
370 256
356 324
448 468
467 106
458 406
111 395
328 66
835 528
781 556
206 408
1340 256
736 107
406 106
1546 414
491 93
206 66
429 468
2048 336
1290 576
888 307
1755 430
320 76
1881 56
2005 66
1770 336
491 93
1586 63
750 768
785 76
356 324
1950 46
835 528
456 336
1659 398
733 620
356 558
161 449
328 256
703 288
406 136
421 66
835 528
342 166
1063 449
695 528
406 106
377 56
1355 386
2292 472
656 196
458 66
222 433
348 403
768 556
769 486
1172 517
419 86
682 581
446 386
1565 561
406 106
808 136
516 391
1752 336
758 146
256 970
1063 449
888 307
286 156
558 97
2216 336
1006 86
889 406
178 620
446 386
321 66
306 93
429 307
600 157
769 555
990 586
348 403
1998 86
330 166
1836 56
1895 76
420 66
319 258
667 536
770 216
990 586
682 581
781 486
835 556
626 126
746 556
700 318
324 528
396 166
620 93
860 74
406 156
330 66
2292 427
1266 81
2382 556
306 336
256 126
1290 576
849 126
927 556
232 824
868 555
456 336
829 556
499 56
420 308
1210 545
404 486
888 336
692 587
870 548
753 354
516 391
750 126
745 346
470 286
696 56
439 56
1236 306
1498 820
858 86
406 156
1370 406
330 436
487 186
453 453
1000 126
646 586
1498 820
420 308
2070 556
408 556
320 286
516 391
261 66
506 176
406 156
501 66
695 556
851 137
835 56
406 86
1550 436
1010 307
1028 421
743 337
1586 56
409 251
720 336
324 528
576 239
1210 545
826 66
910 576
1025 453
