600
1220 2440
1506 241
1402 86
1944 91
703 446
835 76
339 146
1007 106
553 489
86 489
625 353
320 258
798 453
379 225
2348 536
778 66
756 336
486 486
429 307
888 336
1636 366
438 406
322 97
2190 406
880 66
406 156
733 600
888 307
1666 61
2126 546
2093 206
750 740
906 468
346 126
470 258
1550 436
470 258
491 93
904 406
888 548
470 286
1770 336
700 318
1636 366
471 66
750 740
570 237
306 106
835 556
681 106
783 308
1063 449
508 306
420 306
453 453
781 556
756 556
328 307
423 310
1966 206
241 66
474 538
288 246
1406 93
1843 575
680 581
320 1150
480 402
506 158
261 66
2093 556
348 403
612 257
386 121
663 506
540 205
870 106
1210 426
306 166
1063 449
1636 366
760 74
456 336
438 406
304 126
383 277
406 156
870 336
950 51
131 1163
309 137
881 356
990 66
703 442
341 530
1586 63
888 336
855 126
406 545
420 336
819 356
890 781
733 600
2068 468
770 241
906 456
621 378
1611 859
990 586
1063 449
884 370
913 417
884 370
2226 556
1820 93
818 586
356 206
1390 466
429 468
359 87
758 146
298 66
2121 88
1356 306
1260 956
1055 353
333 378
366 556
390 86
747 328
206 66
695 93
402 889
252 218
829 556
1940 538
1788 356
1733 66
1755 430
1063 76
325 518
1055 66
252 246
224 429
391 97
1221 56
469 106
769 66
198 323
919 126
813 360
667 528
670 575
787 86
178 620
319 258
386 121
781 66
1973 489
348 403
486 486
404 486
797 216
2226 556
670 238
66 846
438 436
706 576
870 420
445 173
256 970
319 556
465 156
1506 241
750 768
471 66
241 66
756 66
888 576
553 433
570 891
1752 93
324 528
606 566
1404 468
348 403
508 126
906 66
455 528
708 106
1210 426
356 206
818 558
2406 106
881 467
356 116
420 336
256 288
406 126
429 307
172 363
482 86
1808 346
995 307
448 468
319 258
606 566
430 421
663 66
1241 131
2126 546
1172 517
491 66
893 356
838 176
1246 406
324 218
348 403
2216 256
310 236
906 356
853 403
761 93
750 768
856 356
818 323
306 336
2210 93
870 106
406 56
621 378
777 203
646 586
745 318
888 307
960 566
516 391
851 137
666 424
1598 246
720 335
666 420
612 257
573 326
539 503
438 406
781 356
1970 336
2216 256
370 255
341 530
446 126
458 66
1806 66
354 121
656 256
404 486
448 468
750 740
440 548
346 535
1970 336
1419 66
948 126
470 106
256 146
547 56
155 463
913 417
449 556
1416 176
769 265
2067 56
771 137
1260 456
1071 285
1570 158
2206 56
2103 556
870 93
797 328
930 56
856 126
1289 393
1546 414
420 278
804 406
540 205
2348 536
1210 426
706 225
740 770
538 66
306 106
2026 66
556 546
1210 406
422 548
516 391
1550 93
396 166
486 486
835 123
309 137
565 358
600 93
259 377
221 389
706 576
874 123
1970 286
824 527
621 378
516 414
206 317
255 383
516 414
319 258
1970 286
480 793
486 486
420 306
291 66
420 106
1556 93
2190 406
1246 406
856 356
404 56
812 421
186 285
2068 468
450 66
356 206
328 256
333 378
2292 427
804 406
1970 156
2103 556
960 566
816 538
402 889
370 197
421 66
491 93
2439 93
397 87
960 566
913 417
298 66
422 398
1210 546
806 286
178 620
2368 468
408 556
568 66
1063 449
938 66
741 56
808 187
770 217
573 326
769 486
1770 66
570 237
669 86
437 86
1210 545
700 318
486 486
820 337
1066 336
777 203
534 61
771 137
371 66
651 528
703 288
1565 561
412 528
429 307
1752 336
2388 86
1550 436
343 156
341 93
858 76
816 216
768 556
1546 414
319 258
872 66
356 324
336 286
437 86
1172 517
905 198
798 453
516 306
1063 449
388 72
406 206
506 61
486 438
1966 576
975 86
606 239
818 586
511 66
419 528
300 267
1550 436
1566 66
720 308
870 308
470 287
2044 106
875 66
812 407
309 237
367 88
1210 545
565 66
543 416
370 329
406 106
889 406
853 428
396 106
516 391
666 424
1739 66
2093 556
520 438
1506 420
458 66
453 453
1188 66
406 156
639 288
420 93
1659 398
421 66
553 489
2402 576
530 396
529 469
565 358
646 66
811 486
611 257
511 66
779 545
338 66
420 306
348 403
1002 556
452 1206
835 93
706 66
506 66
818 558
606 239
869 556
785 66
745 318
2326 768
458 86
336 286
449 556
540 205
1659 398
812 421
770 241
423 310
784 179
516 391
185 503
406 136
516 391
1210 545
990 586
420 336
667 528
436 66
570 891
820 356
480 402
565 386
884 370
453 453
2402 576
2006 93
1636 366
2368 468
181 280
142 328
768 93
2216 256
692 587
106 717
1289 406
497 66
1030 336
902 358
856 356
779 545
320 296
356 324
256 136
486 438
888 307
220 66
720 336
344 126
186 285
808 136
1066 336
670 575
1570 406
1508 56
769 486
417 393
1063 76
348 403
869 86
888 307
891 126
1616 66
406 206
1340 256
370 255
1172 517
409 76
1670 106
405 162
348 403
420 336
470 286
745 318
2206 56
870 93
1895 206
420 417
341 93
743 337
320 296
2382 556
1210 546
744 347
558 97
366 486
324 528
680 474
1210 324
959 106
783 68
492 558
501 66
2326 556
324 218
720 336
170 567
356 324
803 383
1570 93
756 336
2402 576
1556 586
706 66
182 403
842 137
306 126
417 116
1646 406
291 66
448 468
306 126
420 336
420 66
506 396
406 116
319 258
898 278
2382 556
420 306
881 467
663 478
1290 576
497 66
1615 76
803 421
1512 66
721 356
746 556
888 307
1236 306
2060 93
1770 326
