600
1220 2440
556 546
338 66
549 97
720 335
1210 545
396 166
2005 66
430 407
540 206
781 556
324 528
2316 56
86 489
870 336
720 308
1636 366
406 126
333 378
520 438
868 556
486 486
586 106
291 278
543 435
2216 256
667 536
1752 93
1570 406
806 106
304 126
1375 700
291 278
406 206
729 556
720 335
446 151
1870 86
1002 556
377 56
568 216
1450 76
556 546
750 768
570 237
710 196
1598 246
870 336
868 556
415 307
889 406
483 558
1290 576
1306 66
256 970
470 377
406 56
423 310
806 286
438 406
906 468
221 389
480 793
449 93
480 402
716 206
891 548
456 206
798 453
1506 420
448 468
835 95
1550 93
449 556
890 781
422 548
2226 556
1071 285
506 66
255 383
646 586
1438 625
1555 372
891 126
600 157
761 486
406 545
981 76
1970 336
868 126
1002 556
530 406
370 356
747 318
378 87
881 356
1135 76
333 378
2216 336
898 66
178 115
808 136
786 566
670 575
826 66
1570 406
778 486
666 424
904 406
818 558
438 436
1636 61
2048 336
1688 106
870 548
797 66
161 450
549 97
499 56
830 76
870 126
453 398
386 121
2161 66
458 406
256 970
798 453
456 336
198 323
639 288
816 406
621 378
2326 768
441 66
516 584
1970 286
1131 188
2382 556
2126 546
420 308
370 255
271 93
1526 606
1290 576
286 136
1066 336
2216 256
818 586
438 406
453 398
860 74
252 246
1506 241
480 402
438 406
161 449
770 556
565 93
319 258
788 106
348 403
1063 453
441 358
549 97
1206 48
1416 176
470 286
606 239
1550 436
310 236
1241 131
486 486
803 106
324 528
891 576
288 246
881 467
870 86
2348 536
811 66
420 278
1063 449
670 238
802 366
348 403
781 556
333 378
2226 348
870 336
429 307
710 93
139 413
406 126
839 86
1946 66
913 417
981 286
1355 386
1966 206
1066 336
779 545
629 148
291 66
333 378
241 575
1063 449
288 66
845 393
221 389
1550 556
471 66
906 456
398 93
656 196
1210 406
1088 326
910 576
453 398
778 66
455 226
588 256
420 306
420 278
406 146
438 406
540 93
491 93
606 278
399 56
1179 76
898 278
1506 241
1556 586
1210 545
1659 398
870 336
811 486
406 146
516 306
491 93
747 318
1636 366
341 530
252 246
769 486
809 106
870 106
565 386
420 330
1944 91
651 528
370 255
444 137
336 286
695 528
316 392
1555 372
756 556
420 566
483 558
721 66
421 66
835 56
802 366
458 406
656 256
449 126
880 66
797 216
710 241
356 196
853 385
1910 66
406 186
445 548
486 56
2216 256
884 66
756 556
136 185
593 417
491 93
486 56
172 363
770 556
346 535
1030 56
338 66
291 66
444 137
1970 286
798 453
606 566
1025 453
1818 86
406 96
833 307
1570 93
492 558
1966 206
429 307
420 308
1788 356
203 397
875 365
256 970
106 106
2106 306
771 162
888 307
1041 56
491 93
1659 398
406 86
1788 66
509 76
1550 420
695 93
833 309
919 556
232 824
733 620
523 133
370 256
570 237
663 506
1390 466
406 126
2056 93
769 126
456 336
484 576
142 328
1406 93
913 417
2151 46
319 258
1598 246
769 66
576 239
797 66
543 435
424 136
870 106
1406 66
680 581
420 308
756 336
913 88
508 206
384 456
2070 93
1391 106
729 86
695 528
491 93
1036 356
181 280
2216 336
913 417
588 256
388 72
1350 76
798 453
480 793
319 258
2402 56
1066 336
379 225
1826 449
565 358
2292 346
470 286
2326 556
1966 206
320 76
422 398
356 206
528 66
786 236
440 548
666 424
516 391
768 556
2068 468
392 87
1289 402
348 403
2126 546
1380 66
206 317
2402 576
553 165
553 489
990 558
670 575
406 156
769 66
1755 360
1636 366
812 421
348 403
376 206
756 556
453 363
2216 336
1701 246
2066 506
1063 449
700 318
888 336
812 421
2226 556
770 241
2048 336
600 157
1598 246
241 66
2012 151
666 424
848 453
438 406
482 86
540 205
2382 556
1210 546
750 768
406 156
686 203
1770 1010
870 66
706 206
327 96
291 93
516 414
420 336
406 106
838 176
436 286
2326 768
818 558
1000 528
491 66
2326 556
170 196
491 93
539 503
1063 449
1406 66
1606 426
366 556
2406 66
320 296
892 123
421 66
667 528
530 158
776 76
888 307
480 793
444 137
252 218
486 486
224 429
224 429
680 581
241 66
406 106
718 399
480 402
1260 66
456 336
516 391
1770 66
232 824
445 66
370 256
970 567
1752 93
252 218
448 468
770 241
356 206
2012 151
1391 406
347 506
1534 48
330 436
438 406
990 558
2382 556
320 258
745 318
2326 556
420 126
829 556
1470 106
392 87
420 306
2006 93
1290 93
1002 93
341 530
927 556
806 236
804 406
868 126
366 486
891 576
231 76
692 587
875 465
458 406
356 236
391 97
430 407
810 478
758 146
320 258
370 356
222 433
420 66
450 428
1076 256
256 970
2402 576
1140 76
663 506
341 93
784 179
429 307
1500 56
421 66
696 176
328 307
222 433
870 336
781 508
1526 606
888 126
370 197
1390 466
370 329
1246 406
1056 246
388 72
706 225
565 358
678 66
1040 616
181 436
1390 466
1210 426
370 356
710 196
990 126
1020 66
919 556
1246 406
470 286
333 378
1770 336
888 307
289 1172
651 528
771 137
231 76
448 468
2093 556
888 307
774 179
356 206
921 86
870 308
340 93
906 356
422 398
1055 381
824 66
446 126
486 438
798 453
470 66
486 486
316 392
1538 385
492 558
131 1163
1293 56
408 556
695 556
750 768
952 106
252 487
1071 285
449 126
2348 66
445 66
2266 66
397 225
666 424
