600
1220 2440
1290 576
1770 336
651 528
1550 556
812 421
621 378
366 56
1055 381
1555 372
1210 545
746 88
891 86
829 528
470 530
990 558
422 419
320 76
1598 246
319 258
271 93
769 126
1534 66
2190 406
384 456
1290 93
856 356
1055 126
343 156
593 417
1973 489
480 402
593 417
1289 393
1826 449
769 555
816 406
445 173
140 537
910 66
1290 576
320 258
880 66
178 620
1606 506
811 486
298 66
316 66
392 87
470 286
1210 546
378 225
1290 576
420 286
808 136
733 600
1755 430
819 332
1802 76
666 424
294 156
651 528
1973 489
202 894
2326 556
830 76
420 286
148 535
703 442
458 66
486 56
2368 468
319 258
1260 86
816 183
808 136
1210 324
319 258
1550 436
1755 360
1210 546
452 1206
446 126
420 308
516 391
1056 246
890 537
1398 620
283 87
540 206
868 556
1755 360
486 486
267 106
319 258
666 424
1236 306
960 566
888 307
1066 336
320 258
256 106
1104 576
521 93
298 66
420 336
1188 66
474 457
324 218
818 323
927 556
803 383
224 429
1788 66
2292 427
1236 306
813 360
291 278
1063 449
818 66
769 486
448 468
2126 546
656 256
553 433
397 225
1550 436
848 453
889 406
1290 576
356 116
798 453
343 156
829 528
856 126
1636 366
436 66
1288 126
593 417
1338 256
1210 426
378 225
621 378
928 123
576 239
829 556
990 558
600 176
345 535
348 403
491 93
1550 93
2382 556
870 420
2026 56
828 66
750 730
320 296
453 398
1020 56
1770 1010
422 398
769 555
306 126
417 116
306 336
320 258
818 558
2326 556
889 406
1390 466
1606 66
1404 468
417 116
348 403
657 146
1251 61
530 396
870 308
1770 326
320 258
182 433
783 308
806 286
1480 728
1170 66
457 106
386 121
1755 360
835 528
559 206
283 611
2190 406
420 308
2216 336
356 176
1770 336
458 406
320 258
988 106
356 206
406 136
402 889
2292 472
2326 556
565 126
428 96
853 385
1953 86
2190 406
446 151
1063 449
480 402
528 66
746 586
904 406
310 236
1172 517
424 136
1091 66
1402 86
321 93
2104 705
506 61
2259 555
430 421
1215 61
420 308
344 76
384 456
2066 506
336 286
745 318
813 360
420 106
2266 66
1606 426
703 288
1752 93
420 308
565 358
1418 96
290 187
1616 106
570 256
309 87
783 548
306 93
1966 576
756 556
718 399
404 66
420 278
1546 414
812 407
1808 346
888 576
1179 76
420 336
952 746
891 548
781 1170
470 286
663 506
888 336
384 456
163 417
829 556
1355 66
888 336
2106 306
2216 336
1506 420
402 173
570 237
448 468
553 433
413 93
830 56
797 328
206 408
990 586
2048 336
1066 336
639 288
489 98
783 548
1770 1010
882 86
370 255
123 66
378 225
2382 556
570 237
359 87
884 370
436 458
2316 56
835 123
870 308
860 56
910 467
882 86
898 66
1716 216
1098 365
913 417
422 419
970 106
783 308
330 436
356 66
1788 48
667 528
1071 285
1870 86
1336 241
413 136
781 66
1188 66
429 468
781 536
1040 616
291 93
833 309
746 556
1506 241
320 258
1419 456
491 93
288 246
1586 63
1906 286
741 56
1340 256
516 414
397 225
348 403
348 403
666 556
480 452
316 392
496 61
663 478
456 206
721 356
835 556
438 436
452 1206
745 126
480 452
882 86
491 93
902 385
411 528
938 386
1550 93
1659 398
553 165
2404 906
429 307
320 296
1555 372
256 136
2151 46
221 389
696 88
241 577
2093 556
670 575
2382 556
520 438
2439 66
761 486
893 328
870 106
680 66
324 218
341 93
1555 372
593 417
781 93
283 611
981 286
565 386
1659 398
469 106
438 406
538 66
625 353
770 556
818 558
639 288
448 468
682 581
906 93
703 442
639 288
449 106
2216 256
456 206
1007 106
1206 93
700 318
783 528
186 285
383 277
456 356
2006 93
1966 576
1056 246
806 856
829 93
468 206
588 256
417 116
421 66
1030 336
536 56
532 86
860 74
421 66
174 545
1606 426
328 256
1534 48
556 66
798 453
695 56
868 556
448 468
804 406
487 186
438 406
470 287
823 76
1290 93
666 556
348 146
406 126
316 66
310 236
1210 545
438 406
1550 93
2216 256
252 246
433 156
888 336
141 48
565 358
880 56
902 358
390 137
180 453
170 196
508 206
839 286
2216 256
720 335
2402 576
812 86
1836 61
2016 151
797 66
356 286
2066 506
1550 556
829 93
902 358
2286 48
300 267
386 66
1007 86
406 106
402 173
884 370
252 246
835 123
418 66
888 548
1260 48
1210 324
163 417
456 356
1007 106
291 278
870 336
553 489
770 241
1546 414
1063 449
2070 556
1546 414
829 528
768 93
346 535
333 378
182 403
1506 420
375 527
406 156
444 137
888 307
406 106
348 403
406 156
695 556
745 318
1066 336
756 556
348 403
359 87
1020 66
650 393
781 486
429 307
2091 56
904 406
2048 336
676 82
695 528
891 256
436 66
477 126
366 56
2226 556
770 253
123 918
291 278
570 256
733 600
469 106
491 66
1970 336
306 198
1028 421
516 391
241 575
870 308
1002 93
1970 336
429 307
281 66
769 126
252 218
1210 545
497 66
370 329
399 56
422 548
558 97
439 66
612 257
324 528
695 556
779 66
1881 56
2068 468
458 406
853 385
2068 468
319 258
703 442
436 66
393 126
2093 206
356 93
781 486
739 217
809 86
497 66
1390 466
811 486
695 556
2106 56
2326 126
470 106
663 506
1338 256
348 403
445 548
422 398
565 358
376 60
1210 546
781 556
316 392
520 517
756 556
788 66
789 137
1055 66
1066 336
1289 393
781 556
783 308
1506 342
816 216
797 216
486 486
