600
1220 2440
480 793
816 406
1236 306
855 126
413 93
710 93
829 556
1210 426
370 237
700 318
252 246
818 558
366 458
1040 616
438 436
448 468
612 257
369 66
474 61
408 556
767 68
810 506
356 116
339 126
491 66
456 66
2068 468
919 528
1355 386
812 421
509 76
888 336
952 746
409 76
2326 556
383 277
666 146
1289 406
356 236
913 417
2190 86
565 386
747 318
445 576
888 336
600 157
891 548
703 446
1172 517
1506 241
420 306
888 307
818 558
320 217
268 86
440 548
888 336
810 506
2048 336
1966 576
611 257
771 137
606 566
893 86
781 536
456 206
606 586
468 66
869 86
255 383
397 225
593 417
392 87
345 535
813 360
667 536
252 218
565 358
829 556
420 566
776 56
356 324
406 136
906 356
491 93
1526 56
521 66
703 442
784 56
291 278
781 556
808 136
1030 336
606 566
930 86
744 347
455 226
706 66
990 558
1770 336
496 92
858 66
2126 546
1966 206
639 56
471 66
206 66
406 126
399 56
417 116
781 48
1066 336
769 56
1338 256
306 336
1210 545
663 478
453 453
2104 705
1306 66
56 218
1570 406
366 556
611 257
406 156
670 575
288 66
1770 326
2121 581
2326 556
1179 76
1970 336
728 508
733 620
600 176
306 166
888 336
320 126
910 576
333 378
324 528
283 612
300 267
497 66
670 238
325 518
798 453
371 66
518 56
320 258
388 76
829 528
1659 398
703 442
306 179
345 535
910 576
391 66
1210 545
438 406
906 93
163 586
419 528
2036 566
1289 402
813 360
2402 576
1506 241
2326 556
320 258
256 136
639 288
420 306
516 391
855 126
222 433
1271 176
558 97
843 187
1718 625
750 740
406 106
320 258
341 530
474 457
882 93
870 336
990 586
1550 93
290 187
913 417
620 157
520 438
776 241
515 56
625 377
778 486
406 156
422 548
808 136
781 356
781 508
356 206
1380 76
770 253
270 106
870 66
309 137
516 414
1063 449
556 546
455 226
1260 326
142 328
256 116
324 528
483 558
839 286
445 548
377 56
348 403
796 124
663 187
839 86
182 403
593 417
1050 761
420 278
960 566
1210 546
397 225
1970 286
448 468
383 277
2206 51
1936 426
421 66
888 576
553 433
806 93
1356 306
1260 156
224 429
906 356
1290 576
404 486
667 536
778 66
745 126
508 306
1066 336
470 138
798 453
2016 151
771 137
768 556
1606 426
2288 48
388 66
870 93
1385 86
1063 453
1210 426
1550 556
809 61
853 385
348 403
808 136
835 93
429 307
721 66
422 398
328 256
910 576
848 453
2382 556
516 391
320 258
470 530
170 196
2216 66
943 76
2016 151
906 356
356 324
695 556
420 417
324 218
511 66
621 378
406 206
703 288
417 116
430 407
391 66
876 86
666 556
371 66
320 258
937 66
703 288
1646 406
300 1068
1570 406
1818 86
406 126
667 528
438 436
1068 286
875 465
806 286
371 508
356 176
835 56
291 278
491 93
818 586
888 336
344 126
606 566
756 556
480 793
306 179
291 278
516 391
789 66
422 419
568 206
378 225
516 414
663 66
1498 820
943 76
695 56
386 86
1391 106
170 196
835 123
430 421
406 91
937 66
420 308
806 93
343 156
420 336
491 93
347 506
453 398
181 280
420 308
1210 545
438 436
778 56
406 136
781 66
2106 306
1556 66
420 566
2066 506
370 255
486 486
1002 93
289 1172
768 556
700 336
429 468
345 535
386 121
506 158
625 353
919 556
771 137
347 506
888 548
470 286
990 66
408 556
549 97
2066 506
232 824
406 106
422 419
919 556
419 86
818 558
960 566
289 1172
422 419
2326 556
453 453
2402 576
565 386
839 286
2326 768
181 436
406 206
750 740
511 93
829 556
261 66
904 406
374 126
769 66
651 528
310 236
516 584
981 56
870 420
320 286
1246 406
1550 436
1063 449
606 336
1025 453
356 116
2216 336
320 296
420 308
391 97
530 396
222 433
439 366
1050 761
330 436
423 310
706 576
261 66
356 558
371 508
422 398
420 566
913 417
1404 468
733 620
931 271
430 421
706 576
1010 307
808 136
781 66
422 419
486 486
890 106
345 535
404 486
906 456
824 527
420 278
540 205
787 56
1506 241
888 126
2103 556
384 456
448 468
465 156
1391 406
680 581
437 528
872 86
600 157
1338 328
148 535
421 66
1170 88
855 126
1688 106
839 76
424 136
611 257
486 486
1636 366
483 558
798 453
408 136
720 308
823 76
990 126
870 336
306 93
449 556
1206 106
1555 372
620 570
1556 66
768 555
855 66
319 258
927 556
783 308
1071 285
486 438
283 612
281 66
553 433
252 93
919 528
891 576
1296 166
406 106
378 225
452 1206
875 365
1290 576
823 183
489 98
855 126
291 278
1290 576
2326 556
506 396
202 894
429 307
388 106
593 417
570 237
386 121
891 256
163 417
568 206
904 528
422 419
621 378
1606 426
695 93
1063 449
2048 336
784 56
606 586
2005 106
706 576
312 68
420 308
471 66
516 391
1210 426
769 555
388 72
1110 236
606 566
745 346
316 392
1506 241
406 156
802 93
570 256
1550 420
798 453
888 76
1506 420
508 306
406 166
1056 66
2070 93
406 156
778 486
185 503
393 889
486 486
1206 106
720 335
975 86
892 123
2005 66
570 237
497 66
320 258
221 389
829 556
220 66
835 528
819 332
680 554
471 66
2382 556
797 188
438 406
835 123
383 277
639 288
320 258
829 556
516 391
1441 66
680 581
325 518
448 468
348 403
856 356
418 66
726 96
252 246
720 336
438 436
256 136
1246 406
2382 556
438 406
938 386
453 398
