600
1220 2440
470 106
491 93
829 528
452 86
480 452
174 566
870 420
1030 56
891 66
888 576
1289 393
341 530
438 436
770 241
408 136
516 306
1703 66
2106 56
1755 430
721 356
746 556
713 86
420 330
259 377
1506 420
288 66
2226 556
2106 306
486 486
1406 66
338 76
884 370
376 60
383 277
682 66
908 61
2382 556
1556 586
421 66
502 66
1289 402
1970 336
1246 406
1688 106
2070 556
1270 66
812 421
448 468
716 106
813 360
824 527
256 288
406 206
406 136
222 433
356 558
703 442
291 278
251 66
746 556
956 66
770 296
267 106
769 486
530 158
889 406
721 356
1526 606
486 56
770 241
620 176
1063 453
316 392
1598 246
2005 66
666 424
1172 517
1406 93
651 528
356 286
1843 575
341 530
429 307
348 403
1000 126
456 156
404 66
316 392
415 307
1063 449
835 123
1406 66
1376 256
438 436
455 226
1646 406
868 555
2326 556
474 538
813 360
906 93
708 106
406 545
445 66
646 86
1553 465
1338 256
288 66
491 93
259 377
768 126
516 414
422 398
1028 421
370 255
1066 336
446 126
1071 285
370 356
538 56
206 426
190 453
1398 620
371 126
320 286
422 398
906 356
2382 556
853 937
829 556
875 66
268 56
348 403
874 123
1480 728
805 56
868 556
692 587
446 126
835 556
756 66
356 556
383 277
86 268
811 486
783 528
406 156
2070 93
778 66
306 106
874 123
990 558
1582 86
881 781
453 453
453 398
306 336
2382 556
1872 61
2382 556
1006 93
781 93
366 56
721 66
181 436
1218 76
888 336
1002 93
252 246
2106 306
667 556
703 446
888 576
839 251
616 126
446 126
1973 489
2036 586
690 86
516 391
291 278
639 288
178 620
2382 556
663 506
441 360
356 286
420 278
356 286
406 545
1721 56
291 278
324 528
745 318
746 586
682 581
1398 620
829 93
2126 546
818 558
256 146
891 390
255 383
906 66
343 156
316 392
1770 66
446 151
1506 420
870 576
520 517
706 206
990 558
320 286
818 558
1550 556
1555 372
746 586
1063 453
491 93
384 456
556 546
902 358
612 257
506 396
141 431
174 307
720 308
406 206
703 288
291 278
224 76
1538 385
496 61
1646 406
310 236
1002 556
706 576
910 576
520 438
770 61
1506 66
1143 198
666 424
556 60
383 277
695 528
486 486
1658 86
1290 576
781 486
1970 286
2226 348
433 156
396 106
1550 420
328 256
306 336
256 179
324 528
252 218
2394 66
1550 436
804 406
890 66
796 56
341 530
666 424
758 138
486 56
406 106
456 121
1526 606
872 61
123 478
1506 420
370 66
812 407
2124 86
163 417
1546 414
870 308
1406 66
406 146
321 66
1646 406
174 553
341 353
1555 372
888 307
271 93
480 402
803 421
370 329
2210 93
746 586
422 419
456 336
402 889
1289 393
470 66
1336 241
406 116
703 288
540 205
2301 186
306 146
406 156
370 256
251 66
429 468
620 570
829 556
1570 406
1550 420
2126 546
891 86
356 93
516 414
508 206
370 237
2048 336
388 72
356 556
406 156
1550 556
813 360
666 424
791 66
420 336
1606 426
593 417
409 86
696 176
769 126
870 576
1906 286
745 318
761 486
356 324
178 620
441 360
1615 76
740 106
887 203
1289 393
406 126
420 417
1290 576
356 286
453 398
324 528
2151 46
948 246
1290 576
421 66
420 278
639 288
206 56
420 306
255 383
2292 346
453 453
386 121
1598 246
666 124
1255 56
520 438
383 277
813 360
506 396
771 137
2348 66
406 156
651 528
406 156
1906 286
1752 93
920 76
430 407
743 86
1210 426
206 388
1025 453
406 156
910 467
341 93
320 258
393 889
252 246
1290 576
1246 406
183 743
868 556
890 781
818 586
2382 556
2326 556
806 93
406 156
383 277
835 528
86 316
516 414
1755 360
224 429
1733 86
470 286
2326 556
506 406
2259 555
769 555
906 286
530 396
356 324
422 398
1526 606
1266 66
1131 306
818 558
906 468
1528 86
1289 406
1526 606
761 486
455 206
812 421
420 306
370 255
417 116
448 468
612 257
180 453
170 567
1419 456
491 93
666 556
1966 206
1066 336
1063 449
1210 406
1030 56
1872 61
1290 576
326 66
769 66
565 358
328 256
666 424
446 151
718 66
716 106
436 458
663 478
480 452
666 424
2216 256
1506 420
818 323
1826 449
1646 406
2326 93
553 489
1030 76
756 56
1289 406
913 417
2070 556
1498 820
341 93
740 770
406 146
770 556
406 206
421 66
784 56
420 278
333 378
860 74
2216 336
419 528
663 66
165 553
667 536
570 256
2086 66
455 226
713 106
356 206
913 417
919 528
158 305
2382 556
687 184
1065 353
870 548
663 506
324 528
906 286
439 366
470 287
2116 56
383 277
448 468
1068 286
496 135
791 126
306 336
941 56
406 106
2402 93
1066 336
812 421
769 265
570 66
695 56
456 436
417 116
339 66
593 417
437 528
1289 402
1546 414
521 66
2210 206
320 258
870 106
336 286
565 358
2402 56
890 537
870 420
625 353
324 528
869 556
2190 406
1556 586
2326 556
528 66
480 86
521 66
2136 303
486 66
565 386
252 93
483 558
938 106
219 86
750 740
384 456
376 206
409 251
1370 406
1910 66
783 528
252 246
870 308
656 196
787 56
449 556
1770 336
320 107
199 356
706 206
888 66
508 306
812 421
870 308
812 421
456 436
406 91
448 468
406 116
2382 556
480 402
811 66
321 66
319 258
783 308
222 433
1718 625
776 241
606 336
430 407
448 468
1055 381
1438 625
1546 414
970 567
612 257
746 556
409 251
486 66
928 123
1506 420
768 556
471 66
769 126
366 458
606 278
