600
1220 2440
1210 546
798 449
620 93
452 1206
392 87
1048 66
480 452
356 286
458 406
835 528
1289 406
778 56
1770 336
1104 576
921 86
333 378
406 86
2216 256
639 288
786 566
824 106
328 256
818 558
56 566
429 468
491 93
539 503
511 66
811 486
422 419
406 206
1068 286
241 93
769 56
1752 126
913 417
1788 66
811 66
256 146
706 576
802 366
768 556
491 66
990 66
576 239
476 126
573 326
1906 286
888 307
406 136
406 156
1398 620
747 328
224 429
621 378
1826 449
540 205
338 146
438 436
1218 76
224 429
511 66
952 106
423 310
703 288
346 256
388 66
1788 356
745 318
220 86
291 278
1506 66
78 338
1404 468
1056 246
919 556
379 225
888 576
366 66
870 336
873 93
913 417
538 66
766 93
206 408
906 93
703 446
876 86
326 66
667 556
2382 556
1512 66
202 894
2093 556
1066 336
797 328
188 86
516 584
511 66
611 257
781 536
756 556
420 267
1391 106
424 136
657 146
781 48
812 421
606 239
639 288
356 116
289 1172
1290 576
774 86
384 456
651 528
646 586
733 620
356 176
283 612
378 87
516 391
656 256
420 306
818 586
744 347
853 937
781 556
787 56
1886 66
1940 538
470 106
1404 468
830 433
2382 556
700 318
2136 303
853 385
910 126
420 308
1595 421
646 586
1506 420
769 66
396 106
366 66
1289 402
919 528
406 166
539 503
2226 556
436 66
1056 246
781 56
506 406
422 398
761 486
480 793
769 486
306 93
356 131
367 206
881 781
420 308
486 486
812 421
858 106
438 406
319 258
835 95
417 393
319 258
316 392
927 556
1066 336
297 56
442 527
2326 556
415 309
370 255
553 489
913 417
420 308
316 392
2406 66
406 206
686 506
1246 406
803 421
540 205
406 146
499 56
1555 372
1040 616
2216 336
378 225
453 363
429 468
678 66
771 137
356 93
781 486
348 403
1210 546
391 66
806 106
320 258
1104 576
202 894
770 126
309 137
781 486
492 558
455 528
369 204
1289 406
835 556
906 468
291 278
1506 241
868 556
710 241
713 86
1260 307
990 558
406 106
2036 566
906 93
429 468
740 770
178 620
379 225
1210 546
455 226
811 486
283 612
960 566
948 246
1550 93
761 486
516 66
816 216
324 218
404 56
482 86
769 66
1550 556
663 506
747 318
446 151
746 586
565 386
319 258
593 417
437 528
404 486
406 156
680 76
1871 56
1271 66
781 536
429 468
319 258
406 206
429 468
456 106
1340 256
706 576
791 126
606 278
1071 285
835 123
870 336
221 389
486 486
483 558
283 612
516 278
142 328
990 558
870 336
1448 66
523 133
356 206
393 889
320 217
769 56
938 386
1002 556
938 381
840 66
291 278
639 288
486 486
2286 48
458 406
321 93
486 486
422 398
438 406
486 486
812 421
2348 536
328 256
781 66
769 66
455 226
348 403
356 558
565 386
2066 506
730 236
611 257
486 486
919 528
241 66
870 86
320 258
486 486
1288 126
1966 206
346 256
420 278
371 536
356 176
222 433
530 406
348 403
553 489
470 286
594 66
621 378
588 256
1210 546
676 106
781 66
310 236
888 307
1336 241
423 310
406 56
521 66
489 98
320 258
1806 66
695 556
345 535
816 183
306 146
2046 56
2070 93
1289 406
1210 426
1506 342
2216 336
283 87
252 246
1063 449
348 403
1172 517
1538 385
256 136
990 66
406 156
853 937
1290 576
366 486
802 366
2121 581
695 93
412 528
422 548
1076 66
1088 326
820 337
440 548
320 286
1659 398
682 581
559 206
2206 56
506 406
1758 76
1606 426
2426 56
853 428
296 703
497 66
406 126
995 307
1944 91
1926 66
1246 406
990 586
1041 56
880 66
1131 188
1390 466
745 318
1659 398
769 126
491 93
370 255
1550 436
1556 586
720 335
1103 465
612 257
356 116
558 97
420 308
1063 449
486 486
565 66
620 157
781 556
639 288
1966 576
306 106
1246 406
650 894
957 456
769 486
600 157
760 74
316 392
391 66
1556 386
835 528
913 417
651 528
570 66
1606 66
455 86
348 146
746 556
333 378
406 106
808 136
298 66
482 86
438 406
811 66
888 307
2048 336
2036 586
430 407
370 256
2396 56
2048 336
271 93
497 66
456 356
1970 336
422 398
348 403
320 258
839 251
467 106
417 116
639 48
1063 453
750 740
740 770
1063 449
316 392
2028 66
1973 489
670 575
781 486
565 358
960 126
726 66
393 889
417 116
856 356
587 56
666 424
779 545
898 306
404 486
1290 576
891 256
756 66
559 206
758 146
356 93
811 486
2382 556
769 486
429 468
1570 406
408 556
309 137
1066 336
1188 66
346 256
1550 436
651 528
271 93
680 474
888 307
483 558
396 106
703 446
356 556
348 403
420 417
1040 616
528 56
480 793
868 93
553 489
420 86
408 106
268 56
448 468
829 556
255 383
224 429
467 106
565 358
2060 93
471 93
422 419
904 406
839 86
402 889
371 66
889 406
383 277
868 556
447 106
356 324
448 468
2406 106
839 251
320 258
458 406
1210 545
990 558
906 356
2292 346
913 88
1737 56
2216 336
1135 76
573 326
978 76
1210 426
1770 336
309 87
1179 66
422 398
2190 406
446 151
158 468
729 556
309 137
663 506
835 556
480 452
288 56
2266 66
415 309
895 86
448 468
520 438
663 66
931 306
406 156
745 346
420 336
781 536
346 278
860 156
810 66
565 93
868 556
630 93
781 486
1636 366
981 76
1659 398
387 131
703 288
1931 66
363 172
420 278
750 768
497 66
835 528
456 146
823 76
667 528
1506 66
783 528
593 417
320 296
2216 106
