900
1220 2440
824 106
1920 91
406 156
220 86
783 308
928 123
348 403
910 126
1526 56
895 86
489 98
496 61
421 66
371 66
1063 449
256 970
768 555
1236 306
491 93
1290 576
1371 66
302 126
370 256
629 356
224 429
889 406
429 307
501 66
224 429
1271 66
348 403
491 93
558 97
771 137
391 66
663 126
813 360
2326 556
397 87
1788 356
406 156
470 286
1755 430
420 86
256 106
161 450
321 66
1752 126
348 146
283 87
366 66
798 449
395 93
406 126
422 398
256 970
232 824
630 93
1340 310
433 156
155 463
843 187
874 123
769 126
770 86
1550 93
467 106
231 76
568 56
1030 86
938 386
536 66
420 93
741 86
391 66
256 136
438 406
1289 393
769 486
796 56
703 288
406 156
344 76
721 356
770 217
1866 61
470 306
321 93
806 106
306 93
142 328
406 156
377 56
880 66
2190 406
420 330
713 86
530 61
1506 66
417 116
2006 93
1788 356
553 433
736 107
417 116
1140 76
523 133
839 86
756 556
165 553
406 206
819 93
1416 176
606 586
1758 76
845 126
291 278
2226 106
309 137
282 66
320 258
663 506
686 203
2292 427
750 126
682 474
320 296
1391 106
1370 406
639 288
356 131
888 307
406 136
781 486
543 416
1048 86
256 146
448 468
516 391
1406 66
1048 66
771 137
482 86
520 517
783 528
868 93
356 93
348 403
593 417
356 196
486 56
1606 66
593 417
408 106
449 106
198 323
420 286
870 336
404 486
818 126
400 86
456 121
446 151
990 586
486 486
860 156
338 66
388 72
421 66
1246 406
747 318
406 545
906 93
1172 517
291 278
990 66
952 106
1906 106
420 66
288 56
769 126
533 61
309 87
1028 421
778 56
2266 66
516 306
291 278
970 567
620 157
391 76
422 548
181 436
2210 206
1886 66
957 66
406 156
791 66
396 91
538 66
306 106
417 116
750 740
1251 347
1752 93
2316 56
797 188
327 96
336 286
2382 556
319 258
1906 286
802 366
1906 286
2136 303
438 436
241 66
1188 86
406 126
811 66
188 86
629 148
1752 93
739 285
268 86
356 176
758 146
306 166
408 556
778 56
453 398
406 146
696 196
532 158
778 66
889 406
446 151
766 93
806 61
423 310
1251 61
1088 326
499 56
1289 402
486 486
406 136
1512 66
667 536
919 528
158 468
681 106
328 66
726 66
1570 406
838 176
781 56
1755 360
406 545
791 126
1260 48
354 121
816 183
833 309
835 556
1598 246
406 156
456 146
596 187
406 156
182 403
892 123
458 86
1788 66
429 468
844 123
766 93
446 151
422 419
868 93
255 383
406 56
471 66
356 236
486 438
528 56
369 332
906 356
1380 76
750 93
2070 93
366 556
406 186
445 66
769 66
606 586
356 558
600 157
913 417
1608 106
497 66
338 146
406 146
448 468
420 278
516 66
96 106
206 56
919 528
486 56
1076 66
851 137
338 56
1788 356
186 285
500 66
651 528
1770 336
178 620
1406 93
816 406
858 106
306 146
521 93
320 286
910 66
1030 56
676 106
565 358
2396 56
421 66
853 385
783 308
745 66
491 66
291 278
268 56
516 391
56 566
406 156
808 136
891 66
406 106
1709 56
516 66
456 106
406 86
823 76
420 308
553 489
889 406
774 86
391 97
1260 956
369 204
1050 761
420 278
1063 453
2206 56
2316 56
1970 336
420 278
455 226
320 258
422 419
458 406
565 386
482 86
406 106
391 97
86 489
1721 56
2106 106
339 146
532 86
450 66
1390 466
406 106
271 93
502 66
356 116
256 136
2382 556
706 576
1056 86
319 294
870 106
1556 106
2272 91
2326 556
424 136
406 136
663 66
835 95
256 146
606 336
2406 106
706 206
174 566
756 66
406 116
868 93
1340 256
388 66
2226 556
835 123
1737 56
682 581
781 48
606 336
2286 48
291 66
888 66
913 417
833 307
456 146
540 205
269 66
1806 66
501 66
851 137
251 66
406 106
406 56
325 136
406 96
1870 86
530 158
796 56
320 296
781 486
397 225
384 456
338 66
320 258
2070 556
371 536
695 93
384 456
888 576
356 93
316 392
406 146
438 406
429 307
760 74
1370 93
448 468
183 743
811 66
680 76
771 137
870 576
990 66
471 93
422 398
978 76
511 66
347 86
1546 414
388 66
1788 66
252 93
540 205
356 116
1210 545
256 126
188 86
309 137
1210 406
163 417
402 889
480 402
343 156
898 306
440 548
1135 76
625 353
904 528
528 56
565 66
406 166
1931 66
1731 56
870 93
436 66
990 558
388 66
326 66
297 56
565 93
888 307
1526 606
370 256
458 406
2226 556
1764 66
888 336
404 56
1506 66
491 93
348 403
910 576
350 179
470 106
319 258
441 358
810 66
366 486
812 421
813 360
316 392
2046 56
370 66
747 328
1601 381
870 420
784 56
1271 176
252 218
532 86
396 106
363 172
465 156
446 151
829 93
680 581
1570 406
750 126
706 576
818 558
306 106
1210 324
703 446
269 66
565 93
393 889
1289 402
783 308
404 486
600 157
829 528
406 106
1288 126
406 166
491 93
396 106
491 93
521 66
325 518
1066 336
978 76
123 66
470 287
406 156
420 308
746 586
870 126
2382 556
268 56
441 358
283 611
783 308
1063 449
497 66
1188 66
486 56
511 66
424 136
348 403
300 1068
378 87
1218 76
876 86
392 87
1755 360
2190 86
506 406
593 417
606 566
448 468
769 56
781 536
796 106
781 66
440 548
2436 56
656 256
471 66
2292 472
406 156
288 66
421 56
1598 246
319 258
1926 66
703 288
2151 46
429 307
486 486
828 93
816 216
202 894
2406 581
1210 93
787 56
872 86
182 403
321 66
367 206
446 126
330 66
320 296
981 76
1000 93
155 463
406 66
880 66
1659 398
445 548
421 66
328 238
202 894
771 137
486 486
438 406
321 66
1944 91
873 93
1871 56
453 398
356 176
643 884
356 286
151 56
2226 556
781 66
1246 406
2406 66
406 106
750 768
453 398
420 308
178 620
870 106
1416 176
913 417
811 66
1382 66
202 894
1890 61
511 66
906 93
306 146
316 392
568 206
422 398
268 76
576 239
700 336
1701 246
1406 93
2382 556
348 403
1076 66
1385 86
906 468
600 157
906 456
776 56
845 126
429 307
778 486
1131 286
870 86
476 126
448 468
1000 93
612 257
1556 586
587 56
680 76
1550 93
556 466
422 398
818 558
1550 556
2402 576
890 537
298 66
271 93
713 86
489 86
356 116
502 66
399 56
797 328
890 537
1506 241
436 286
1131 188
769 66
1030 336
1206 93
446 151
728 556
570 66
341 93
1041 56
750 768
309 137
330 436
511 66
695 93
321 66
1636 366
392 87
174 307
808 136
1251 347
429 468
78 338
1289 406
453 398
891 256
1808 346
241 93
1064 46
1659 398
480 452
921 86
406 156
411 528
447 106
779 545
482 86
283 87
406 156
771 137
2216 106
737 66
481 93
271 93
346 256
467 106
402 126
700 318
1040 616
1179 66
856 356
185 503
756 61
2402 576
600 176
491 93
1289 406
2382 556
960 566
2216 256
455 86
756 336
390 137
806 286
770 126
881 467
521 66
663 506
1076 256
456 336
2060 93
511 93
2106 86
888 576
2382 556
670 575
182 403
1170 66
474 457
2368 468
888 126
816 216
2028 66
818 323
600 157
330 166
480 402
163 417
2402 56
387 131
2402 576
717 126
781 66
1636 366
2292 427
870 308
540 206
366 66
170 567
453 398
453 363
797 328
1210 324
663 478
406 126
913 88
703 442
252 246
406 116
2286 48
761 93
341 353
860 358
532 406
430 421
666 556
700 318
521 93
588 256
388 66
221 389
344 76
680 66
271 93
356 131
376 60
497 66
620 157
429 307
891 548
413 156
1355 386
516 414
306 126
703 446
453 398
620 93
438 406
2216 256
776 66
406 106
594 66
593 417
1770 93
491 93
813 360
2382 576
482 86
657 146
370 329
1528 86
1448 66
371 508
406 356
448 468
483 558
769 66
639 48
449 556
356 116
868 556
769 56
330 436
406 186
553 489
678 66
1636 366
666 86
366 66
1041 56
417 116
406 156
769 265
570 256
651 528
558 97
1770 336
726 56
252 246
252 246
480 793
516 278
710 196
960 126
320 107
291 93
178 115
528 66
456 156
406 136
806 93
2426 56
496 61
758 146
406 136
491 93
1255 56
840 66
247 93
256 136
820 93
1466 88
