900
1220 2440
1570 93
421 66
880 66
981 76
406 156
1041 56
2382 556
406 156
1406 66
1900 98
816 406
440 548
769 66
2011 66
356 324
396 166
270 98
291 278
367 86
406 106
853 385
419 528
486 486
471 93
620 93
680 581
813 360
1659 398
593 417
695 93
797 328
456 106
491 66
1056 246
406 156
703 288
2048 336
356 196
804 406
892 123
798 449
2126 546
1430 64
960 126
2382 556
342 166
726 66
406 156
835 556
421 66
1260 326
784 179
745 346
356 206
870 106
86 288
378 87
682 581
356 324
420 566
66 802
785 76
406 106
420 308
745 318
271 93
928 123
818 126
816 183
412 528
750 768
252 246
781 66
436 486
437 528
823 76
370 237
750 768
1260 66
338 66
740 86
429 307
2216 256
330 436
304 126
849 126
408 136
86 268
806 856
398 93
990 66
388 76
952 106
406 156
391 97
453 398
458 406
898 66
547 56
556 60
520 517
1246 406
406 156
181 280
420 126
2406 66
444 137
990 66
441 66
913 417
283 612
806 106
491 93
580 56
1350 76
1438 625
288 66
750 740
429 307
414 173
469 106
875 365
767 68
506 106
1418 66
870 126
875 465
338 66
888 86
256 136
338 66
370 356
1636 61
686 506
667 536
489 86
326 66
417 116
324 528
446 386
1030 56
291 278
491 93
774 179
406 56
818 558
781 536
339 68
860 74
402 889
406 545
1380 66
835 528
1064 46
2292 472
1818 86
1500 56
406 156
839 86
306 336
383 277
565 93
445 126
370 66
429 307
2012 151
910 126
453 363
291 66
397 87
375 66
453 398
520 517
420 86
562 66
835 528
2368 468
424 136
2070 93
2368 468
283 611
406 106
803 106
491 93
1289 393
304 126
392 87
2071 46
328 256
774 179
781 486
780 197
758 72
406 126
651 528
1340 310
1550 556
449 126
1659 398
241 66
530 396
891 126
377 56
348 403
890 537
2093 556
448 468
1266 66
506 158
2048 336
540 205
1550 436
720 335
797 66
718 66
2216 336
1306 66
1406 66
1770 93
620 157
420 86
406 186
2226 556
570 237
231 76
198 323
1946 66
2241 106
710 93
170 196
620 93
629 148
309 87
429 468
393 889
356 116
2382 556
586 106
486 56
422 419
2402 56
474 538
778 66
2292 472
1450 76
719 172
2216 336
919 528
370 197
2070 93
1910 66
781 93
467 106
106 106
491 93
798 453
392 87
378 66
746 586
891 256
2066 506
620 157
470 106
990 126
298 66
703 288
870 66
663 187
744 347
1071 285
818 558
695 556
306 93
1752 93
256 116
286 136
758 146
438 406
421 66
406 86
682 581
409 286
261 66
386 121
906 456
620 176
506 76
889 406
1418 66
366 458
2404 906
870 106
745 318
86 268
530 158
449 126
406 156
370 255
423 310
919 528
388 72
1556 586
990 66
421 66
2326 93
798 453
1770 336
758 146
838 176
178 620
471 66
446 151
324 528
2055 66
729 86
468 206
798 449
286 156
682 76
491 93
568 216
870 93
959 66
826 66
356 106
474 538
797 188
2176 106
359 87
455 86
1030 336
131 1163
320 258
906 356
1404 468
448 468
516 278
448 468
406 56
870 93
1973 489
2012 151
682 581
891 66
1755 430
320 296
511 93
1570 93
890 537
888 126
406 126
1598 246
870 126
606 239
680 581
341 530
458 66
420 306
788 307
393 889
491 93
379 225
241 66
1416 176
421 66
1350 76
809 86
708 106
291 66
1055 66
729 86
1406 93
836 66
855 66
746 586
429 307
415 309
889 406
1355 66
868 126
316 392
456 336
491 93
406 545
453 398
1418 96
678 66
268 76
417 116
1385 86
747 328
291 66
476 126
553 433
86 489
835 556
356 206
753 354
528 66
1179 76
1088 326
406 156
594 66
808 136
291 66
656 196
540 205
445 576
870 106
444 137
431 66
663 66
666 424
437 528
2266 66
1733 106
344 76
1390 466
409 286
779 545
720 336
770 253
136 185
2036 566
868 126
1172 517
309 137
491 66
600 93
316 392
231 76
639 288
406 206
1206 48
769 126
290 187
908 61
2006 93
888 307
449 556
921 86
1260 48
1808 346
343 156
745 346
812 421
480 793
593 417
2348 536
769 486
816 216
172 363
343 156
776 76
420 126
1293 56
913 417
888 576
539 503
600 157
540 205
482 86
768 555
771 162
1550 436
904 406
718 399
1406 93
491 93
682 581
812 407
470 66
306 336
913 88
1946 66
620 93
406 156
181 436
1701 86
870 86
480 402
746 586
406 86
1598 246
348 403
2005 66
509 76
1251 347
1755 430
818 586
220 66
268 406
921 86
371 66
1210 426
2326 556
2402 56
1091 66
1895 206
1241 131
768 556
391 97
393 889
445 66
703 288
1070 61
2005 66
700 318
1178 218
251 66
829 93
438 406
2151 46
523 133
943 76
1063 449
884 338
1131 188
356 324
1611 859
919 528
224 429
870 336
1020 66
450 56
161 449
497 66
860 67
406 146
1550 436
888 307
422 398
1944 91
458 66
148 534
1000 93
553 165
1556 586
927 256
838 176
2006 93
78 338
406 106
456 336
341 93
1438 625
366 66
491 93
745 346
409 76
422 548
438 66
158 468
480 402
1210 545
268 56
406 106
371 66
1030 336
770 556
770 66
388 72
806 236
456 106
549 97
178 115
1966 206
422 419
797 216
788 66
830 76
440 548
448 468
639 56
1441 66
1470 106
959 106
444 137
824 66
1410 126
388 72
570 237
420 66
710 196
990 558
438 406
666 420
256 146
1570 93
457 106
621 378
1752 126
758 106
651 528
770 356
491 93
824 527
1733 66
482 86
227 832
2316 56
788 106
663 187
620 570
767 137
186 285
811 66
818 558
446 151
420 106
489 98
516 414
543 435
406 106
511 66
396 106
406 126
439 366
142 328
56 218
449 93
271 93
182 403
290 206
330 436
448 468
1755 360
2382 556
359 87
1110 236
743 86
420 286
406 126
540 206
835 556
1770 336
768 126
539 503
491 93
1000 126
356 286
718 126
1788 66
2259 555
682 76
884 66
2316 56
2348 66
330 66
2056 93
388 72
856 356
291 93
706 576
1582 86
1391 406
497 66
343 156
481 93
881 356
549 97
811 56
813 360
445 66
302 126
1140 76
703 288
413 156
422 398
2326 93
570 66
1030 56
320 258
870 66
491 93
769 66
1390 466
1289 393
241 66
406 146
2206 56
784 179
1188 66
252 218
471 93
687 184
1326 66
1788 66
406 136
356 93
1179 76
341 93
540 93
695 93
703 288
530 396
399 56
718 399
271 93
506 66
499 56
811 486
549 97
2190 406
413 156
1733 66
1770 66
290 187
123 918
710 196
703 442
1391 106
888 336
948 456
350 179
830 433
506 66
172 363
356 116
420 93
186 285
797 66
808 136
1508 56
870 336
1251 347
345 535
149 486
497 66
2126 546
532 158
1526 606
1716 216
300 1068
853 428
491 93
406 56
835 95
2226 348
238 76
2003 414
1755 430
811 66
392 87
486 56
829 556
1688 106
1550 93
402 126
650 894
1570 93
310 236
2259 555
1570 93
455 226
721 66
806 236
290 187
406 156
528 66
446 126
370 66
706 225
1970 286
553 489
356 286
2402 93
651 528
768 126
221 389
1289 406
833 309
826 66
1063 449
333 126
809 106
612 68
1416 176
1380 66
771 137
686 203
1002 93
2116 56
440 548
1385 76
383 277
341 93
818 558
1546 414
530 158
891 548
370 66
327 96
746 556
706 225
1534 48
438 436
889 406
769 126
354 121
1290 576
348 403
420 336
511 66
960 566
1135 76
139 413
406 126
523 187
695 528
406 146
453 398
1126 56
422 419
388 72
446 151
366 56
256 126
2406 581
447 106
2070 93
1546 414
448 468
530 158
1290 576
470 66
398 93
486 56
483 558
291 66
703 442
1063 453
438 406
203 397
1055 381
161 450
810 66
1210 406
1006 86
600 157
2316 56
1276 166
222 433
1752 93
516 306
870 126
406 106
2161 66
920 76
768 555
593 417
271 93
612 257
663 506
348 403
256 136
835 56
406 116
456 436
482 86
370 256
231 76
703 442
1210 406
1290 93
438 436
340 93
367 206
424 136
695 93
406 96
806 286
348 403
316 66
696 176
486 486
835 123
839 76
1251 347
406 106
868 126
620 570
1870 86
302 126
458 406
224 429
538 66
2406 106
902 360
320 76
224 429
960 566
491 66
768 555
2190 86
1752 336
174 545
396 106
802 366
808 136
