900
1220 2440
620 93
419 86
487 186
1289 406
919 556
568 66
769 265
606 336
612 257
491 93
406 156
178 620
496 61
768 555
740 770
1010 307
1956 191
767 137
261 66
706 86
1836 56
448 468
978 76
370 255
746 586
511 66
420 336
558 97
526 66
1506 342
465 156
1546 86
420 278
356 176
2326 93
703 288
470 106
256 136
1066 336
419 528
808 136
553 489
1266 81
388 76
343 156
990 66
856 356
406 156
2326 556
430 421
532 86
874 123
1863 56
1326 66
819 356
870 106
928 123
241 66
950 51
808 136
593 417
1659 66
308 106
392 87
456 146
758 72
348 403
1755 430
2093 556
328 256
370 237
391 97
774 86
421 66
268 406
491 93
491 93
870 126
456 206
511 66
818 323
986 66
639 288
406 126
2226 556
745 318
436 458
770 241
422 548
224 429
870 106
798 449
1170 126
809 86
324 218
455 528
1063 449
396 106
2326 768
341 93
838 176
639 56
486 56
1066 336
849 126
1870 76
286 56
338 66
2382 556
386 121
1910 66
750 126
480 452
1040 616
2402 576
2382 556
1210 546
283 611
480 402
851 137
666 124
489 98
502 66
406 116
430 407
446 151
556 60
919 556
409 251
330 166
486 486
406 116
855 66
486 486
677 68
320 258
511 66
436 458
809 86
321 66
508 206
840 66
2006 93
1586 63
811 56
266 106
324 528
651 528
305 56
783 548
1290 576
471 66
2070 93
186 285
1998 86
764 126
359 87
1565 561
2104 705
66 506
1103 465
868 556
341 93
2070 126
990 66
848 453
206 56
421 66
2316 56
329 76
843 187
482 86
891 556
2106 56
2106 86
1556 586
881 467
1006 86
491 93
2292 472
445 66
934 198
406 156
422 419
448 468
769 555
978 76
369 204
2382 576
406 156
396 106
252 246
1806 66
706 576
406 146
356 93
168 346
419 86
1534 66
497 66
178 620
758 106
710 66
888 336
377 56
872 61
328 66
397 225
199 356
1290 576
2106 106
446 151
202 894
919 556
2316 56
1066 336
406 86
474 538
286 136
422 398
491 93
868 555
406 136
474 457
820 356
904 528
1338 256
345 535
439 56
1506 241
948 428
1028 421
720 335
388 76
320 258
1056 246
549 97
326 66
906 286
316 66
666 556
1895 76
2005 66
534 61
330 166
1566 66
543 416
486 486
620 157
2060 66
370 256
456 156
816 616
420 308
231 76
486 56
818 66
238 76
356 106
1056 246
406 106
802 93
681 106
453 398
288 246
406 86
346 256
829 93
2126 546
791 66
703 446
455 226
428 96
370 93
148 535
252 93
232 406
333 378
620 157
1770 66
339 146
2026 56
2190 406
406 186
758 146
806 93
882 86
703 288
319 258
491 93
869 86
325 518
420 66
797 328
695 556
402 889
396 166
406 106
185 503
530 396
720 308
888 336
406 106
1002 93
1000 126
1236 306
1025 453
509 76
948 246
174 307
388 72
626 126
456 106
2103 556
86 268
853 428
1406 66
860 74
406 186
2226 348
406 186
174 553
185 503
783 68
256 136
320 76
516 414
781 66
458 66
1404 468
788 106
348 403
600 157
390 137
283 87
417 116
540 93
438 436
2190 406
656 196
1266 81
206 56
344 126
2190 406
141 431
328 256
783 308
682 581
441 360
348 403
456 336
420 417
422 419
745 66
370 66
491 93
256 93
1870 76
306 336
420 106
856 356
1210 426
808 136
188 86
953 86
338 76
2048 336
1246 406
56 566
611 257
1770 66
789 137
823 76
222 433
593 417
386 106
663 156
531 66
516 414
568 206
486 66
406 136
898 66
1658 86
487 186
769 555
920 76
520 438
881 781
1266 66
766 93
1659 398
835 123
770 93
896 203
420 66
620 157
978 76
1289 393
580 56
741 86
309 87
2070 93
1246 406
309 137
329 136
290 206
910 576
769 126
181 280
224 429
811 66
288 66
868 555
420 330
858 86
1210 545
489 98
745 93
1170 66
430 421
1210 546
1406 93
220 86
720 336
2368 468
406 106
406 56
756 556
1056 246
1570 406
856 156
611 257
286 136
320 303
938 386
386 121
851 137
342 166
2326 556
86 268
248 66
406 106
2301 176
1055 381
1390 466
990 66
1251 61
913 417
417 116
620 157
390 86
146 466
406 183
1570 93
220 86
746 56
891 126
786 566
530 106
1606 56
667 536
1155 156
710 196
356 66
835 56
774 179
719 172
919 528
2006 406
86 489
606 336
406 116
889 406
1995 106
1480 728
556 546
670 575
224 429
1210 406
448 468
306 93
356 286
780 197
639 288
816 406
491 93
732 137
306 179
543 435
538 66
325 136
721 66
2226 556
406 156
491 93
1068 286
1356 86
1586 56
1390 98
497 66
682 76
798 449
851 137
411 528
682 66
1570 93
785 76
2423 93
491 93
356 116
306 336
499 56
289 1172
406 96
1391 106
202 894
1536 66
1606 66
2371 66
875 465
1404 468
2326 556
531 66
919 126
1546 414
397 87
856 126
516 414
921 86
320 258
321 66
1404 468
1390 466
420 278
393 126
256 136
596 187
1970 336
456 121
870 86
348 403
732 137
2026 56
1390 98
491 93
370 255
870 336
1002 556
1210 545
421 66
1002 556
406 156
406 126
1550 93
1570 406
540 205
470 286
220 86
1870 86
1025 453
406 126
501 66
720 336
501 93
161 449
502 66
206 388
771 137
406 156
823 76
744 347
576 239
232 824
1210 126
1726 66
291 278
388 72
1881 56
2382 556
306 336
181 436
429 468
990 126
746 586
348 403
747 328
420 308
256 126
420 566
446 126
1000 528
1786 56
1659 398
406 106
96 106
784 56
1656 66
1402 86
1380 66
256 136
812 56
506 396
256 970
523 133
370 66
320 258
540 205
906 356
1659 398
2316 56
366 66
1441 66
538 66
1770 93
1808 346
1550 436
333 126
870 86
286 156
761 66
374 126
553 489
2382 556
919 528
855 66
747 318
486 66
486 486
420 278
558 97
906 66
406 146
181 280
833 309
182 397
950 126
696 56
511 93
656 93
2064 86
420 566
449 556
620 93
2070 93
1002 556
819 93
306 146
829 528
516 414
453 398
1135 76
1666 46
491 66
1659 398
1506 106
816 216
1306 66
600 157
338 146
371 126
1615 76
406 156
306 146
902 385
776 76
745 318
835 556
990 56
805 56
1246 406
842 137
1931 66
203 397
390 86
768 93
486 66
356 131
703 288
356 206
1063 453
543 435
540 93
474 538
1056 61
528 66
391 97
808 136
453 398
1843 575
706 206
682 554
2394 66
439 56
291 66
467 106
620 176
421 66
470 106
906 356
388 72
491 93
1218 76
155 463
517 93
420 417
829 528
1210 546
1350 76
849 66
1659 398
325 136
797 328
492 558
1598 246
333 378
429 307
826 66
348 403
1752 126
570 891
491 93
2292 427
616 126
413 106
423 310
306 336
202 894
1131 188
842 137
426 93
420 66
2068 468
745 126
1565 561
1030 336
480 402
769 486
338 66
798 453
406 146
791 66
291 278
346 535
570 256
750 740
470 287
491 93
406 156
646 86
891 576
111 395
888 307
1550 93
829 556
1648 93
667 536
206 66
491 93
523 133
855 126
406 116
663 506
667 556
1480 728
516 414
474 538
806 61
356 116
1755 430
789 137
565 386
1556 106
943 76
348 403
1606 56
499 56
1006 86
768 93
1110 236
746 556
346 535
1063 449
540 206
491 93
420 417
458 66
325 136
436 66
824 66
491 93
252 218
881 467
629 148
919 528
291 66
842 137
788 66
470 377
1788 66
804 406
430 421
970 567
2292 472
343 156
908 61
2404 906
453 398
1970 286
251 66
321 93
696 88
808 136
1406 66
470 287
808 136
756 336
422 126
736 107
359 87
891 66
1210 426
570 256
1404 468
421 66
812 421
558 97
1826 449
870 126
960 126
422 548
506 176
906 286
2068 468
659 56
383 277
403 163
406 56
1236 306
593 417
1210 324
1426 64
2156 61
770 217
884 370
778 56
784 179
406 116
826 66
458 66
471 66
890 66
646 66
747 318
898 306
1006 86
975 86
789 137
406 156
1646 406
421 66
291 278
283 611
1236 306
370 66
565 386
816 183
948 66
391 97
682 581
1970 336
1550 436
406 156
838 176
429 307
369 204
1950 46
553 489
406 56
238 76
343 156
406 106
406 106
978 76
906 356
891 86
1006 126
2048 336
330 66
1966 206
1586 56
458 66
593 417
528 66
651 528
438 406
1131 188
406 106
655 184
720 308
