900
1220 2440
1659 398
469 106
741 56
667 536
437 86
682 581
406 106
319 258
320 217
429 307
702 355
942 86
990 586
1306 56
406 206
2121 56
1406 93
1418 96
336 286
1055 66
1808 346
746 556
406 156
849 66
2046 56
320 126
891 548
470 76
1241 131
2064 86
455 226
2406 581
710 196
990 586
241 66
356 116
378 87
756 66
769 66
438 406
770 556
348 403
181 436
770 356
420 566
809 106
378 225
1550 420
356 93
446 151
354 121
364 68
220 66
406 116
1566 66
549 97
306 126
565 93
747 318
612 257
251 93
791 126
784 179
178 620
1770 66
406 86
318 508
938 106
781 536
470 66
750 740
417 116
306 336
888 76
835 76
261 66
465 156
309 137
620 93
870 106
371 66
348 403
370 356
528 66
870 548
810 66
1289 406
374 126
386 121
1210 545
745 318
1570 93
2216 336
646 66
677 68
486 66
220 86
620 157
2026 66
325 518
348 403
2382 576
1066 336
614 218
163 417
1289 393
188 86
406 106
322 97
904 406
388 86
1806 66
491 93
1970 156
771 137
370 86
761 486
185 503
558 97
906 66
805 56
919 126
450 66
779 545
892 123
1659 398
406 183
695 556
1236 306
341 530
508 126
611 257
491 66
520 517
516 391
415 309
441 66
290 187
470 106
868 555
258 106
2292 472
136 185
330 436
1556 386
819 332
959 106
371 536
957 456
356 93
870 126
1088 326
771 137
2060 93
429 468
681 106
310 236
378 225
2026 66
300 267
824 106
1670 106
354 121
937 287
695 93
1506 241
441 66
2316 56
182 403
948 126
1550 436
283 611
406 106
1565 561
470 126
556 546
769 486
201 86
547 56
320 296
397 225
1036 316
309 137
1826 449
700 126
430 421
906 456
890 106
875 66
298 66
1570 93
406 156
306 106
66 536
455 226
1063 76
511 66
320 258
1056 246
870 106
163 417
1306 66
2106 306
2070 93
1944 91
2216 256
558 97
516 414
767 137
745 346
549 97
874 123
836 66
422 419
666 424
858 76
370 86
1210 545
339 146
808 136
565 93
849 66
858 66
928 123
1063 76
309 137
811 486
802 366
251 66
161 449
1289 393
320 258
1041 56
565 358
2366 66
828 66
848 453
348 403
2439 93
2116 86
482 86
1709 56
343 156
328 256
919 528
391 97
350 179
1733 86
1737 56
1636 366
338 66
1506 420
406 206
534 61
1306 56
990 558
870 206
356 286
600 93
930 56
950 86
406 106
787 86
2044 106
1970 336
2402 576
562 66
1646 406
1556 93
538 66
185 503
406 156
1150 236
367 106
616 66
2326 556
629 148
336 197
1752 93
695 556
785 66
869 86
252 487
496 86
1056 61
206 870
2066 506
1406 93
1210 126
376 60
471 66
1246 406
430 407
726 134
2216 256
420 336
483 558
396 166
783 528
2048 336
835 95
337 106
905 198
2067 56
417 116
406 106
2406 106
486 56
1512 66
855 126
2402 576
655 66
568 66
1520 76
406 126
506 106
445 173
1659 398
570 237
291 66
796 124
758 106
812 421
524 173
476 126
309 87
491 93
880 66
506 61
406 56
163 417
888 307
808 136
1002 93
1498 356
817 93
2121 88
458 86
406 136
366 486
422 126
990 586
975 86
511 66
1172 517
2206 56
383 277
420 566
256 136
540 205
906 356
756 556
1110 236
342 166
702 353
2388 86
706 66
1606 426
1872 106
2006 406
142 328
1326 66
774 86
306 126
491 93
123 936
439 366
891 86
643 884
2326 768
396 91
2210 206
2292 472
393 889
876 86
496 61
1172 517
480 452
1506 106
406 156
341 93
406 106
770 241
471 66
528 86
938 66
482 86
706 225
384 456
2236 86
769 486
593 417
1419 66
811 486
298 66
320 286
692 587
806 93
851 137
732 137
761 93
870 106
1843 575
406 206
781 66
406 126
844 123
769 265
441 66
2406 581
1056 246
1416 176
1306 66
2124 86
428 96
889 406
516 414
695 556
1973 489
663 66
391 97
806 286
906 356
437 86
2206 56
309 237
406 156
406 106
990 558
880 66
346 256
320 316
199 356
471 66
764 176
588 56
872 66
745 318
306 126
1065 353
306 166
370 256
1526 606
2104 705
1526 606
1356 116
966 106
506 66
870 93
390 86
835 123
324 528
2266 66
421 66
565 66
406 106
486 486
491 93
406 106
170 567
1007 106
781 93
639 48
397 225
803 421
856 356
405 162
356 176
1406 66
669 86
163 417
456 336
80 338
781 486
2382 556
957 428
816 538
310 236
756 336
898 278
406 206
390 86
606 239
496 61
553 489
1570 158
567 93
818 586
680 581
803 383
1498 356
306 166
330 436
252 246
1188 86
491 93
256 146
706 66
919 556
1973 489
456 66
839 86
1172 517
453 398
324 218
348 403
304 126
2012 151
538 66
1390 466
639 56
856 126
501 66
483 558
783 68
383 277
760 74
406 156
1940 538
1688 106
1210 93
131 1163
388 106
870 93
668 166
2226 556
1063 449
470 258
919 528
959 106
406 56
186 285
511 66
2382 556
458 66
593 417
2003 414
1091 401
1441 66
756 66
172 363
404 56
948 66
891 256
420 286
777 203
1048 106
1586 56
534 61
1953 86
2402 576
446 151
745 318
456 336
845 66
420 106
383 277
406 206
338 66
447 56
1970 336
448 468
663 156
769 486
1666 46
346 126
538 66
1550 93
520 517
2382 556
1210 406
710 241
421 66
376 206
868 556
768 556
2326 556
406 136
2426 76
424 136
990 66
798 453
1398 600
1586 63
397 87
1355 66
1063 449
406 166
332 68
888 307
86 489
870 308
1390 466
1410 486
1290 576
2348 536
1526 88
746 586
1326 66
808 136
1246 406
252 218
838 176
825 86
818 323
2006 93
393 889
406 66
838 176
471 66
1506 420
66 846
252 218
348 403
913 417
706 86
835 556
810 428
219 86
436 66
186 285
818 558
771 137
306 179
736 107
359 87
501 66
612 257
798 453
406 116
532 86
182 403
356 93
420 306
682 76
858 86
870 106
408 556
908 86
429 307
1402 86
1289 406
487 186
406 156
497 66
406 136
779 545
356 286
839 286
928 123
306 93
406 156
1752 93
808 187
811 66
406 56
511 66
388 72
816 183
367 106
406 146
819 66
721 356
833 307
281 66
666 341
356 116
1188 66
771 137
344 76
761 486
341 93
406 106
663 506
406 156
181 436
181 280
875 66
706 206
306 106
1103 465
769 265
356 324
471 66
406 156
657 146
1104 576
808 136
745 346
481 93
324 528
1508 56
446 126
356 116
606 66
1973 489
406 106
406 156
283 611
506 158
283 87
497 66
420 93
396 106
600 176
758 146
170 567
420 308
430 421
781 48
511 66
808 136
556 66
1606 66
803 170
2348 536
811 66
304 126
959 106
797 328
656 93
818 66
343 156
420 106
458 406
893 356
1210 546
797 328
420 93
1498 820
716 90
319 258
1946 66
406 156
446 126
890 537
2368 468
356 206
785 76
356 116
178 620
258 106
540 205
480 793
421 56
1550 86
1135 76
449 556
1406 66
1966 576
441 358
606 336
906 356
1616 66
1731 66
406 136
1808 346
437 86
158 305
567 93
612 257
506 406
422 398
682 581
1498 356
868 555
1788 66
106 717
449 528
1555 372
1498 356
155 463
406 206
1036 356
750 768
808 136
406 116
726 96
1056 246
882 86
666 86
913 417
420 93
720 308
417 116
756 556
819 126
306 506
1920 91
1962 106
816 616
813 360
368 66
2226 556
409 76
842 137
1820 93
1570 406
458 66
1063 449
348 403
666 556
568 66
1030 336
970 567
206 66
741 61
333 378
1276 166
339 66
530 158
186 285
1770 1010
870 93
1733 66
620 93
198 323
875 465
1338 256
430 407
990 586
255 383
438 406
486 66
2210 93
781 356
1615 76
1966 576
2070 93
480 793
2396 56
370 197
1221 56
252 218
872 86
511 93
766 93
396 106
1666 61
344 126
778 66
889 406
1068 286
320 258
768 93
501 66
1289 406
777 203
1659 398
708 106
415 66
241 66
1025 453
270 106
611 257
1416 176
651 528
344 126
1616 66
891 126
378 66
291 278
853 385
781 1170
291 66
386 121
870 106
770 126
888 576
420 66
2068 468
415 309
366 458
371 126
1290 576
356 106
888 336
509 76
491 93
811 56
170 567
1739 66
325 518
456 106
540 205
881 781
497 66
516 414
369 356
666 420
367 88
288 246
343 156
906 93
1636 366
768 555
950 51
429 307
319 258
835 93
