900
1220 2440
341 93
241 66
766 93
1733 86
1970 286
820 337
406 56
549 97
406 136
356 556
538 66
747 318
176 506
406 116
726 134
378 225
666 420
1088 326
540 206
201 86
456 121
491 93
456 106
406 126
549 97
241 66
816 123
906 93
659 56
2121 581
606 586
760 156
206 66
1260 48
185 503
880 56
891 256
1236 306
1064 46
835 93
333 378
383 277
2402 56
256 136
320 303
2402 576
326 66
970 567
616 66
441 358
404 486
1616 106
943 76
306 179
2436 56
593 417
2292 472
271 93
819 66
491 93
320 76
281 66
1981 106
445 548
913 417
420 278
874 123
241 577
778 66
86 316
456 146
620 157
1556 106
491 66
845 126
890 537
745 126
455 528
863 56
769 486
625 377
396 166
503 576
298 66
241 66
606 336
750 138
455 528
448 468
778 486
367 206
482 86
565 386
2226 556
474 538
271 66
570 256
356 558
2176 106
446 151
370 255
408 106
320 296
306 198
131 1163
1002 93
842 137
810 428
746 556
766 93
892 123
258 106
406 136
860 67
406 106
720 336
1172 517
406 166
458 66
853 385
456 156
421 66
2106 86
1636 366
791 66
1406 66
412 528
406 106
898 66
480 793
338 66
853 428
528 56
806 286
808 136
474 457
378 225
391 97
756 66
549 97
501 66
506 406
422 548
232 824
858 106
289 1172
1056 246
256 146
919 93
300 267
547 56
1210 546
1066 336
1210 545
391 97
409 286
324 218
371 536
238 76
298 66
431 66
740 86
446 151
271 93
378 225
420 566
497 66
816 538
798 449
745 318
1636 366
224 429
812 407
456 121
1940 538
480 793
568 216
2288 48
756 556
1526 606
497 66
444 86
319 258
406 106
406 156
639 288
708 106
126 427
2093 556
470 106
491 93
406 156
686 203
2196 66
1380 66
868 556
650 894
429 468
359 87
620 176
1063 449
835 528
808 136
203 397
1210 324
651 528
888 548
406 156
1770 336
497 66
1565 561
1290 576
2006 93
981 66
778 66
1555 372
396 91
849 126
423 310
291 66
720 308
1556 586
600 157
456 106
769 86
1172 517
2136 303
646 586
1788 66
406 186
328 256
956 66
868 555
818 66
224 429
746 556
501 66
252 218
413 156
1670 106
406 116
2064 86
1731 56
1210 545
798 449
306 198
330 436
255 383
252 93
1788 66
1906 106
453 398
386 121
321 66
306 336
1066 336
769 56
1506 420
876 106
768 126
406 156
306 106
304 126
695 93
796 124
1556 586
1550 93
534 61
438 406
341 353
1356 306
298 66
835 556
1788 66
769 265
1033 93
528 56
783 528
745 318
256 136
588 256
516 391
838 176
329 76
806 286
606 278
474 538
775 166
420 86
406 106
2382 576
868 556
294 156
348 403
406 136
758 146
367 88
680 581
1290 576
456 156
163 417
769 66
506 66
306 179
420 308
1802 76
148 739
570 66
388 72
703 288
506 406
2402 56
1570 93
421 66
467 106
511 66
766 93
295 97
781 66
695 528
256 136
839 76
350 179
496 61
453 398
1056 246
291 278
123 918
1290 576
1143 198
876 106
501 66
853 428
1066 336
399 56
496 138
2326 556
835 123
797 126
445 173
141 48
1030 336
458 66
726 134
884 370
959 66
2404 906
441 66
1290 93
1802 76
1406 93
309 237
345 535
703 442
594 66
441 360
1826 449
126 427
406 116
344 126
621 378
1556 586
391 66
163 417
913 417
412 528
906 56
981 56
891 66
568 66
420 308
445 173
406 106
783 308
1646 406
206 317
806 286
600 157
726 66
1391 406
338 66
291 278
2326 556
1402 86
341 93
848 453
1606 426
1586 63
806 93
528 66
480 56
639 48
516 391
290 206
1764 66
291 66
906 468
406 56
770 86
256 116
376 206
374 126
666 86
1601 381
888 307
486 486
2131 56
481 66
370 356
511 66
2402 576
2426 76
990 558
429 307
1926 56
960 566
1788 66
860 74
316 392
811 486
1555 372
567 93
321 66
1770 93
423 310
269 66
338 66
1056 246
868 555
436 458
1755 360
771 137
550 770
2326 556
703 288
356 116
2406 93
1210 546
306 179
769 486
306 106
386 121
651 528
806 93
978 76
744 347
810 506
896 203
1218 76
1550 436
567 93
868 556
856 126
422 398
1077 86
403 66
1063 453
817 93
606 239
756 336
306 106
1210 426
706 576
695 93
2286 48
438 436
409 86
611 257
1556 93
406 156
506 48
254 76
406 106
341 530
516 66
123 936
695 93
356 116
356 324
286 136
456 156
600 157
491 93
480 452
729 556
952 746
1007 86
491 93
397 225
343 156
612 257
174 545
868 556
783 308
791 126
890 126
406 106
370 255
888 336
625 384
1752 336
567 93
159 567
344 126
438 436
350 179
267 106
1506 420
600 93
872 86
1512 66
876 106
808 136
656 126
740 86
1131 306
411 528
251 66
516 66
271 93
1659 398
291 93
406 86
366 106
910 66
348 403
682 66
2066 506
547 56
406 545
298 66
2005 66
406 116
1135 76
453 398
470 106
343 156
1104 576
1406 93
870 93
453 363
768 555
320 258
1290 576
241 66
378 66
389 87
811 486
811 486
2402 48
2226 556
769 66
370 256
123 66
406 156
2070 93
2121 88
169 386
491 93
1895 76
304 126
576 239
745 93
392 87
511 66
516 414
990 586
588 56
458 406
341 93
896 203
406 206
1000 126
231 76
309 137
856 356
511 66
338 56
256 288
540 206
384 456
2068 468
797 216
470 126
298 66
927 256
628 126
1520 76
66 802
370 176
656 256
480 402
444 86
319 258
818 126
421 66
141 431
2406 106
422 419
558 97
345 535
2382 556
540 93
320 258
449 93
1126 56
1688 106
680 581
309 137
406 156
703 442
325 136
593 417
663 66
741 91
808 136
406 126
1441 66
549 97
570 237
1290 576
706 206
696 61
811 486
884 370
600 176
823 76
758 72
420 566
421 66
888 126
781 48
1036 356
1598 246
975 86
706 141
876 106
816 538
744 347
695 56
888 307
1048 86
268 406
1055 381
868 126
960 66
668 166
406 156
447 56
809 86
142 328
904 528
1418 66
170 567
876 86
1646 406
420 106
420 566
306 93
620 176
540 205
319 258
178 620
803 170
587 56
511 93
248 66
616 126
291 278
870 106
165 553
438 406
798 453
445 66
406 106
568 216
1140 76
1528 86
768 555
386 121
1770 336
876 106
2348 536
341 93
356 206
344 136
531 66
913 417
338 66
1895 206
1206 93
338 146
549 97
440 548
630 93
639 288
421 66
849 126
448 468
446 151
415 66
516 391
1758 76
1406 93
1172 517
406 106
448 468
1886 66
856 126
1338 328
306 106
716 206
758 146
875 465
776 66
406 91
530 106
339 66
406 126
288 66
206 287
1970 336
870 56
1063 449
703 446
1131 306
491 93
1806 66
888 548
990 66
745 346
406 156
761 486
178 620
271 93
1966 56
1870 86
1290 576
449 106
1616 66
1598 246
1570 93
286 136
286 156
86 316
324 218
188 86
1546 414
528 86
2036 586
398 93
726 66
406 106
487 186
421 66
256 106
446 151
784 56
855 126
123 918
348 403
2326 556
1206 106
770 61
202 894
316 392
853 428
456 206
356 116
471 66
1788 356
758 66
1385 86
1829 138
336 197
950 51
298 66
500 126
898 66
739 285
123 66
338 56
174 566
750 93
470 530
783 548
746 56
740 106
818 558
286 86
509 76
565 358
241 66
420 336
838 176
291 93
2236 86
902 360
420 278
556 466
470 287
784 179
868 555
1289 406
1526 88
531 66
448 468
1071 285
406 206
565 66
806 236
1870 76
990 66
318 66
639 288
446 151
489 86
2048 336
429 307
465 156
520 438
180 453
2292 427
356 324
502 66
294 66
424 136
769 56
816 406
1970 336
396 91
1179 76
706 206
169 386
682 66
1606 66
851 137
950 51
420 278
888 336
346 256
770 128
781 508
838 176
887 203
497 66
420 93
306 106
570 237
406 156
1752 93
288 66
2326 556
1355 386
180 453
406 96
1550 420
2382 556
448 468
420 286
452 1206
470 286
1595 421
1870 86
491 66
931 306
458 406
741 91
786 236
1998 86
2064 86
256 136
1071 285
891 256
220 86
429 307
1836 61
163 417
309 87
1289 406
338 66
455 226
179 176
663 506
309 137
1426 71
509 76
449 106
486 106
703 442
406 136
806 856
1416 176
798 453
202 894
562 66
319 258
695 93
474 457
1739 64
