900
1220 2440
1906 286
306 106
835 556
797 66
330 66
366 486
338 146
1601 381
2382 556
740 770
927 256
366 66
296 703
316 392
829 93
406 326
202 894
1088 326
676 82
818 558
830 76
2011 556
316 66
890 781
453 453
663 506
2388 86
291 278
880 66
741 56
163 417
256 106
888 336
2236 86
393 889
565 358
319 258
319 258
565 126
291 93
931 93
1056 246
532 86
458 66
409 251
456 336
1550 93
532 86
409 251
733 600
501 66
570 237
948 456
2091 56
1402 86
870 336
1659 398
776 66
1966 576
2006 406
1416 176
1606 66
570 256
1570 406
141 48
306 336
440 548
356 206
406 206
392 87
291 278
745 318
483 558
1416 176
516 414
1606 506
446 151
391 66
391 97
1550 93
163 417
2048 336
651 528
256 116
1251 347
422 419
927 556
306 106
420 308
606 586
420 308
1555 372
500 66
406 56
449 556
1836 61
891 86
988 106
769 486
2382 556
934 198
750 768
437 528
769 126
283 87
298 66
452 86
740 86
421 66
1788 66
123 66
1802 76
556 546
880 66
186 285
1534 48
420 278
148 535
178 620
291 278
390 137
781 93
745 346
178 115
775 166
906 93
839 76
453 398
182 433
816 406
910 126
769 486
1007 86
1210 545
406 106
406 116
1390 98
1289 402
1020 56
370 329
745 66
438 406
533 61
1179 66
870 548
913 417
682 554
2070 126
267 106
1215 61
441 360
300 267
521 93
769 126
252 93
290 187
436 66
1556 586
930 61
553 489
348 403
491 93
491 66
1355 66
271 93
348 146
506 176
282 66
768 556
700 318
446 126
2406 56
651 528
1953 86
2106 86
2316 56
406 146
491 93
356 116
419 528
768 126
390 137
222 433
470 530
745 346
471 93
870 308
508 306
806 286
1595 421
421 66
1659 66
1260 156
391 97
296 156
887 203
406 186
1091 66
356 558
960 566
526 66
376 60
695 528
1788 66
663 66
422 548
446 151
1550 93
406 206
406 116
356 116
324 528
406 106
2006 93
553 489
456 336
2005 66
1550 420
343 156
1289 393
788 66
770 296
497 66
408 136
1056 66
2439 66
406 116
409 76
480 402
181 280
769 56
406 146
320 296
695 93
2070 126
1733 66
588 256
449 106
538 66
809 86
823 76
324 218
402 173
1088 326
516 414
818 558
420 308
882 86
370 66
470 138
221 389
306 179
431 66
870 336
438 406
417 116
1755 430
919 93
720 308
1040 616
1506 106
1752 93
682 581
1290 93
556 66
417 116
321 93
448 468
2070 126
2348 66
370 237
659 48
1191 216
268 56
818 558
606 566
420 336
497 66
113 427
256 136
356 66
779 66
829 93
386 66
2406 86
348 403
829 528
783 548
2326 126
838 176
1236 306
383 277
808 136
1376 256
491 93
439 66
2326 556
428 96
446 151
1290 93
706 206
282 66
990 586
2116 56
806 286
990 586
1895 76
695 56
508 306
1020 278
733 620
1002 93
816 616
2326 126
1390 98
386 121
1906 66
424 136
547 56
1251 61
1020 66
291 66
470 106
570 86
446 386
420 278
663 478
1733 86
2216 336
770 128
890 537
836 66
406 156
651 528
271 93
480 56
1179 76
347 66
2402 56
696 56
480 402
2036 566
540 205
2003 414
750 768
1336 241
808 136
1406 66
818 66
481 93
183 743
788 328
788 88
497 66
556 466
813 360
406 206
829 556
444 137
2236 86
781 486
491 93
1506 241
497 66
682 581
1288 126
298 66
783 528
556 546
2439 93
185 503
291 278
695 556
806 56
458 106
536 56
620 570
456 436
2406 581
433 156
789 137
420 336
1210 406
818 586
206 56
784 56
406 136
180 453
1406 56
486 486
1290 93
2006 406
182 403
855 126
769 555
529 469
870 106
818 586
202 894
256 288
806 93
390 97
1210 545
341 93
256 179
919 556
906 66
1036 356
928 123
1391 66
310 236
406 86
298 66
222 433
502 66
421 66
2326 66
553 433
2016 151
1755 360
406 156
882 86
348 403
248 66
849 126
446 126
396 91
2106 56
666 86
556 61
406 106
750 740
206 870
580 56
813 360
750 768
829 528
639 288
970 106
406 156
816 183
1498 356
835 123
406 166
1755 360
703 288
406 126
2070 556
1338 256
829 93
294 156
786 88
309 87
420 286
1007 106
420 66
422 419
516 584
539 503
1188 66
486 56
570 86
1246 406
856 126
870 93
1526 606
367 206
366 56
620 157
359 87
835 123
1289 393
486 486
860 56
764 136
158 468
306 93
255 383
913 417
1210 546
1906 286
745 126
163 417
1055 66
1970 336
1546 414
404 66
1550 436
528 56
893 356
291 66
1570 406
320 296
1500 56
406 106
456 336
347 506
333 378
870 336
256 146
840 66
2044 106
320 303
181 436
667 556
341 530
2131 56
887 203
413 136
1565 561
798 453
1260 48
441 66
392 87
910 66
829 528
256 136
247 93
2382 556
1770 1010
990 66
761 486
1170 66
891 390
1565 561
2091 66
66 846
938 386
511 66
482 86
420 66
1030 336
888 336
1260 156
898 66
768 555
391 97
339 146
1055 126
421 66
482 86
470 106
383 277
558 97
1236 306
520 517
696 88
960 126
720 308
418 66
163 417
306 126
1565 561
491 93
657 146
420 336
2426 56
2266 66
1970 156
453 398
415 307
486 66
370 66
781 486
386 121
565 358
66 578
469 106
356 286
359 87
770 241
716 126
1218 76
291 278
511 93
695 556
406 156
421 66
880 126
232 824
445 66
799 76
778 486
1355 386
553 489
880 56
1188 66
438 436
1595 421
341 530
429 307
430 421
2026 56
620 157
2070 556
448 468
786 236
1506 241
558 97
710 76
1770 336
666 424
1534 66
960 66
1870 86
486 486
316 66
469 106
506 61
2126 46
884 370
1188 66
1289 393
842 137
670 575
769 56
856 356
768 93
828 66
420 106
573 326
391 97
241 66
342 166
319 258
780 197
364 68
536 66
406 126
750 768
255 383
146 466
319 258
420 66
890 106
1404 468
429 307
1966 576
621 378
306 198
420 336
420 267
406 116
1290 576
611 257
1770 336
453 398
657 146
123 66
402 173
458 406
328 238
829 93
436 66
406 156
306 106
839 76
720 336
720 335
465 156
453 453
406 86
406 116
471 93
1659 398
1210 546
769 555
596 187
667 536
457 106
429 307
2012 151
943 76
186 285
1788 48
695 528
1565 561
304 126
1550 93
436 66
600 93
370 255
770 253
553 165
1071 285
458 66
784 179
2006 93
174 545
344 76
547 56
2259 555
341 355
1418 96
206 56
1966 206
708 106
487 186
1881 56
406 186
486 486
818 558
540 206
424 136
369 332
764 126
819 356
726 66
568 56
620 157
441 358
420 336
1206 106
426 93
491 93
458 406
391 66
830 56
860 74
406 156
487 186
785 76
1260 86
1326 66
1534 66
477 126
750 126
341 93
1326 66
808 136
271 93
779 545
696 88
869 86
140 537
383 277
812 86
2326 556
808 136
356 176
509 76
330 66
768 555
870 106
1289 402
823 183
565 386
420 86
491 93
781 66
445 173
756 556
388 72
783 548
449 106
1007 106
818 586
496 61
406 156
350 179
1076 66
1606 426
1385 76
1506 241
2116 61
950 106
396 91
283 611
406 56
2382 556
483 558
1598 246
221 389
356 93
348 403
798 453
2151 46
1450 76
528 66
270 106
809 86
1390 466
808 136
1966 576
486 56
356 556
406 106
1636 366
874 123
808 136
468 206
259 377
320 258
1586 63
321 93
720 278
600 176
458 406
388 66
123 66
329 76
406 156
835 556
474 538
680 66
838 176
417 116
406 156
506 406
2326 556
768 93
321 66
1450 76
2382 556
506 48
320 258
366 56
356 116
316 66
600 176
2288 66
480 452
320 258
449 93
487 186
406 136
320 258
2382 556
937 158
670 238
343 156
66 536
406 106
370 256
508 126
1566 66
399 56
123 918
406 156
769 265
570 891
356 93
530 158
492 558
781 48
960 566
516 414
750 138
170 196
818 558
2286 48
320 76
474 61
1616 106
390 137
957 428
1246 406
2402 576
393 126
1970 336
489 98
139 413
1206 93
1041 56
186 285
344 126
446 151
729 86
870 336
406 106
306 126
516 584
528 66
1167 76
540 205
281 66
420 278
406 56
420 66
1966 56
818 558
538 66
471 66
2406 66
2011 66
439 366
158 305
429 468
202 894
771 137
232 406
888 548
413 93
726 66
588 256
835 93
155 463
746 88
904 406
882 86
