900
1220 2440
491 93
453 398
183 397
445 576
695 528
2126 546
391 97
818 586
930 86
938 106
388 86
1040 616
316 392
1266 81
1140 76
1802 76
1659 398
1000 126
1106 61
2026 66
388 106
406 106
1103 465
343 156
289 1172
2326 126
1030 86
445 66
467 163
256 146
422 398
2382 576
1170 66
830 76
1150 236
471 66
990 56
170 567
870 56
990 66
499 56
1906 286
706 86
516 391
780 197
290 206
620 570
732 137
853 428
1406 93
746 56
845 393
816 183
341 93
1870 86
667 536
1289 393
491 93
405 162
1391 406
406 93
406 106
1063 449
2382 556
891 256
966 86
470 66
259 377
306 179
746 556
356 206
682 581
1872 61
441 66
1170 126
2326 556
761 486
540 205
327 318
291 278
470 530
392 87
716 206
2068 468
1755 360
1770 1010
470 76
990 558
620 157
450 428
667 536
959 66
567 93
421 66
1370 93
420 330
530 106
611 257
395 93
408 556
420 336
868 555
256 970
1246 406
2036 566
656 196
486 486
386 121
906 468
206 66
639 288
594 66
587 56
271 93
366 458
565 126
771 137
241 66
904 406
422 126
359 87
344 136
750 768
1076 66
406 156
482 86
319 258
788 66
620 176
350 179
1290 93
2382 556
436 66
2161 56
750 730
2408 56
300 1068
816 183
2026 56
547 56
398 93
202 894
404 66
2003 414
406 106
291 66
830 86
743 86
1326 66
928 123
2070 93
1020 56
1826 66
304 126
406 156
406 56
1167 76
888 307
439 56
1246 406
406 136
919 528
1241 131
446 151
733 600
1048 86
517 93
480 452
696 156
667 536
1550 556
452 1206
798 453
810 66
687 184
553 489
975 86
1470 136
383 277
408 136
870 93
745 346
870 126
408 136
797 66
474 61
420 336
530 396
981 76
356 206
406 126
441 360
1041 56
889 406
904 406
402 173
1066 336
163 417
1843 575
835 528
770 86
788 307
378 87
1167 76
811 66
370 256
745 346
785 76
570 256
406 156
324 218
1206 61
232 824
2056 93
547 56
819 332
429 468
1402 86
2402 56
1970 156
781 486
819 356
438 436
296 703
606 566
747 318
445 66
420 308
600 93
816 216
769 66
2003 414
745 318
406 156
2382 556
474 457
888 126
1048 86
937 158
1895 86
486 486
937 158
1770 336
267 106
256 136
359 87
2292 427
174 307
924 66
482 86
251 66
568 56
919 556
202 894
224 429
391 97
530 396
530 158
830 86
718 66
422 126
1398 620
486 56
906 356
884 370
1025 453
406 106
438 406
356 116
406 156
1410 126
333 378
1063 449
1570 406
791 126
906 286
620 157
1956 191
1172 517
1709 56
320 286
860 67
810 506
859 86
456 356
620 106
1260 156
341 530
2348 536
892 123
680 554
1056 246
680 554
870 86
256 136
2071 46
565 358
178 620
1056 246
990 66
224 429
486 438
2423 93
356 93
568 66
1908 86
876 86
406 156
471 66
1210 545
990 586
408 106
2402 48
700 318
931 306
2070 93
948 126
1000 93
819 66
811 486
306 93
270 106
713 86
2156 60
2021 66
960 566
2426 56
1055 381
206 66
804 406
540 206
856 356
2136 303
356 556
2070 126
341 93
406 93
703 442
511 66
456 106
1289 402
447 56
716 106
256 136
769 555
838 176
506 406
417 116
990 66
406 106
420 308
402 173
356 286
458 66
356 106
343 156
695 93
408 136
406 106
756 336
1486 56
1063 449
1172 517
251 66
306 126
406 116
306 336
816 538
1088 326
1390 466
818 558
396 106
1030 56
491 93
1659 398
348 403
446 126
896 203
1906 286
291 66
319 258
556 66
420 278
2116 56
421 66
690 86
491 93
491 93
1843 575
181 436
1595 421
756 556
811 486
797 328
700 336
692 587
620 93
1033 93
456 436
424 136
930 61
716 90
888 336
809 156
419 528
874 123
516 414
370 256
469 106
1406 66
170 567
1755 360
888 307
396 106
340 93
290 206
306 106
420 308
1040 616
1406 66
2226 348
717 126
456 146
809 86
383 277
158 305
2326 768
529 469
746 556
870 336
540 206
1210 324
316 392
891 576
906 468
2402 576
456 106
370 256
1546 414
586 106
453 398
1770 336
870 576
797 126
835 93
348 403
1752 93
565 66
620 93
2070 93
1416 176
456 156
540 206
419 528
1608 106
511 66
746 586
406 136
1636 366
406 156
376 206
1251 347
770 126
842 137
415 66
1289 393
182 338
325 136
927 256
1570 93
471 66
1550 420
682 474
377 56
1210 426
383 277
366 66
808 187
424 136
396 106
706 576
781 486
391 97
760 156
721 356
420 106
540 206
286 156
706 576
666 86
1170 66
920 76
2226 556
2402 576
803 170
1289 402
741 61
767 137
1382 66
970 567
310 236
2048 336
1770 66
1000 93
570 256
181 280
241 66
449 528
888 307
710 93
593 417
420 286
770 296
506 66
706 576
346 535
781 556
746 56
1570 406
341 530
406 106
640 56
453 453
408 136
870 106
851 137
491 93
966 106
220 86
663 66
808 136
811 486
1002 206
657 146
392 183
663 126
419 528
573 326
1210 545
444 137
875 365
891 576
778 66
770 271
1326 66
769 56
86 489
319 258
1770 336
356 206
2226 348
770 556
422 548
888 548
370 197
341 93
283 87
325 518
1380 66
703 442
420 336
768 93
348 403
336 286
486 486
1050 761
895 86
531 66
2012 151
2026 56
781 606
2070 126
406 136
324 528
367 86
406 156
872 61
657 146
1290 576
750 138
1131 306
2382 556
343 156
842 137
651 528
927 556
2326 556
624 175
853 76
769 486
491 93
508 306
422 398
990 66
1441 66
750 126
271 93
1063 449
409 76
356 66
406 156
406 116
2406 93
1970 286
2326 556
549 97
1210 324
422 548
1041 56
345 535
445 86
2060 66
367 206
298 66
611 257
356 206
202 894
442 527
785 76
1836 56
431 66
845 66
320 88
163 417
2406 56
371 126
803 170
256 146
600 176
818 586
808 136
1906 286
319 258
165 553
1135 76
474 538
808 136
2226 556
328 66
170 567
1260 66
620 157
789 137
687 184
516 584
256 126
406 116
565 386
1616 66
870 206
289 1172
172 363
224 429
798 453
1155 156
1770 93
960 66
842 137
386 121
845 126
802 366
870 126
417 116
588 256
600 157
452 86
456 106
341 93
370 255
491 93
348 403
1007 106
268 56
692 587
471 93
256 136
320 258
389 87
1210 93
666 146
811 66
384 456
534 61
436 458
1306 66
845 126
843 187
271 93
396 91
1556 586
248 66
2116 61
870 126
388 72
640 87
316 392
829 528
809 86
562 66
1966 576
1546 414
706 56
663 156
471 66
396 106
2266 66
491 93
456 121
406 86
1906 286
491 93
758 146
471 66
421 66
256 136
1290 576
477 126
406 106
761 93
771 137
320 107
1546 414
835 93
252 218
158 468
860 156
720 336
481 93
404 486
1555 372
438 406
667 536
511 66
306 179
256 136
251 66
874 123
420 417
716 206
477 126
950 126
2370 106
565 66
486 56
182 397
406 146
1091 66
538 66
378 225
445 66
448 468
1570 406
320 296
606 336
928 123
406 156
1382 66
306 106
413 156
1063 449
558 97
745 126
1500 56
891 66
621 378
2382 556
1701 246
511 93
891 390
456 146
306 93
868 555
1172 517
338 146
870 66
828 66
750 740
906 66
2286 48
656 126
1391 106
1555 372
870 66
415 66
1426 64
808 187
316 392
1419 56
1056 246
486 486
2044 106
413 106
1007 106
531 66
320 296
386 121
556 60
1752 93
392 87
489 98
2348 536
667 536
1665 86
391 1047
470 286
406 106
480 402
306 179
1536 66
1040 616
383 277
66 802
508 206
386 121
695 556
721 356
202 894
868 93
812 421
356 558
226 196
306 146
553 433
1906 286
573 326
348 403
1550 420
420 308
523 133
2070 126
281 66
785 66
2288 48
797 328
420 336
406 136
736 107
744 347
799 76
467 106
185 503
2396 56
415 309
406 136
703 442
1546 414
437 528
791 126
1076 66
406 146
182 403
802 366
519 56
542 86
981 56
686 506
844 123
123 936
657 146
778 56
620 176
516 66
2348 536
829 528
2404 906
496 135
543 416
565 93
758 146
402 889
420 106
1155 156
339 68
1063 453
486 56
787 86
456 106
486 56
558 97
779 545
549 97
1612 93
835 93
252 218
376 60
1020 66
445 576
1290 576
882 86
791 126
898 106
406 136
312 68
813 360
446 151
406 156
870 126
888 76
421 66
328 256
