900
1220 2440
163 417
812 421
1030 76
726 134
446 151
913 417
695 528
747 318
526 66
396 106
920 76
539 503
1404 468
392 183
491 93
1110 236
2326 556
1906 286
558 97
316 66
1270 66
635 126
496 61
549 97
1036 356
1210 546
170 567
1055 381
158 305
406 156
174 553
441 358
839 251
818 323
656 256
769 56
280 93
1210 324
319 294
1658 86
920 86
750 768
248 66
306 336
906 456
1656 66
1550 93
750 740
1582 86
506 396
2190 86
839 286
509 76
538 66
329 76
1506 420
656 196
1406 66
1701 246
1055 66
256 136
404 486
888 66
1290 576
2124 86
1289 402
666 124
1659 398
445 548
888 336
306 166
501 66
456 146
320 126
2326 556
256 136
224 76
1770 326
1910 66
1416 176
458 66
750 126
445 66
183 743
870 126
809 86
415 528
180 453
1752 93
844 123
158 285
1029 76
291 278
528 66
465 156
1598 106
839 251
106 106
325 136
687 184
298 66
406 126
2348 66
835 123
420 308
784 56
1289 406
291 278
2190 406
625 377
910 126
319 258
283 612
441 358
2348 536
238 76
2382 556
516 391
436 458
666 171
553 433
667 556
663 66
1770 336
1770 66
887 203
540 206
368 86
376 60
888 548
486 56
271 93
456 206
942 86
888 307
180 453
817 93
898 278
2086 66
670 238
1659 398
1179 76
170 567
508 206
888 576
906 93
868 556
695 528
870 336
1733 86
286 136
324 528
406 106
2106 93
474 538
406 106
446 151
178 620
420 106
468 66
306 146
393 889
356 324
306 106
771 137
718 66
716 106
348 403
516 391
1506 66
908 86
356 93
429 468
2216 256
663 66
805 56
1150 236
1582 86
2006 566
190 453
396 106
390 137
924 66
429 468
1210 324
2005 66
343 156
799 76
289 1172
523 133
667 536
1636 61
356 324
1246 406
696 176
1030 56
870 66
768 555
1788 66
1056 246
202 894
256 136
888 307
2301 176
419 86
856 356
670 278
1290 576
783 528
366 106
178 620
406 156
406 146
111 395
224 429
203 397
267 106
1441 66
818 586
461 86
646 586
781 486
174 553
928 123
1040 616
796 56
836 66
663 126
663 187
1293 56
261 66
456 121
783 68
1179 76
174 307
758 138
501 93
682 581
990 56
1973 489
393 889
937 158
769 126
538 56
663 478
1055 381
2402 576
445 576
2402 56
1398 600
496 135
884 370
540 205
611 257
860 74
530 396
181 436
706 576
288 66
781 356
781 486
540 205
553 489
1063 449
2326 556
256 136
206 426
406 156
1391 106
778 66
787 56
588 256
370 66
523 187
2066 506
830 86
271 93
2394 66
1534 48
908 61
491 66
870 126
491 93
797 328
708 106
300 1068
489 86
516 391
406 116
540 205
316 392
1970 336
325 518
1703 66
304 126
695 56
391 66
811 66
2116 56
429 468
1210 546
422 419
441 358
370 237
406 106
530 396
870 106
320 296
874 123
206 56
690 86
835 556
371 126
396 106
406 156
891 66
1406 93
1688 106
1000 126
422 398
440 548
812 421
806 236
732 137
506 48
2402 93
1553 465
369 356
406 545
516 137
420 308
1290 576
818 66
810 428
343 156
779 545
219 86
798 449
1550 556
1820 93
446 126
1895 76
2402 48
756 56
406 126
1131 306
2048 336
823 76
835 93
781 556
695 93
2206 51
798 453
678 66
1872 61
1030 56
321 66
806 286
1601 381
791 66
309 87
2361 46
1498 356
391 97
326 66
808 136
406 126
606 239
429 468
2055 66
378 225
491 93
870 576
1770 326
710 241
423 310
696 66
390 137
1398 620
420 308
206 317
588 256
941 56
1606 426
320 107
450 428
1752 93
169 386
400 76
386 66
309 237
570 237
646 86
761 486
383 277
456 336
606 336
404 486
882 86
2006 406
639 56
2406 86
657 146
399 56
516 414
396 91
1966 206
286 156
1260 456
420 106
422 419
2326 66
415 309
399 56
174 566
806 286
1995 106
182 403
2036 566
845 126
521 66
486 66
172 469
453 363
1688 106
470 138
348 403
775 166
1191 216
1071 285
251 66
511 93
798 449
853 76
1002 93
1406 66
406 86
446 151
86 316
256 288
220 93
383 277
1251 347
767 137
908 86
441 66
448 468
406 156
370 255
396 106
471 66
480 86
1068 286
771 137
995 307
1398 600
321 66
919 528
1206 106
986 66
347 86
565 93
256 136
710 241
406 156
1550 556
356 206
1010 307
421 66
320 296
1406 66
853 76
325 518
316 392
417 116
733 600
872 61
1550 420
255 383
919 556
421 66
870 336
491 93
743 86
745 318
86 268
756 66
2266 66
2106 56
470 106
1406 66
910 576
268 56
706 206
565 66
2408 56
420 336
695 93
1546 414
447 56
789 137
486 56
889 406
406 545
620 157
570 256
384 456
890 66
320 258
717 66
386 121
1826 449
729 556
1056 246
970 567
530 158
904 528
695 528
356 286
948 456
516 391
808 136
667 536
332 68
2026 66
919 556
286 56
271 93
1410 126
889 406
1260 156
406 106
559 206
868 93
1210 426
339 66
1056 246
745 346
306 106
1002 93
868 93
298 66
491 93
406 156
835 556
829 93
458 66
256 146
781 93
2288 66
797 188
2210 93
306 506
516 414
1570 93
406 186
981 76
1404 468
497 66
420 308
1416 176
1356 306
1608 106
868 93
700 336
870 106
320 258
745 318
2316 56
1210 546
406 146
521 93
1570 93
746 586
221 389
1520 76
350 179
620 176
2292 427
406 156
1088 326
420 306
320 258
2301 186
890 126
302 126
448 468
1836 61
170 567
1966 206
343 156
756 88
393 889
182 403
655 66
1615 76
805 56
474 538
736 107
406 136
406 136
744 347
406 106
452 86
380 76
2048 336
1970 336
2426 56
666 556
616 126
1550 436
1266 66
721 66
374 126
324 528
651 528
123 478
1406 66
768 126
1143 198
446 126
370 256
858 66
1826 449
341 93
682 66
956 66
367 106
508 306
2086 66
436 458
420 106
2071 46
732 137
570 256
290 187
448 468
406 206
1071 285
429 468
1040 616
741 91
2326 556
321 66
409 86
491 93
1289 393
839 286
819 356
1020 56
161 449
539 503
1402 86
422 548
271 93
1210 546
406 156
366 458
306 106
388 72
716 106
1416 176
875 66
682 581
2292 427
875 365
2326 66
888 576
549 97
342 166
620 106
489 86
422 548
2226 556
568 66
1218 76
770 61
438 436
948 456
1391 106
158 468
556 60
1659 66
441 66
348 403
1570 406
667 556
491 93
906 93
1721 56
1210 545
2016 151
1210 545
2210 206
369 66
465 156
1906 286
1002 556
713 86
409 76
356 558
558 97
402 173
390 86
480 793
768 93
778 486
471 93
516 414
2162 106
486 56
663 126
700 318
256 179
111 395
1210 546
1646 406
420 308
858 106
406 146
482 86
384 456
421 66
199 356
808 136
306 179
252 93
202 894
456 336
406 156
708 106
539 503
1091 66
446 126
1398 600
1665 86
906 66
1088 326
2402 56
938 106
456 146
1528 86
869 86
845 126
406 136
706 86
420 330
520 517
163 417
2070 93
1404 468
406 91
421 66
366 56
141 431
486 66
406 146
404 66
818 586
1718 625
758 146
1068 286
178 620
870 308
441 66
346 278
1546 414
1872 61
224 429
823 76
232 824
2026 66
378 225
163 417
700 318
1289 393
990 558
870 308
471 66
845 66
769 66
1210 546
756 556
456 156
950 106
937 66
629 356
804 406
393 86
1528 86
448 468
450 56
439 56
1586 56
516 391
165 553
1063 453
181 280
506 396
820 337
884 338
370 66
456 121
417 116
288 66
181 436
320 258
1906 286
491 93
433 156
386 121
417 116
713 106
745 318
502 66
446 151
695 93
1398 600
453 398
174 307
1006 93
1419 66
2402 56
703 288
338 76
1940 538
1526 606
341 93
338 66
2292 427
570 66
593 417
1255 56
565 358
769 555
406 116
706 576
891 86
497 66
456 436
1002 93
413 156
2226 106
406 156
2068 468
306 146
740 106
874 123
420 86
251 66
682 581
457 106
781 93
2402 56
1755 360
758 72
220 93
486 56
366 458
1398 600
421 66
778 66
797 216
186 285
2326 126
806 93
333 378
491 93
2280 66
1210 546
491 93
406 56
2121 56
470 66
769 126
913 417
422 419
521 66
470 66
1076 256
848 453
420 106
2206 56
328 256
2382 556
516 391
341 530
448 468
444 137
2151 46
1178 218
306 126
348 403
206 56
1210 426
1611 859
408 136
1030 56
2326 93
791 126
