900
1220 2440
501 46
420 330
252 246
1570 93
959 66
406 106
516 391
686 506
549 97
892 123
1290 576
438 436
406 56
158 285
393 889
406 206
341 93
781 508
1063 449
450 428
888 66
706 206
1293 56
838 176
1556 106
868 93
339 146
86 489
455 206
371 66
1550 420
750 93
1843 575
891 66
770 241
769 126
2292 346
944 86
1636 366
291 93
429 307
448 468
406 56
1546 414
1470 106
356 176
158 285
283 611
720 126
1188 86
326 66
870 336
370 256
2006 93
420 278
324 56
887 203
621 378
783 68
906 286
1340 256
829 93
1555 372
391 97
343 156
1556 386
400 76
491 93
441 358
682 581
905 198
2216 336
568 66
1670 106
406 96
526 66
1870 76
256 146
406 156
247 93
158 305
2326 126
695 93
409 251
1063 449
1908 86
499 56
856 126
2326 556
309 137
670 575
540 205
758 72
1973 489
406 126
306 506
839 86
981 66
320 258
420 308
818 66
1506 420
695 556
348 403
406 93
470 66
377 56
746 56
570 66
663 156
758 72
256 116
480 56
855 126
855 126
1063 449
326 66
842 137
2026 66
396 106
1788 48
1290 576
663 66
868 556
420 278
511 93
420 566
306 106
415 66
391 97
268 56
336 286
621 378
256 970
1385 86
1338 328
2406 581
944 61
783 528
406 86
486 56
297 56
1258 106
811 56
480 56
412 528
309 137
446 151
806 56
271 93
374 126
870 336
769 126
422 419
86 288
470 377
2316 56
330 436
181 280
406 156
1404 468
855 66
853 937
888 576
348 403
178 620
872 61
870 126
678 66
290 187
474 61
1895 76
470 287
320 296
270 106
788 88
161 450
370 237
409 251
378 66
1665 86
948 126
869 86
1659 398
891 556
1398 600
1340 256
497 66
343 156
813 360
1808 346
1506 420
1002 556
181 280
456 336
839 76
359 87
438 436
881 781
2005 66
1048 106
320 258
1755 430
1556 586
2174 66
2326 126
2396 56
343 156
248 66
341 93
1006 86
356 66
2016 151
2382 556
1752 336
406 106
321 66
1055 66
183 743
845 126
904 406
663 187
789 66
970 567
1206 106
781 556
1290 576
256 136
356 116
291 278
667 528
2382 556
570 256
252 93
86 268
656 93
405 162
106 106
829 93
321 66
378 87
1188 66
319 258
398 93
486 486
667 556
558 97
491 93
703 442
2326 126
816 183
630 93
248 66
1306 66
776 66
139 413
324 528
706 56
565 386
612 257
892 123
2216 336
785 76
256 136
797 188
421 66
1056 246
406 186
666 146
1406 93
1293 86
1721 56
2402 48
870 308
406 96
663 506
456 106
161 449
458 406
256 136
868 93
816 538
420 308
769 486
445 66
1404 468
420 106
811 486
1068 286
406 156
467 163
1210 406
429 468
891 66
666 86
422 398
255 383
1063 449
267 106
341 93
397 225
508 86
1188 66
417 116
530 158
286 86
445 126
803 421
140 537
629 148
960 566
957 428
516 137
756 556
770 1110
319 258
356 93
1556 586
523 187
743 86
471 66
371 66
420 278
491 93
1556 66
811 66
1410 486
613 86
516 584
1289 406
163 417
483 558
384 456
556 546
186 285
429 307
290 187
309 237
491 93
890 537
309 137
356 324
1008 46
86 268
1091 66
771 137
508 126
306 106
2292 472
868 93
339 126
1616 66
651 528
422 398
849 126
667 528
341 530
990 586
870 308
501 66
452 1206
570 106
429 307
2316 56
406 206
785 76
710 93
378 87
695 56
1210 324
399 56
398 93
1659 398
600 157
456 436
2266 66
324 218
309 137
232 824
1210 426
779 66
424 136
470 530
913 417
453 398
778 486
1703 66
750 93
1606 426
1290 93
789 126
420 286
439 366
1550 436
553 489
379 225
703 446
780 197
869 86
2216 106
1063 449
309 137
408 136
629 356
356 176
720 308
1512 66
356 116
1000 93
753 354
1946 66
356 324
325 136
271 93
663 506
1506 420
406 206
456 146
1030 336
241 66
531 66
1550 436
620 176
726 66
446 126
163 417
429 468
471 66
2406 93
516 391
1006 93
66 802
356 206
1908 86
471 66
406 156
1593 106
1370 93
2036 586
406 126
496 92
497 66
406 116
439 56
471 66
338 66
320 258
778 66
369 204
312 68
406 136
540 205
1550 556
797 66
516 391
487 86
1416 176
1506 241
2016 151
970 89
320 88
553 489
1966 576
746 586
1441 66
444 137
343 156
2070 93
306 146
534 61
829 93
406 106
416 76
511 66
1210 93
538 66
835 556
798 449
1063 449
486 486
666 556
916 66
517 93
606 336
421 66
172 469
898 106
1210 545
417 116
259 377
198 323
586 106
526 66
420 336
1246 406
2056 93
497 66
1829 138
339 66
458 66
784 179
682 66
667 556
291 66
491 93
715 516
1056 66
1755 360
2226 106
838 176
768 93
2012 86
437 528
413 156
888 307
1752 336
813 360
320 296
501 46
1326 66
875 465
1290 576
770 241
2382 556
888 126
467 106
445 66
842 137
1210 545
934 198
1403 66
558 97
480 452
746 556
796 106
703 442
486 106
802 93
2348 66
406 106
320 286
718 126
422 398
256 179
860 56
1701 246
456 146
2316 56
1966 206
919 528
870 576
870 106
1906 286
516 66
798 449
486 486
747 318
756 56
420 308
449 106
429 468
530 406
851 137
906 56
439 66
480 402
639 288
870 93
1063 449
786 236
881 781
227 832
666 424
1063 449
696 56
2003 414
540 93
348 403
2402 56
1534 48
421 66
447 106
2266 66
565 386
318 66
771 137
781 66
288 66
456 156
769 555
388 72
1441 66
467 106
1770 66
558 97
452 86
1534 66
558 97
744 347
455 226
1066 336
429 468
306 93
174 553
1210 545
882 93
809 106
767 137
797 66
403 163
816 216
288 66
456 336
1565 561
778 486
540 93
356 116
391 76
540 93
2346 66
2196 66
2070 93
163 353
2106 56
646 86
606 336
319 258
890 781
356 556
320 86
1206 48
1970 156
286 156
784 179
789 137
686 203
768 555
206 56
756 56
1906 286
835 528
2368 468
406 116
600 157
758 146
438 436
501 66
371 66
1586 63
978 76
893 66
453 398
1546 414
429 468
420 336
1338 256
760 56
2068 468
181 280
408 106
316 66
390 137
695 528
269 66
1210 324
1000 556
325 518
640 87
406 116
651 528
343 156
231 76
453 363
406 116
1355 66
516 66
508 86
406 156
913 417
186 285
720 308
895 86
788 66
271 93
1416 176
844 123
1570 406
666 424
532 406
406 116
232 824
486 486
2106 56
1598 246
1289 402
420 308
221 389
870 126
593 417
858 86
255 383
1970 286
486 66
471 66
769 486
1210 426
570 256
1418 96
1963 66
267 106
1733 86
269 66
420 308
474 538
944 61
399 56
2216 336
366 486
1076 66
181 436
386 121
422 398
888 336
870 126
816 538
810 428
2086 66
930 56
1210 426
870 336
224 429
1598 246
256 136
520 517
659 56
2382 576
809 86
406 126
906 468
406 126
1975 64
356 116
321 66
391 97
888 307
1068 286
553 433
769 486
777 203
338 56
429 468
1289 406
1010 307
538 66
491 93
256 288
455 226
256 136
161 450
1203 66
919 93
565 386
651 528
2326 93
1970 336
271 93
354 121
393 889
2382 556
870 106
399 56
378 87
784 56
1289 393
1030 56
1210 324
456 156
593 417
256 136
167 308
910 126
797 216
990 558
883 66
406 66
682 581
386 121
306 336
2402 576
2321 152
2068 468
406 106
429 468
716 106
1020 306
728 556
439 366
420 126
853 385
960 566
1843 575
853 385
663 156
906 468
406 56
889 406
470 286
890 66
1374 66
908 61
2326 66
467 106
417 116
202 894
341 93
2067 56
366 66
86 489
570 891
341 93
308 106
406 116
449 93
565 66
445 548
1251 61
251 93
251 93
678 66
680 76
232 824
343 156
2064 86
1406 93
1210 546
2382 556
811 486
470 286
283 87
1410 246
422 419
406 136
806 93
268 86
806 93
430 421
553 433
844 123
2236 86
990 66
491 93
829 556
1260 325
2048 336
534 61
682 581
393 889
421 66
1002 93
420 417
406 126
2124 306
910 66
1666 86
720 308
300 267
819 66
919 556
927 256
783 179
406 136
320 258
1636 366
326 66
1470 136
600 93
1210 426
785 76
465 156
656 126
668 166
341 93
824 106
2079 66
415 309
639 288
677 68
421 66
324 56
456 336
406 156
457 106
538 56
325 518
491 93
453 398
1498 356
1355 66
281 66
808 136
