900
1220 2440
523 187
769 486
388 76
371 66
1260 156
2292 427
369 204
391 66
406 156
556 64
328 256
547 56
371 66
756 56
295 97
2382 556
990 66
639 56
356 206
565 66
829 556
453 363
783 528
203 397
806 93
2326 556
406 146
1289 406
506 406
163 586
1973 489
952 746
232 824
1520 76
1926 56
812 421
835 56
343 156
1246 406
521 93
1390 466
491 93
1546 414
391 97
491 93
325 518
261 66
1066 336
2066 506
2216 66
882 93
468 66
646 86
1881 56
420 278
1426 64
470 377
300 267
787 56
300 1068
178 115
383 277
728 556
176 307
255 383
769 66
420 308
606 336
329 76
142 328
745 318
1002 93
1382 66
600 157
666 420
291 278
640 56
319 294
406 106
666 424
870 93
406 126
568 216
306 179
1040 616
646 586
310 236
170 196
491 93
781 486
1500 56
902 360
283 611
746 556
893 86
771 137
556 546
620 176
888 76
309 137
1570 93
496 92
1843 575
181 436
1241 131
868 555
491 93
491 93
393 889
824 527
1818 86
1025 453
1733 86
835 556
769 126
356 116
520 438
811 66
456 121
1375 700
1586 56
1246 406
325 518
706 576
446 151
1441 66
1404 468
438 406
520 517
870 308
743 337
409 251
2402 576
570 256
374 126
252 218
364 68
497 66
1131 286
978 76
470 126
456 436
343 156
344 126
848 453
320 296
438 406
695 528
56 218
386 121
990 66
769 555
771 137
2226 556
420 106
417 116
745 318
202 894
769 265
1210 426
888 307
288 66
686 203
391 66
181 280
663 187
620 157
417 116
516 414
486 486
1398 600
2368 468
927 556
406 156
270 106
441 360
413 156
808 136
1843 575
312 68
710 93
406 86
812 421
858 106
428 96
835 93
376 206
241 93
2190 86
406 126
1246 406
1135 76
860 74
422 548
2070 556
769 66
1056 61
1973 489
1906 106
888 307
937 287
491 93
220 66
397 87
2316 56
356 286
2066 506
501 66
781 486
919 528
241 66
869 86
530 396
408 556
843 187
383 277
486 486
388 66
1271 176
568 66
2005 106
824 66
1755 430
470 287
797 328
206 56
870 66
768 555
872 61
458 406
474 61
1659 398
639 48
423 310
396 91
778 56
667 528
1041 56
798 449
420 106
320 286
356 106
888 336
406 156
1002 93
406 206
663 506
491 66
1506 66
702 355
320 258
770 217
809 61
1995 106
1338 328
256 136
639 288
371 66
377 56
440 548
499 56
891 576
406 116
1406 66
457 106
910 126
651 528
677 68
639 56
344 126
835 56
474 61
937 66
390 137
480 402
388 106
975 86
1570 406
1659 66
496 61
406 545
496 135
506 158
596 187
612 257
600 157
516 391
320 126
783 308
348 146
776 76
1598 246
808 136
406 56
588 256
780 197
1260 346
606 336
339 126
778 66
797 66
386 121
188 86
888 66
420 66
268 86
769 66
798 449
415 309
981 56
1406 66
2406 581
155 463
384 456
356 558
667 536
506 106
468 206
839 76
356 116
359 87
306 146
392 87
482 86
483 558
291 278
486 486
868 556
1070 106
1355 66
769 56
1056 246
356 556
196 56
406 146
1550 93
2005 66
1210 426
892 123
2016 151
540 205
769 555
413 93
1755 360
256 93
1946 66
1289 393
320 76
789 66
470 138
811 66
388 86
288 66
348 403
1210 324
448 468
2016 151
855 66
406 56
860 353
783 548
893 86
874 123
941 66
784 179
1870 76
695 556
875 465
446 151
316 392
406 56
1246 406
1391 406
2266 56
1470 106
418 66
420 336
1770 1010
206 66
703 442
2402 93
2326 556
720 336
348 403
695 56
421 66
781 486
1713 116
1210 324
319 258
798 449
181 280
2280 66
890 106
455 528
1306 66
796 124
797 188
870 336
356 286
319 258
420 106
422 398
406 156
565 358
838 176
823 76
881 781
283 611
797 356
256 136
808 136
695 556
809 86
1406 93
456 66
2288 48
419 86
783 308
306 93
1550 93
370 237
750 740
148 535
891 576
252 93
256 116
1550 93
491 93
745 318
760 156
516 391
420 336
600 93
855 126
1506 420
316 392
383 277
1056 66
320 258
383 277
950 51
540 206
767 68
306 106
2326 66
750 740
406 106
338 66
1236 306
2368 468
1289 406
1179 76
767 137
1895 76
774 179
445 66
506 396
1906 286
421 66
1840 106
516 414
803 170
521 66
1390 466
271 93
943 76
960 566
1556 586
170 196
408 556
420 308
695 56
612 257
666 146
319 258
409 76
2286 48
424 136
606 239
417 116
721 66
745 318
163 417
870 308
781 66
511 93
356 116
888 548
405 162
256 970
1188 61
406 545
356 116
770 216
811 66
1506 420
840 66
767 68
390 86
306 179
2026 66
600 176
708 106
1770 93
291 278
399 56
2402 56
1755 360
562 66
745 318
420 86
889 406
471 66
770 241
316 392
756 336
651 528
824 66
600 157
283 87
781 536
870 106
593 417
2206 51
491 93
1206 106
1606 66
620 157
853 385
737 66
321 66
333 378
2286 48
870 106
406 136
776 56
290 187
185 503
779 545
356 206
433 156
639 56
1289 393
650 393
406 106
516 391
298 66
600 176
781 536
438 436
471 66
706 66
835 123
1665 56
855 126
768 556
779 545
455 206
1170 88
1030 336
224 429
870 308
2073 66
422 548
1556 66
868 93
406 116
422 398
540 206
1570 93
186 285
2326 556
1063 449
889 406
2190 406
509 76
356 556
1068 286
198 323
406 136
163 417
422 548
808 136
870 336
990 558
1966 576
906 66
1066 336
261 66
1970 286
1688 106
291 278
872 86
2406 581
778 66
1088 326
369 66
943 76
906 93
185 503
406 66
1733 66
888 336
635 126
1970 336
750 768
2026 66
842 137
406 56
2396 56
576 239
501 66
770 296
404 486
421 66
716 206
343 156
456 106
476 126
1006 126
1176 66
420 318
703 442
406 206
1895 206
291 66
881 356
990 558
386 86
2093 556
456 436
1260 156
280 93
453 398
392 87
628 126
256 136
309 87
786 56
990 586
406 91
1106 61
784 56
620 570
530 396
1290 93
781 48
835 123
558 97
823 183
386 121
304 126
320 258
1570 406
333 126
406 126
471 66
306 126
1970 286
818 558
858 56
745 93
680 581
406 56
486 486
2104 705
343 156
281 66
256 136
620 176
959 106
2016 151
174 307
343 156
406 156
538 56
406 106
635 126
906 468
612 68
769 126
2226 556
937 66
798 453
760 156
271 93
1550 556
420 336
2106 93
421 66
830 433
406 156
388 72
1843 575
895 86
392 87
802 93
420 336
549 97
1306 66
456 146
356 116
449 556
470 138
663 66
836 66
770 296
422 398
2190 406
888 336
2382 556
1636 116
798 453
1002 556
480 793
291 278
486 66
402 889
781 536
839 86
2070 93
769 66
930 86
981 56
306 179
449 528
784 56
771 137
511 66
798 453
888 126
670 575
515 56
430 421
887 203
1172 517
388 66
549 97
2266 66
420 417
2286 48
726 96
870 93
491 93
371 66
356 176
346 278
1526 56
620 570
518 56
770 271
1570 406
2406 56
1946 66
952 746
306 179
771 162
1385 86
821 93
870 336
406 106
406 206
540 206
2288 48
417 116
406 106
2326 126
106 106
453 398
1063 453
1002 93
456 156
497 66
739 285
781 66
1506 241
2104 705
417 116
86 970
695 93
2226 556
455 226
695 528
1063 449
406 166
1350 76
256 136
348 403
356 206
1391 106
471 66
142 328
501 66
1508 56
1040 616
1398 600
371 536
319 556
938 386
1246 406
1206 106
785 76
320 258
341 93
1966 576
300 1068
785 126
2064 86
880 66
155 463
502 66
1066 336
826 66
1210 426
1570 93
670 575
376 206
521 66
178 620
1570 406
480 793
746 586
477 126
2068 468
86 239
880 56
491 93
1355 66
855 126
770 56
808 136
486 56
881 781
1030 336
612 257
1962 106
797 66
990 126
747 328
845 126
1241 131
1966 206
420 66
870 126
666 556
726 96
406 106
356 116
383 277
1380 76
1296 166
406 56
975 86
663 187
182 403
406 126
408 136
333 378
745 126
876 86
858 66
474 538
1290 576
489 98
421 66
1056 246
256 136
1556 66
509 76
271 66
448 468
406 186
406 206
406 156
406 66
761 486
806 56
506 66
570 66
348 403
1002 93
733 600
659 48
141 48
366 556
1553 465
306 166
423 310
465 156
465 156
855 126
283 611
271 93
806 93
808 136
1091 66
181 436
261 66
872 61
