1500
1220 2440
2067 56
680 76
1659 398
481 93
1466 88
2162 106
549 97
842 66
320 296
1944 91
506 48
158 468
833 309
356 116
828 93
309 137
254 76
298 66
869 86
870 106
406 96
781 56
256 116
456 106
185 503
366 56
456 146
123 66
482 86
458 86
221 389
396 106
1382 66
348 146
341 93
78 338
516 584
600 93
1098 365
2272 91
816 123
667 556
436 66
1260 156
491 93
1188 86
629 148
521 66
481 93
682 76
521 66
406 66
677 68
717 126
491 93
320 258
406 146
2028 66
1770 93
750 126
198 323
406 56
2048 336
1565 561
558 97
1416 176
820 93
341 93
870 106
206 66
910 126
570 237
501 66
406 206
1306 56
106 106
1088 326
376 206
422 126
1906 106
491 93
406 106
1146 106
620 570
446 151
446 151
934 86
363 172
406 106
670 238
486 56
1179 66
978 76
745 93
271 93
511 66
399 56
328 256
710 196
406 56
2093 556
364 68
268 76
516 391
870 576
256 136
406 66
981 66
2286 48
1406 93
521 93
206 56
818 126
165 553
736 107
406 56
758 72
1498 820
1906 286
406 156
375 126
347 66
1210 93
1210 426
835 93
1406 66
344 136
1752 126
565 386
1350 76
884 338
406 86
931 93
1070 61
620 157
2121 88
420 336
1788 66
540 93
824 106
491 93
406 116
1030 56
540 205
870 93
486 486
2241 106
957 66
1416 176
151 56
491 93
1866 61
396 91
2006 93
456 66
421 66
406 56
600 157
808 136
758 146
141 66
506 176
2266 66
429 307
873 93
1906 286
568 56
256 136
770 86
656 256
612 68
256 126
771 137
444 137
1920 91
123 918
396 91
1030 336
839 251
767 137
511 93
482 86
450 56
486 56
496 61
356 116
1550 93
141 508
1976 86
255 383
1764 66
528 66
256 136
1871 56
290 206
174 307
2006 406
686 203
625 377
667 536
2226 106
791 126
343 156
1806 66
224 429
406 126
646 86
741 56
796 56
356 116
715 516
2216 336
565 386
409 76
182 338
491 93
406 106
663 187
802 366
2216 336
2064 86
737 66
797 188
870 66
536 66
1170 88
1419 66
306 106
732 137
845 126
491 93
787 56
797 328
329 136
414 173
378 66
1658 86
870 106
368 86
713 86
406 116
650 894
181 280
778 66
1703 66
1000 93
444 86
416 186
686 203
1870 76
1076 66
870 93
763 76
356 176
366 66
1370 93
600 157
321 93
1802 76
393 126
868 93
680 66
421 66
182 403
1550 93
470 138
746 56
2396 56
580 56
938 106
86 239
781 66
486 56
320 126
1606 66
465 156
1733 106
390 137
681 106
600 176
906 468
840 66
269 66
456 146
370 66
2236 86
606 336
2316 56
764 126
882 86
458 106
870 86
172 469
256 136
2006 406
528 56
1030 56
291 278
252 93
893 328
1056 86
320 76
874 123
291 66
408 556
1755 360
339 146
470 106
181 436
423 310
829 93
291 93
283 87
859 86
620 157
309 137
421 66
491 93
2286 48
471 66
808 187
870 106
369 204
224 429
1616 66
600 157
2326 93
540 205
1055 66
872 61
232 824
406 156
695 56
868 93
438 436
491 93
511 93
835 123
347 86
663 126
600 176
417 116
750 768
766 93
891 66
606 586
309 137
325 136
1666 46
338 56
1470 136
56 566
256 146
188 86
467 106
870 308
1470 106
818 126
1000 93
306 106
630 93
417 116
406 146
1355 386
1752 126
511 93
1526 606
388 66
819 93
629 148
406 56
421 66
356 196
406 136
256 146
56 218
388 72
1550 93
501 66
456 106
170 567
406 156
1041 56
1926 56
758 146
199 356
588 256
678 66
1290 576
501 66
491 93
501 66
420 417
182 365
526 66
446 151
446 151
606 566
952 106
1410 126
321 66
771 162
449 93
771 137
356 116
1498 356
625 384
163 417
2106 56
471 66
521 93
182 487
863 56
2106 56
2216 106
370 197
423 310
356 558
682 581
1406 93
978 76
368 66
549 97
306 93
2406 106
344 76
797 188
1570 406
202 894
256 136
530 158
420 308
891 66
771 137
326 66
283 612
663 187
530 158
316 392
491 93
851 137
256 126
875 66
788 326
467 106
806 93
306 106
1953 86
781 66
491 93
282 66
771 162
356 131
791 66
452 86
341 93
1255 56
1251 61
406 156
2406 93
123 66
666 86
406 86
565 93
1131 188
256 136
238 76
896 203
823 76
403 163
491 66
640 56
256 106
874 123
388 72
568 56
391 97
155 463
1520 76
620 570
406 156
406 156
370 256
888 66
406 66
1876 106
573 326
771 137
639 56
1406 66
1371 66
449 126
1556 66
570 66
477 126
1709 56
113 928
1167 76
668 166
786 236
366 56
710 76
181 436
377 56
695 93
1593 106
280 93
338 56
860 156
406 156
768 93
306 93
532 158
1500 56
445 66
891 256
499 56
1048 66
521 66
906 93
421 66
666 420
406 156
159 567
420 93
1556 106
298 66
2348 536
1615 76
1314 93
438 436
497 66
778 66
659 56
1370 66
776 56
406 116
186 285
706 576
1570 106
338 66
1788 356
455 86
486 106
888 126
1210 126
860 74
875 365
818 558
706 86
778 486
202 894
309 87
2241 61
248 66
486 56
651 528
906 66
930 106
256 93
880 66
406 156
776 66
406 156
511 66
466 126
1356 116
491 93
1886 66
446 126
491 93
818 558
406 156
726 66
178 115
429 468
696 176
703 446
990 66
491 93
2093 206
320 107
344 76
811 486
720 336
1063 449
406 116
1598 106
436 66
1550 556
870 106
870 66
446 151
796 106
978 76
271 93
1926 66
1570 93
540 205
186 285
446 126
309 137
2382 556
2070 93
363 172
2406 56
1416 106
406 106
491 66
497 66
2236 86
769 56
1570 406
600 157
2106 106
421 66
750 126
1582 86
540 206
406 146
446 151
808 136
256 136
396 106
392 87
808 136
268 56
2321 152
339 146
781 66
990 558
781 66
2402 56
811 66
1260 48
2103 556
500 66
392 87
1670 106
422 398
343 156
990 66
570 237
446 126
681 106
920 86
288 66
486 56
829 93
395 93
695 556
2048 336
406 183
406 126
286 136
341 530
338 66
1890 61
1843 575
710 93
921 86
465 156
776 76
1326 66
770 296
2406 66
818 66
163 417
446 151
570 256
1615 76
202 894
420 336
843 187
898 278
529 469
422 398
330 66
421 66
682 581
906 93
1770 93
873 93
666 86
327 96
910 66
736 107
86 239
797 126
406 116
456 106
506 396
406 166
860 74
391 66
181 280
482 86
123 66
908 86
286 136
406 156
491 93
497 66
163 417
445 66
409 76
657 146
424 136
611 257
413 156
950 106
406 106
620 93
86 316
1770 66
829 93
1289 406
396 106
565 66
256 136
471 66
1064 46
808 136
376 60
421 56
202 894
2406 106
206 388
438 406
2402 48
767 68
700 126
421 66
406 156
778 56
321 66
393 889
406 186
851 137
1506 66
486 56
338 66
446 151
290 206
835 123
388 66
700 336
388 66
769 126
1260 48
718 196
2026 66
321 66
268 86
261 66
439 66
829 93
558 97
371 66
270 106
888 126
931 93
778 66
420 308
491 93
356 116
441 66
646 66
471 66
1030 86
726 56
444 137
238 76
406 156
338 146
339 66
670 238
321 66
470 377
496 61
356 93
587 56
181 436
255 383
682 76
835 93
391 97
680 76
710 196
347 66
446 151
1550 556
356 106
391 66
320 126
1656 56
2146 66
366 66
219 86
770 241
796 56
540 205
370 66
811 486
1404 468
302 126
321 66
530 106
895 86
838 176
2316 56
680 66
406 136
913 417
402 126
1266 66
913 88
770 128
745 318
366 66
2259 555
482 86
1752 126
449 106
421 66
346 256
2382 556
286 56
1534 48
888 307
849 126
1063 449
892 123
386 121
696 196
2402 56
838 176
491 93
356 93
2060 66
392 87
745 66
695 93
860 353
766 93
835 95
666 86
769 66
2106 86
528 66
2190 86
1406 66
366 66
327 96
1956 191
835 556
835 93
990 66
417 116
306 126
696 176
406 156
820 93
1752 93
338 66
366 556
388 72
1188 66
1658 86
778 56
290 187
620 157
811 66
1556 386
523 133
558 97
297 56
183 743
511 66
1385 86
476 126
252 93
519 56
199 356
876 106
320 258
406 106
417 116
1570 93
823 76
506 106
839 86
1215 106
810 66
960 126
2070 126
338 66
1210 324
271 93
1170 66
1550 420
271 93
456 206
532 86
248 66
2021 56
769 265
268 56
366 486
511 66
2026 66
770 86
1528 86
1526 56
845 126
338 66
471 66
2079 106
445 66
713 86
506 158
655 66
870 86
680 76
1606 66
2348 66
350 179
178 620
321 66
1390 466
2396 56
163 417
676 106
565 358
348 403
1906 286
629 148
424 136
106 338
1355 66
898 66
251 66
568 66
806 61
791 66
491 93
1188 66
506 94
1020 56
547 56
283 87
756 61
1206 93
768 126
256 136
420 66
1380 66
486 486
594 106
629 148
891 66
629 148
456 106
288 66
1140 76
267 106
1646 406
306 126
868 93
182 397
845 126
1290 576
406 156
178 620
378 87
703 442
690 86
785 126
766 66
1041 56
706 225
528 86
501 93
406 86
386 121
771 137
844 123
348 403
540 206
1406 93
798 449
803 421
446 151
420 336
321 66
1135 76
502 66
252 93
1944 91
406 166
528 56
1391 106
343 156
309 137
1866 61
769 66
497 66
2436 56
491 93
745 318
356 116
710 93
889 406
502 66
532 158
769 486
2046 56
406 136
1506 66
594 106
417 116
486 486
321 66
304 126
2070 126
406 106
1126 56
406 156
785 76
1608 106
2292 427
594 66
558 97
1289 406
870 66
663 66
860 67
805 56
1737 56
1755 360
406 86
696 66
406 156
408 136
872 86
639 48
1048 86
796 124
828 93
2311 40
506 158
456 146
516 414
981 76
178 620
406 56
1290 93
288 66
769 66
420 278
491 66
1403 66
406 146
2266 66
486 56
808 136
532 86
549 97
338 66
406 166
889 406
86 316
558 97
202 894
906 93
1218 76
559 206
1382 66
356 116
396 106
888 76
393 86
354 121
937 66
521 66
404 66
338 56
1570 406
695 93
359 87
400 86
366 66
1448 66
1028 421
798 453
872 64
391 66
870 126
516 66
406 136
565 66
406 93
2126 546
874 123
271 93
750 93
420 93
471 93
891 256
406 116
1550 93
530 61
271 56
421 66
1430 64
406 136
291 278
682 66
329 76
876 86
786 56
220 86
406 156
320 296
766 93
450 66
521 66
2406 66
185 503
2060 93
383 277
2012 151
745 66
538 66
756 61
570 891
431 66
413 93
408 106
383 277
769 56
206 56
291 66
904 528
613 86
123 66
1406 93
769 126
2116 61
2436 56
406 156
1606 66
390 137
251 66
1726 66
1721 56
764 176
444 86
392 87
851 137
409 76
309 87
282 66
486 56
920 76
540 206
491 93
429 307
406 126
1288 126
178 620
497 66
1140 76
363 172
319 258
1770 336
666 176
270 106
123 66
533 61
919 126
845 126
206 426
406 156
66 802
174 307
404 66
306 179
532 86
496 86
1002 93
1210 93
716 106
687 184
174 307
849 126
521 66
356 176
306 336
420 126
870 106
417 116
406 126
745 346
1271 176
406 106
1303 106
406 106
406 146
492 558
182 403
839 251
402 889
424 136
1636 61
1380 76
770 66
540 205
2259 555
511 66
306 146
437 86
471 66
406 166
406 136
1870 86
417 116
906 76
470 66
508 306
241 66
1512 66
321 66
760 74
784 56
449 106
1441 66
398 93
521 93
796 56
1788 66
808 187
391 97
750 93
491 93
406 156
96 106
501 46
325 136
283 612
1448 66
783 179
2326 126
366 66
1758 76
845 126
320 258
491 93
960 126
1010 307
2151 46
341 93
406 136
565 358
600 176
1953 86
406 186
767 137
181 436
406 136
241 66
456 121
657 146
710 76
231 76
806 106
868 93
328 66
387 131
741 86
1500 56
2266 66
870 126
155 463
1752 93
388 72
948 126
366 66
990 66
188 86
770 126
406 106
1402 86
437 528
406 56
456 156
420 330
1419 66
458 66
371 66
835 123
567 93
341 93
406 96
769 66
341 93
404 66
906 468
587 56
406 156
1931 66
1063 76
620 157
356 131
769 126
816 123
338 56
444 137
291 66
781 48
2426 56
1758 76
568 56
1076 66
393 126
388 66
1731 56
2206 56
470 106
501 66
206 56
696 66
600 157
1462 306
445 173
156 788
489 86
256 116
280 93
142 328
447 106
396 91
720 308
388 72
919 93
1506 66
732 137
928 123
182 403
540 206
406 146
816 183
330 166
397 87
870 93
1210 324
1246 406
356 116
706 576
870 308
421 66
482 86
406 156
596 187
1616 66
491 93
491 93
806 286
1975 106
86 268
247 93
256 116
392 87
668 166
256 116
288 56
421 66
269 66
449 106
491 66
306 93
990 56
840 66
491 93
553 165
612 68
811 486
1416 176
420 86
252 93
1788 66
406 126
774 86
706 576
855 126
402 126
404 56
868 93
761 93
528 66
1326 66
406 156
465 156
420 126
491 93
316 392
809 156
870 106
271 66
306 146
781 536
306 166
758 138
406 106
433 156
783 179
388 76
188 86
174 566
1556 586
406 116
706 86
371 126
271 93
2406 88
612 257
142 328
652 66
2382 556
769 56
388 66
695 93
256 136
845 126
870 106
231 76
486 56
456 156
406 106
481 93
241 93
892 123
695 528
396 91
2086 66
399 56
406 116
161 450
842 137
769 126
906 93
2316 56
1008 46
835 93
489 98
1570 406
2436 106
646 586
2382 556
86 489
516 66
345 535
343 156
319 86
391 76
528 56
308 106
829 556
491 93
858 106
480 86
421 66
1658 86
565 93
919 528
421 66
756 66
882 86
371 508
343 156
1806 66
2286 48
1900 98
1241 131
406 106
1764 66
390 86
948 246
880 66
528 66
811 66
666 420
480 56
791 126
2103 556
406 156
341 530
1271 66
474 538
872 86
