1500
1220 2440
256 136
271 93
640 87
309 137
1598 246
1703 66
388 66
531 66
2348 66
1210 93
388 72
56 506
1755 430
788 66
241 66
406 86
158 285
695 93
1506 420
481 93
568 66
812 407
406 106
406 56
390 137
406 166
183 743
784 179
255 383
663 506
2402 56
1056 246
870 106
163 417
1210 426
710 93
779 66
1063 449
716 106
906 93
420 308
283 87
371 66
556 546
2321 152
2026 66
910 66
781 556
256 116
406 156
842 137
565 66
320 88
290 206
406 56
442 527
341 93
188 86
406 106
890 196
778 486
835 93
406 116
1007 86
1470 106
2266 66
2046 56
251 66
1755 360
491 93
271 66
1030 86
521 93
337 126
402 126
2226 348
421 66
159 567
778 66
890 781
818 586
404 66
893 66
1290 576
888 66
1836 56
320 126
406 126
453 363
726 66
769 86
696 56
845 126
990 66
816 183
281 66
829 93
1788 66
371 66
141 508
756 66
882 86
248 66
370 66
869 86
306 336
408 136
2402 48
774 86
758 72
304 126
528 86
356 176
540 93
2326 768
556 66
1380 106
758 72
853 385
261 66
956 66
480 793
406 186
406 86
306 126
919 528
286 156
406 156
2286 48
856 356
367 206
496 86
695 56
2116 86
558 97
849 126
606 86
2292 472
420 306
1210 545
398 93
875 365
1665 86
677 68
420 66
268 86
821 93
501 66
1829 138
2106 106
1402 86
896 203
1906 286
1246 406
959 66
666 146
2402 576
891 86
453 453
1382 66
309 137
338 66
341 93
482 86
848 453
405 162
816 123
1546 414
445 66
1380 106
231 76
106 106
486 106
2316 56
341 530
1251 61
400 76
1140 76
1737 56
161 450
2326 126
756 556
570 256
1010 307
383 277
720 126
456 206
471 66
526 66
343 156
1826 449
2226 106
1570 93
474 61
838 176
668 166
1962 106
336 286
391 97
456 146
565 66
769 265
420 278
348 146
271 93
343 156
803 170
990 586
181 436
281 66
2406 56
760 156
785 76
183 397
884 370
706 576
839 86
226 196
872 86
1418 96
856 126
397 87
356 116
256 146
2316 56
516 414
501 46
981 76
519 56
870 66
318 106
1206 93
161 449
506 106
1416 176
785 76
682 66
2028 66
750 740
356 93
298 66
838 176
343 156
408 556
2216 95
491 93
853 428
600 93
465 156
406 116
966 106
1406 93
406 126
458 66
486 66
1104 576
324 56
441 358
421 66
291 66
338 146
891 66
158 305
366 486
356 176
813 360
256 179
538 56
446 151
406 66
202 894
487 86
2241 106
680 554
676 56
406 86
269 66
406 136
868 93
913 417
309 87
346 256
146 466
771 137
678 66
990 126
406 156
306 146
1063 449
970 567
248 66
1570 93
1030 56
1534 66
829 93
1953 86
1506 420
1615 76
663 66
256 146
258 106
858 56
306 179
399 56
2068 468
1088 326
186 285
726 96
491 93
818 586
406 156
2436 106
528 66
1666 86
343 156
1871 56
406 106
1290 93
1106 61
388 72
491 93
780 197
786 56
446 151
348 403
743 86
1570 93
1895 76
458 406
406 116
406 56
2012 86
868 93
1550 436
356 93
549 97
386 121
630 93
2156 60
1258 106
1289 406
1055 126
517 93
140 537
456 146
406 156
2208 66
297 56
651 528
1393 88
2266 66
716 106
842 137
406 126
835 76
421 66
959 106
445 66
1091 66
142 328
356 66
471 66
406 136
413 106
851 137
990 586
944 61
1266 81
796 95
680 76
829 93
1556 66
1506 106
181 280
860 56
2106 56
825 86
789 66
1506 106
320 258
320 296
446 126
256 136
291 66
320 56
482 86
950 126
501 66
477 126
406 156
251 66
696 196
1770 66
966 106
829 528
269 66
406 156
406 106
399 56
467 163
1926 56
348 403
271 93
708 106
695 93
663 126
456 66
491 93
206 66
467 106
869 556
356 116
202 894
399 56
870 86
356 116
163 417
528 66
241 66
368 66
898 106
511 66
829 93
556 60
736 107
182 433
556 106
341 93
123 478
306 106
2391 66
2005 106
497 66
458 66
338 56
203 397
295 97
880 66
388 66
449 93
158 285
181 280
806 93
424 136
486 56
185 503
990 66
251 93
809 86
406 106
930 56
266 106
406 166
816 216
620 176
413 106
449 93
855 66
768 93
172 469
406 66
726 66
306 126
1063 449
393 126
339 146
796 106
2326 126
913 417
797 126
350 179
659 56
1355 66
333 68
453 398
2067 56
393 86
769 126
812 86
840 126
174 553
1570 93
403 163
271 93
406 86
613 86
66 802
421 66
769 66
256 116
409 86
2106 106
497 66
1385 76
2064 86
919 126
523 187
1570 93
611 257
232 824
1000 126
656 126
348 403
696 56
706 56
398 93
421 66
2326 126
161 450
508 86
600 157
1385 86
1870 76
540 206
1028 421
506 176
252 218
304 126
1326 66
1188 66
421 66
321 66
1962 61
271 93
806 93
406 156
409 86
491 93
491 93
206 66
396 166
785 76
1556 66
620 157
586 106
870 66
542 86
1055 66
456 106
1506 106
568 216
424 136
487 186
860 67
819 66
511 66
231 76
768 556
2196 66
540 205
406 156
816 616
409 86
1895 76
888 336
499 56
829 528
2026 66
768 93
521 66
480 56
657 146
944 61
528 56
1895 76
849 126
809 86
456 106
416 76
356 106
695 528
970 89
1251 347
1370 93
308 106
406 156
663 156
2326 66
783 68
281 66
696 66
547 56
241 66
406 136
470 138
1895 76
695 93
491 93
797 328
318 66
818 66
291 278
1651 106
445 66
600 176
1188 61
905 198
256 136
813 360
919 93
802 93
391 97
1546 86
1206 48
870 93
417 116
990 66
758 146
339 66
769 66
516 66
845 126
252 93
251 66
417 116
1108 57
406 126
1441 66
406 126
718 126
470 76
86 268
1556 106
981 66
784 56
370 255
838 176
1406 93
271 93
86 489
521 66
990 558
876 106
2016 151
420 336
220 93
1788 48
328 256
389 87
823 76
390 86
399 56
377 56
390 137
516 391
406 156
347 86
811 56
220 86
306 93
309 137
870 106
456 156
406 186
467 163
1418 66
456 106
521 66
2106 106
271 66
391 76
910 467
663 66
509 76
356 116
750 126
482 86
258 106
870 106
869 86
421 66
251 66
756 66
1293 86
960 126
378 87
870 106
1770 66
1303 106
1953 86
491 93
783 528
2086 66
534 61
491 93
291 66
818 558
256 116
532 86
756 336
916 66
508 86
2021 66
829 93
1788 356
386 121
1963 66
420 106
86 288
553 489
2106 56
456 66
321 66
2070 93
123 936
1651 66
785 76
286 56
855 66
750 768
1293 56
406 136
888 307
256 136
567 93
1788 66
320 86
378 87
1615 76
86 239
271 93
781 66
406 156
978 76
888 126
678 66
161 450
1593 106
870 93
306 146
750 93
1008 46
370 86
290 187
1733 86
888 307
870 126
356 131
1055 126
863 56
928 123
231 76
1048 106
808 136
1289 393
895 86
186 285
818 66
1870 76
446 151
1550 93
206 56
364 68
343 156
506 66
86 489
338 146
680 76
844 123
406 116
1970 156
828 66
480 56
288 66
321 66
1670 106
341 93
186 285
829 528
106 486
370 86
1546 414
406 156
760 56
406 106
1131 188
409 76
745 318
931 93
663 126
469 106
1056 66
406 116
388 76
220 93
406 156
781 48
768 126
421 66
750 126
1470 136
2068 468
680 76
404 66
2006 93
339 66
606 66
629 148
202 894
1570 93
717 66
626 126
406 56
1126 56
839 86
1658 86
1908 86
453 453
241 66
403 163
880 66
1063 449
957 66
146 466
491 93
1131 286
406 126
1410 126
1616 66
681 106
158 468
296 703
702 353
690 76
796 186
457 106
1701 246
1406 93
1406 93
784 56
1210 426
990 56
456 106
359 87
910 126
1066 336
506 106
1721 56
406 96
420 126
1450 76
304 126
844 123
1155 156
255 383
306 179
286 156
656 93
471 66
508 86
663 66
328 256
406 106
1056 246
1406 93
343 156
663 66
501 66
185 503
501 46
326 66
2402 576
256 970
528 56
1170 66
530 158
663 156
183 743
386 121
776 66
750 93
326 66
656 196
858 76
750 768
370 237
406 126
203 397
346 535
856 356
309 137
320 136
309 137
420 93
844 123
338 66
855 126
354 121
1260 156
420 566
467 106
1266 66
836 66
558 97
241 66
406 106
2070 93
516 414
870 106
108 427
449 106
1064 46
756 56
391 97
534 61
406 156
521 66
406 156
491 93
1956 56
506 396
406 156
606 566
251 93
247 93
813 360
1131 188
1066 336
770 128
444 97
290 187
666 424
806 236
268 56
882 93
420 106
934 198
491 93
486 56
769 56
703 442
306 106
248 66
491 93
750 138
406 106
406 126
471 66
808 136
356 176
741 56
439 56
570 106
908 61
596 187
706 576
2086 66
383 277
870 106
829 528
767 68
324 56
835 93
774 179
306 106
1582 86
2064 86
870 126
366 56
406 106
327 96
406 106
766 93
1636 61
420 308
415 66
176 506
149 486
406 126
706 56
889 406
491 93
500 126
720 335
806 93
445 66
420 66
491 93
1406 56
497 66
406 106
486 486
491 93
396 91
271 93
267 106
1406 66
616 86
320 296
1975 64
256 136
2241 61
891 66
333 378
366 66
439 66
456 156
855 126
1404 468
1441 66
338 56
2326 66
341 93
406 126
536 56
906 66
2402 56
788 88
180 453
620 106
811 66
470 286
763 76
511 66
812 407
788 66
835 56
780 197
1170 88
338 66
182 403
868 93
1251 61
516 56
2174 66
570 66
1512 66
1870 76
309 137
251 93
341 93
919 528
271 66
835 95
858 106
406 116
842 137
670 575
320 258
1406 93
406 156
163 353
148 535
508 126
252 93
777 203
808 136
516 584
163 417
522 389
306 106
456 146
356 116
456 121
452 86
1895 76
420 336
849 66
252 487
768 93
797 66
408 106
892 123
771 137
855 126
690 86
148 739
758 138
1387 66
823 183
1728 66
870 126
406 93
356 106
391 66
780 197
241 93
809 86
769 66
1416 176
386 121
371 66
406 106
266 106
2382 556
1098 365
1098 365
306 336
1970 336
576 239
1658 86
797 66
858 86
771 137
406 106
456 436
2070 93
256 146
728 556
760 56
406 86
2121 56
785 76
343 156
2190 86
1406 93
406 156
1355 66
224 429
356 93
540 205
620 157
613 86
506 94
791 126
86 268
868 93
421 66
2406 93
343 156
780 197
406 116
417 116
163 353
238 76
540 205
797 188
1070 61
2382 556
870 93
390 137
863 56
420 278
316 66
1076 66
812 203
231 76
2048 336
1255 156
666 86
320 136
446 126
784 179
1406 93
892 123
2266 56
341 93
695 93
406 136
2006 93
1076 66
808 136
2311 40
646 66
440 548
611 257
543 416
1006 93
455 86
359 87
182 338
2439 66
391 97
516 66
646 86
839 76
483 558
390 137
86 489
806 56
491 93
823 76
491 93
756 56
1068 286
471 66
1006 86
343 156
406 106
746 56
558 97
1188 86
663 156
686 203
447 56
390 137
872 61
1255 74
2286 48
406 156
341 93
808 136
366 66
1006 86
829 93
270 106
783 179
870 336
2382 556
1306 66
198 323
344 126
378 66
891 66
470 76
540 205
306 93
2396 56
540 206
444 137
378 87
470 66
540 93
809 106
789 66
1251 347
2005 66
1203 66
2348 66
538 66
2056 93
570 237
369 204
486 56
2236 86
516 66
181 280
378 225
620 176
870 106
1055 66
1006 86
720 335
388 72
491 93
789 126
312 68
2406 66
396 91
2292 472
1293 56
1056 246
267 106
778 66
768 556
646 586
339 126
501 66
291 93
471 66
471 66
491 93
420 106
163 417
271 93
1106 61
341 93
811 56
436 458
720 308
269 66
320 88
767 137
818 558
402 173
232 824
471 66
1056 66
1210 426
682 76
1908 86
404 56
1970 286
2326 126
2206 56
570 891
511 66
178 620
180 453
1871 66
2326 93
526 66
568 56
2016 151
769 126
421 66
1450 76
86 239
745 318
406 116
356 116
356 558
686 203
417 393
447 106
1210 93
416 76
1953 86
718 399
568 66
456 336
506 66
1326 66
558 97
420 66
677 68
1733 86
558 97
870 93
710 196
290 206
321 66
1188 66
470 66
706 56
2091 66
163 353
2026 66
600 157
540 206
769 66
486 56
540 93
471 66
383 277
1000 93
846 66
1406 66
1063 76
1528 86
824 106
1374 66
206 287
326 66
252 218
291 66
256 136
620 570
86 268
306 106
168 353
944 86
470 287
629 148
447 106
547 56
1950 46
468 66
480 86
741 56
888 307
159 567
789 137
106 106
872 61
142 328
413 156
446 86
496 135
256 136
2236 86
439 56
496 92
256 136
391 66
830 76
356 116
838 176
1206 106
2068 468
1055 66
258 106
371 66
429 468
294 156
447 106
374 126
442 527
558 97
1752 126
1770 336
286 86
2067 56
474 61
538 66
406 156
406 96
970 567
158 305
586 106
2216 106
2346 66
339 66
231 76
739 285
406 66
719 172
374 126
406 106
2079 66
290 187
141 508
467 106
1506 106
890 66
745 66
887 203
366 66
406 156
1288 86
783 68
1534 48
1403 66
341 93
406 116
406 156
396 106
2316 56
808 136
391 97
803 170
558 97
2103 556
1946 66
445 126
1030 56
446 151
1063 76
851 137
388 76
1002 93
540 93
288 246
497 66
325 136
338 66
2382 556
406 116
206 388
1388 66
1210 324
906 56
486 486
302 126
369 204
781 66
948 126
1586 63
456 156
1398 620
1350 76
791 126
1550 436
446 151
2326 66
123 936
809 86
288 66
726 134
888 307
758 106
1770 66
565 93
470 106
960 66
928 123
409 76
386 121
181 280
501 66
511 93
960 126
718 66
883 66
339 146
1290 93
487 86
167 308
990 558
620 157
321 66
663 187
406 86
1963 66
342 166
429 307
139 413
868 555
1002 556
406 126
818 66
482 86
1056 86
2070 93
516 137
612 68
180 453
2106 56
750 93
1886 66
