1500
1220 2440
695 93
366 66
1020 66
1056 66
456 121
740 106
2101 66
1260 48
1000 93
826 66
695 93
1126 56
720 308
406 106
626 126
839 76
808 136
1688 106
506 106
2291 56
309 137
2012 151
606 566
268 76
366 66
1380 76
491 66
174 545
629 356
663 187
809 106
471 93
1402 86
960 566
808 136
872 86
898 106
123 478
486 56
646 86
406 96
268 86
870 93
806 286
521 93
526 66
938 386
406 156
1382 66
1870 86
808 136
306 146
406 136
695 93
489 86
271 93
291 66
238 76
880 66
639 56
1555 372
429 307
1390 466
710 196
422 419
870 106
1470 106
580 56
491 66
2241 106
316 392
341 93
870 126
783 308
406 56
682 76
286 136
880 66
375 527
320 258
870 336
1206 48
1241 131
341 93
775 166
470 106
1755 430
271 93
2003 414
1406 66
354 121
538 66
325 518
990 66
1380 66
663 187
320 76
812 56
181 436
678 66
396 166
868 126
1701 86
778 66
880 66
758 138
2406 88
324 528
870 66
486 486
869 86
2176 106
106 717
511 66
804 406
406 56
839 76
506 158
286 156
1350 76
781 93
325 136
523 187
339 66
639 56
491 66
666 146
784 179
66 536
86 288
452 1206
388 72
458 66
386 86
2436 56
1293 86
745 66
356 93
420 66
718 126
182 403
1920 91
810 66
286 136
486 66
306 179
421 66
776 76
517 93
220 66
740 86
406 156
1419 56
870 126
1688 106
1946 66
768 126
446 151
338 66
853 385
497 66
422 419
270 98
441 358
377 56
2190 406
511 93
786 236
835 93
620 157
812 203
298 66
876 86
888 66
391 97
771 137
1726 66
802 93
2316 56
721 66
1355 386
620 93
812 407
309 137
659 48
409 251
892 123
1126 56
343 156
2116 56
1402 86
389 87
131 1163
540 206
540 205
406 156
469 106
256 136
538 66
1910 66
491 93
2326 126
183 743
990 56
1556 586
506 66
1570 93
158 468
470 530
406 116
341 530
338 56
343 156
870 66
271 93
399 56
1355 66
921 86
970 567
343 156
960 566
420 66
549 97
398 93
786 56
481 93
320 76
797 126
248 66
511 93
819 93
2286 48
868 126
406 126
1418 66
1582 86
506 106
446 126
1306 66
406 136
291 66
178 115
496 61
445 126
696 56
78 338
803 106
469 106
388 66
321 66
391 97
1041 56
2266 66
1290 93
771 137
397 87
329 136
695 56
2266 56
840 66
1550 436
882 93
1836 61
444 137
286 156
406 326
391 97
612 257
470 258
279 68
1070 61
261 66
420 308
600 157
388 72
808 136
406 86
421 66
370 66
1788 66
406 106
481 93
1733 66
629 148
1953 86
333 126
325 518
1733 66
663 126
666 420
540 93
666 124
750 126
1063 76
620 157
449 106
516 66
1260 156
580 56
406 206
406 106
729 86
718 196
380 76
406 156
348 403
1733 66
2011 66
778 486
990 66
449 126
491 93
1818 86
844 123
1290 93
256 136
556 60
406 56
2066 506
1140 76
906 93
406 106
438 66
891 86
797 188
491 93
453 398
1752 126
1658 86
695 528
470 66
198 323
456 106
405 162
497 66
913 88
388 76
743 86
839 86
491 93
2116 56
565 386
1752 336
256 116
959 66
123 66
585 156
501 66
797 188
838 176
371 66
769 66
1215 106
600 93
256 116
86 268
511 66
420 66
600 157
568 66
406 106
420 93
406 116
1210 324
348 403
797 66
106 106
898 66
2316 56
338 146
959 106
406 126
406 146
290 206
721 356
296 156
816 183
256 136
383 277
553 165
716 106
1906 286
570 66
1210 324
440 548
359 87
442 527
891 66
824 66
758 138
321 66
1063 449
2316 56
2382 556
549 97
491 93
732 137
371 126
455 86
241 66
870 106
870 106
2382 556
406 146
172 363
774 179
1606 106
2106 106
446 126
398 93
821 93
186 285
1788 66
470 66
2121 56
606 336
670 575
366 56
2103 556
406 146
511 93
86 489
391 97
768 93
420 336
356 116
441 66
776 66
1131 188
448 468
859 126
447 106
302 126
406 206
910 467
1646 406
811 56
1570 93
713 86
406 116
406 106
319 258
1006 126
2382 556
336 197
1418 96
2316 56
444 137
806 106
870 106
392 87
1276 166
206 66
182 403
565 93
600 93
1033 93
720 335
193 66
2036 586
1895 76
1188 66
421 66
528 66
874 123
990 558
161 449
1636 366
446 151
530 158
501 46
424 136
528 56
855 66
781 556
348 403
860 56
342 166
406 146
781 93
424 136
186 285
406 126
870 126
767 68
256 116
406 156
182 403
340 93
1418 66
1636 366
399 56
736 107
687 184
406 126
547 56
186 285
158 305
356 196
306 93
957 66
556 546
438 436
829 93
338 66
826 66
2368 468
906 93
406 106
420 86
829 528
860 74
108 427
767 137
491 66
406 156
2012 151
446 186
2266 66
594 66
326 66
720 126
422 398
1688 106
181 280
2406 66
471 93
1188 66
406 166
491 93
420 106
806 93
393 86
1179 76
388 72
1550 93
612 257
990 586
501 66
417 116
348 403
288 246
944 61
860 74
161 450
445 66
491 93
2190 406
202 894
799 76
406 156
758 106
480 402
718 66
447 106
482 86
306 179
406 106
348 403
611 257
1866 61
406 86
446 151
908 61
1582 86
306 146
370 66
448 468
781 93
1131 188
486 56
444 137
2326 66
811 66
268 406
636 196
339 68
898 106
720 335
796 106
356 116
1550 436
486 56
256 126
1570 93
990 126
446 151
811 66
1565 123
838 176
1410 106
343 156
855 66
870 66
386 121
806 93
1055 66
271 93
721 66
626 126
870 308
1616 106
388 72
2005 66
220 66
1091 66
990 66
470 76
456 156
521 66
774 86
562 66
1970 336
1391 106
491 93
718 196
1406 93
1752 93
870 86
456 336
256 116
304 126
706 576
839 76
1179 76
1416 176
1441 66
438 406
290 187
491 93
2055 66
406 126
844 123
1416 176
2146 66
406 56
1426 64
291 93
341 93
1135 76
316 392
231 76
399 56
686 203
476 126
888 307
2226 556
186 285
291 93
1068 286
486 486
309 87
523 133
1555 372
420 66
343 156
943 76
1766 106
406 156
981 76
406 126
123 936
424 136
406 156
2005 66
486 56
392 87
491 93
366 458
142 328
406 156
860 67
2176 106
420 66
202 894
663 66
421 66
870 126
511 66
480 793
888 86
1055 66
420 93
2070 93
2326 93
524 173
241 66
586 106
509 76
2026 66
2162 106
437 528
420 66
1758 76
990 66
829 93
835 556
370 256
378 66
1946 66
302 126
2348 66
695 93
356 176
480 452
406 116
769 126
530 158
1266 66
806 56
413 156
620 157
668 166
418 66
549 97
811 66
491 93
1876 106
2206 56
868 93
1752 93
1010 307
366 56
406 156
421 66
2316 56
181 280
690 86
406 126
695 528
409 76
231 76
506 66
271 93
511 66
1388 66
302 126
855 126
338 66
1508 56
447 56
178 620
1993 66
203 397
1172 517
1385 86
1385 76
823 76
341 93
630 93
338 66
811 486
406 106
950 106
888 66
441 358
785 76
2070 93
1410 126
206 56
523 187
359 87
586 106
486 56
874 123
158 285
320 316
1402 86
808 136
251 66
770 128
565 386
447 56
224 429
606 86
588 56
348 146
374 126
678 66
1176 66
737 66
921 86
310 236
406 106
868 126
747 318
1066 336
1936 426
540 205
849 126
370 197
271 93
256 136
881 467
509 76
491 93
406 96
491 93
796 95
2402 56
803 170
408 136
319 341
456 106
406 66
388 72
354 121
136 185
528 66
1526 88
406 156
256 116
990 66
456 66
600 157
231 76
291 66
297 56
420 66
406 106
1973 489
2005 66
256 136
306 146
620 157
813 360
2406 106
420 336
439 56
872 61
406 156
142 328
771 137
501 66
1966 56
811 66
338 66
406 156
252 246
606 66
826 66
261 66
491 93
1550 556
1000 126
960 66
438 406
870 126
306 336
491 93
1406 93
429 468
467 163
2406 93
309 97
371 508
2402 93
393 889
420 126
226 196
778 66
520 438
1500 56
2404 906
565 93
406 186
2316 56
148 534
486 66
824 527
1534 48
268 56
919 528
420 336
836 66
686 203
406 156
1030 56
538 66
682 76
768 556
304 126
838 176
2056 93
56 218
2406 66
390 137
482 86
788 66
290 187
769 66
1290 576
406 56
185 503
2005 66
123 66
336 197
241 66
511 66
1820 93
835 95
406 106
781 66
600 93
139 413
446 126
306 106
708 106
297 56
325 136
455 86
696 88
333 378
703 288
829 93
696 56
256 136
406 106
719 172
291 66
1872 61
803 170
343 156
453 453
491 93
1520 76
256 116
1818 86
281 66
729 86
290 187
1570 93
338 146
730 236
404 56
540 206
758 146
796 176
390 86
928 123
534 61
1221 56
406 156
540 205
178 115
320 126
960 126
1450 76
1966 576
420 86
640 87
830 76
170 196
392 87
844 123
1430 64
458 66
420 106
828 126
406 136
1962 61
856 126
406 156
1210 426
256 136
1000 93
1290 576
758 146
406 186
558 97
419 86
2292 346
406 156
1612 93
2206 51
291 66
506 66
456 146
201 86
1406 93
424 136
509 76
343 156
1770 1010
271 56
316 66
178 620
438 436
491 93
808 187
421 66
1636 61
770 86
491 93
1906 66
392 87
123 936
612 68
509 76
1380 66
538 66
420 93
491 93
540 205
706 86
781 93
629 148
906 76
696 176
1391 106
163 417
413 156
1188 66
2093 556
1788 66
139 413
1350 76
896 203
333 378
839 86
406 56
390 86
881 467
1056 246
1033 93
788 106
113 928
1350 76
1266 81
421 66
251 66
937 66
706 576
420 566
666 556
356 116
384 456
891 126
520 438
170 226
396 166
438 406
390 137
491 66
343 156
763 76
506 106
2348 66
2286 48
417 116
396 166
2406 93
86 239
123 918
1040 616
1076 66
506 48
883 56
819 126
808 136
824 527
2382 556
396 166
516 66
406 126
155 463
447 106
908 61
835 123
286 156
898 66
934 198
921 86
486 56
139 413
818 126
456 106
2005 66
696 176
1416 176
1534 48
172 389
497 66
406 106
206 66
764 126
458 86
491 93
489 98
1733 66
771 137
868 126
491 93
489 86
2382 556
745 93
457 106
456 121
396 106
446 151
538 66
948 456
486 56
1418 66
745 66
406 93
521 66
420 93
1416 106
1900 98
406 56
2124 306
487 186
1210 93
491 93
870 106
1150 236
396 106
327 96
444 137
1526 606
779 545
206 408
776 76
838 176
562 66
417 116
2402 56
343 156
391 66
491 93
511 66
271 93
1203 66
420 86
497 66
291 66
406 106
783 528
258 106
1570 93
768 126
341 93
882 86
338 56
1056 246
710 93
540 205
1131 188
391 97
710 196
2064 86
910 126
948 66
441 66
780 197
1598 246
491 66
252 93
1179 66
470 106
2190 86
910 66
2426 56
1007 86
1944 91
202 894
898 106
1385 76
406 116
2406 86
408 106
1733 106
809 86
336 197
570 237
482 86
396 106
540 205
839 86
2348 66
2070 93
1406 93
2161 66
356 93
172 363
371 66
404 66
406 156
406 116
990 586
884 66
371 126
1326 66
870 93
406 106
422 419
706 66
511 66
161 449
356 116
391 97
1293 56
470 138
778 66
421 66
415 66
1179 76
506 176
86 352
931 93
341 93
1555 372
1306 66
202 894
406 146
1426 64
370 86
421 66
66 802
1002 93
1666 86
420 278
845 126
686 66
149 486
403 163
888 126
930 86
497 66
1006 86
449 126
919 93
1550 436
770 66
758 72
393 126
470 286
421 66
406 156
656 256
1066 336
549 97
497 66
377 56
321 66
750 740
726 66
286 156
657 146
745 66
471 66
491 93
856 126
468 66
403 163
491 93
2151 46
406 156
809 86
758 138
368 86
506 176
568 216
549 97
1752 336
680 76
676 106
66 578
397 87
450 56
2292 472
750 148
403 66
2326 93
370 66
406 146
499 56
491 93
868 93
796 106
186 285
2402 576
1063 449
388 72
445 66
428 96
667 536
491 93
489 98
1251 347
666 424
1064 46
1406 93
224 429
356 116
396 106
1755 430
959 106
1030 76
536 66
86 489
369 204
1246 406
2016 151
884 66
695 56
990 66
86 268
774 179
1406 93
2006 93
344 76
458 66
256 146
750 138
1326 66
391 97
797 66
620 176
446 151
1970 286
745 126
486 56
919 556
758 146
356 106
1598 246
169 386
639 56
937 66
620 93
2216 256
444 137
869 86
2406 93
491 66
717 66
2286 48
291 278
760 56
620 93
359 87
470 106
540 206
155 463
868 93
378 87
339 68
497 66
370 66
386 121
620 176
402 126
2326 556
231 76
441 66
540 93
521 93
870 93
256 146
456 66
2006 93
1802 76
796 186
784 179
446 151
206 408
449 93
439 56
810 66
486 56
390 86
482 86
920 76
726 96
497 66
203 397
388 72
890 781
532 158
840 126
741 61
1041 56
420 66
1030 56
870 420
1612 93
320 136
1863 56
406 156
367 86
330 66
666 171
1406 66
395 93
2012 151
656 196
421 66
768 93
388 72
1390 98
783 68
1441 66
910 126
350 179
530 158
797 188
1752 93
990 66
906 356
254 76
1570 93
341 93
421 66
506 76
1826 449
1550 93
881 467
1260 66
391 97
1306 66
306 179
1206 106
354 121
391 66
906 456
508 126
559 206
770 253
516 414
1506 420
695 93
455 226
1500 56
531 66
414 173
620 93
508 86
808 136
952 106
1063 453
333 378
1056 106
521 93
467 106
268 56
386 121
356 176
371 66
975 86
291 66
206 66
2190 86
406 156
163 417
288 66
1770 93
556 66
1770 66
835 56
420 306
666 86
502 66
480 402
810 66
842 137
406 106
446 151
306 93
2006 93
1506 420
521 66
309 137
448 468
2071 46
491 93
1063 453
406 106
344 76
375 66
491 93
420 126
406 106
758 72
86 489
491 93
356 93
406 126
409 76
771 162
921 86
390 86
420 286
769 126
666 424
393 126
528 56
431 66
611 257
