1500
1220 2440
1419 56
497 66
369 204
406 116
769 126
515 56
1179 76
341 93
1063 76
639 288
56 566
549 97
829 93
898 66
928 123
556 64
521 93
870 106
406 136
842 86
771 137
333 126
1688 106
325 136
659 56
406 86
406 156
1206 106
1426 64
1755 360
870 66
388 66
406 136
339 126
811 66
1002 93
769 56
491 93
1063 449
420 86
798 453
369 66
1170 88
123 918
606 586
750 138
406 106
185 503
585 156
870 86
1006 126
343 156
538 56
406 106
356 286
910 66
1788 66
486 56
656 256
1002 93
386 121
420 308
870 106
508 126
388 76
1441 66
521 66
813 360
666 146
1055 353
2402 93
406 186
620 176
436 66
408 136
1402 86
829 556
855 126
1733 66
798 449
870 126
356 206
306 179
1508 56
640 56
283 87
491 93
356 206
471 66
320 258
835 93
2382 556
396 106
407 93
298 66
2226 556
528 66
639 48
876 86
732 137
659 48
86 489
1076 256
1215 106
611 257
270 106
1895 76
719 172
806 286
726 96
391 97
406 116
710 93
388 106
1788 66
343 156
496 61
433 156
1210 426
990 66
220 66
1290 93
600 157
170 196
456 121
406 126
1550 93
1271 176
406 126
497 66
446 151
1526 56
1419 56
517 93
467 106
202 894
406 126
341 93
291 278
491 93
470 66
406 156
420 336
486 486
771 137
286 136
835 123
1651 66
523 133
639 56
528 86
872 86
568 66
568 206
990 66
329 76
509 76
491 93
990 66
309 97
2216 66
516 414
635 126
670 575
408 136
501 66
471 66
254 76
2006 406
220 86
309 137
456 146
1616 66
446 151
835 123
170 567
86 489
453 453
1406 66
356 116
784 56
808 136
2121 88
1380 76
823 183
1906 106
241 93
445 548
869 86
343 156
2288 66
370 66
540 206
386 86
467 106
2406 66
404 66
937 66
142 328
706 56
430 407
570 66
252 93
371 66
406 106
756 56
1241 131
2402 576
391 66
516 306
1570 93
406 56
251 93
676 82
344 126
690 86
306 106
396 166
363 172
696 56
439 56
2326 556
2406 86
706 56
256 136
1418 96
306 179
855 126
2170 142
756 336
471 66
291 278
785 76
304 126
1398 600
342 166
1770 336
489 86
824 66
220 86
280 93
417 116
180 453
456 121
1665 56
682 474
333 378
531 66
856 126
406 206
420 308
1290 93
1788 66
1646 406
406 116
948 428
1371 93
406 106
1326 66
482 86
818 558
370 106
158 468
338 66
417 116
811 66
406 126
449 528
588 56
406 126
2356 106
131 1163
424 136
148 739
745 126
518 56
198 323
471 66
56 218
497 66
1390 98
1418 96
2266 66
2259 555
86 316
497 66
824 66
1840 106
406 156
1608 106
406 136
890 106
806 93
471 93
1506 66
769 66
547 56
496 76
870 126
629 148
446 151
409 76
716 106
620 176
391 66
489 98
439 56
696 176
540 206
320 76
769 66
176 307
667 536
1506 420
139 413
826 66
888 126
391 97
420 106
453 398
816 616
769 126
830 76
1636 61
271 93
2402 576
417 116
329 76
419 528
270 106
396 91
1910 66
600 176
620 157
406 106
321 66
540 93
789 66
906 66
188 86
1946 66
786 56
780 197
870 336
808 136
176 506
2280 66
870 576
1606 66
2292 472
600 176
406 56
1260 326
1356 306
391 97
1055 66
784 179
769 66
736 107
348 146
1926 56
756 556
423 310
405 162
397 87
937 66
506 106
348 403
325 136
409 76
840 66
806 93
420 106
306 106
356 176
990 66
2104 705
990 126
56 506
406 186
855 66
990 66
397 87
745 126
845 126
516 56
868 126
406 56
338 76
474 61
420 106
1210 126
2005 106
446 151
873 93
406 66
975 86
1091 66
2005 66
206 56
456 106
445 356
2382 556
776 76
406 56
835 56
446 151
1236 306
456 156
163 417
957 66
1076 66
1296 166
2402 56
370 66
690 86
523 187
380 76
1146 66
306 179
441 66
306 166
842 137
390 137
636 196
399 56
428 96
1981 106
553 489
391 97
2016 151
1350 76
319 258
869 556
337 106
491 93
784 56
950 51
620 157
487 186
406 146
256 93
882 86
1770 66
558 97
2216 256
343 156
1550 93
868 93
449 106
266 106
2026 66
356 206
829 93
776 56
521 66
196 56
906 286
1056 66
875 365
344 126
142 328
663 187
256 136
1703 66
448 468
333 378
882 93
1266 81
960 566
1131 188
406 56
181 280
336 197
422 398
304 126
868 555
1550 93
2206 56
781 48
366 56
1306 66
343 156
341 530
540 206
402 173
812 407
695 56
471 66
737 66
406 156
1586 56
456 156
1966 56
1606 66
474 61
458 86
306 126
422 126
771 137
1419 56
369 204
1140 76
1070 106
747 318
2406 93
406 106
388 66
356 286
931 271
496 92
761 93
770 126
418 66
1770 93
888 336
186 285
491 93
421 66
887 203
695 56
1355 66
406 126
663 66
476 126
975 86
770 556
970 567
635 126
341 93
532 86
1340 310
406 146
1108 57
288 66
140 537
702 353
868 93
1246 406
1071 285
970 89
471 66
306 336
423 310
325 136
356 116
568 66
491 93
870 126
1355 386
778 66
1486 56
941 66
1546 414
406 146
769 66
491 93
491 93
937 66
829 93
990 56
2005 66
1586 56
803 170
1636 116
1390 466
439 56
182 403
406 106
941 66
721 66
870 93
960 566
781 486
231 76
470 126
2326 66
1966 576
491 93
1886 66
390 86
538 56
2073 66
892 123
271 93
906 156
142 328
456 106
220 86
445 66
888 336
356 93
497 66
870 106
419 86
778 56
726 134
377 56
456 146
1030 76
549 97
256 136
853 385
379 225
1970 286
406 56
141 508
1534 48
420 106
620 93
778 66
2026 66
491 93
716 106
406 156
806 56
241 66
2026 66
669 86
1002 93
1870 76
271 93
2121 581
1441 66
1546 414
338 146
356 116
370 197
835 556
811 56
241 66
1550 556
261 66
393 86
324 528
1091 66
868 93
839 76
486 486
359 87
781 66
406 136
2016 151
1246 406
341 93
289 1172
391 97
2406 56
286 56
491 93
1570 93
403 66
356 106
819 126
441 66
446 151
406 146
1290 93
368 86
887 203
818 66
1556 66
482 86
506 66
981 56
600 93
2288 48
420 86
981 56
1438 625
543 416
806 856
978 76
600 157
1170 126
1063 449
1606 66
406 156
1981 106
371 66
818 66
406 86
721 356
506 176
855 126
450 66
468 66
750 138
449 126
389 87
396 106
797 188
428 96
870 93
808 136
256 136
261 66
842 137
682 581
600 157
1106 61
833 307
155 463
875 465
600 157
549 97
829 93
170 196
1066 336
271 93
720 335
802 93
530 396
491 93
943 76
553 165
811 56
206 56
491 93
893 86
682 581
406 106
1570 93
855 126
374 126
1290 576
1962 106
781 93
1000 93
806 56
470 138
499 56
402 173
934 86
185 503
872 61
86 239
516 584
771 137
406 126
806 93
1070 106
388 72
500 66
2006 406
390 137
449 106
1582 86
1040 616
1788 66
291 66
990 586
769 126
356 116
486 56
491 93
523 133
2396 56
846 66
562 66
937 158
406 156
891 256
252 218
406 126
768 93
870 420
767 68
573 326
491 93
391 97
785 126
446 151
1188 61
421 66
2406 93
763 76
465 156
392 87
767 137
368 66
868 93
1946 66
1314 93
271 93
1886 66
682 581
872 61
406 106
456 336
842 137
420 93
406 156
86 288
839 86
306 179
343 156
422 419
296 156
1002 93
1746 66
2426 56
406 156
2106 93
258 106
523 187
386 121
388 86
343 156
1288 86
1701 86
1167 76
456 146
489 98
406 116
374 126
870 106
720 126
424 136
2106 106
206 56
413 93
306 179
406 116
86 489
388 72
639 56
1870 86
186 285
491 93
2406 93
329 76
399 56
1962 106
200 66
290 187
1106 61
906 93
1068 286
534 61
256 146
538 56
835 93
256 136
286 156
306 166
491 93
686 203
928 123
406 146
663 66
476 126
2216 336
806 93
371 508
797 66
785 126
796 186
2326 126
182 403
488 76
870 93
377 56
1210 126
706 66
455 86
880 66
406 116
594 66
406 86
501 66
809 61
769 555
199 356
593 417
2382 556
600 157
657 146
456 121
458 66
1426 71
289 1172
388 66
2316 56
486 66
1206 106
406 156
1550 93
86 970
806 286
781 66
421 66
445 126
2104 705
268 86
306 93
1726 66
1881 56
1758 76
1236 306
406 86
532 158
2103 556
1215 106
458 406
341 93
565 66
163 417
347 66
399 56
521 66
821 93
783 528
422 419
726 96
501 66
2104 705
422 419
1356 116
2210 93
390 137
838 176
781 66
413 156
1135 76
321 66
388 106
421 66
2106 86
170 567
2026 56
406 106
406 116
291 66
181 436
141 48
791 66
797 66
959 106
2426 66
252 93
491 93
600 157
816 123
620 157
538 66
870 308
2326 126
1306 56
1500 56
1758 66
880 56
406 106
1946 66
2046 56
491 93
1326 66
531 66
496 138
838 176
565 358
1733 86
469 106
491 93
406 166
286 136
516 414
1406 93
106 106
389 87
309 87
2266 56
420 278
708 106
252 246
1906 66
343 156
448 468
356 116
392 87
838 176
758 146
874 123
853 428
990 66
456 121
1733 66
870 126
386 121
791 126
417 116
470 138
470 86
391 66
188 86
516 66
739 217
888 66
406 166
482 86
781 66
281 66
888 307
511 93
767 68
389 87
528 56
812 56
1818 86
343 156
286 156
824 527
470 76
356 116
830 433
806 56
491 93
163 586
855 126
659 48
538 66
796 124
491 93
906 93
746 586
181 436
843 187
123 66
302 126
392 87
413 156
1659 66
829 528
540 206
1416 176
183 743
891 66
304 126
919 528
1066 336
2021 66
406 106
540 205
1260 156
308 106
174 307
789 137
663 66
808 136
430 421
520 438
511 66
406 106
491 93
1066 336
1900 98
960 66
677 68
430 421
319 258
860 74
424 136
304 126
890 537
309 237
1056 61
695 93
695 93
1241 131
948 66
781 93
1418 96
553 489
818 126
667 536
646 86
2288 48
86 316
870 106
491 93
1716 216
835 56
656 196
256 136
1895 76
417 116
718 66
402 889
570 237
396 106
344 76
808 136
1391 106
165 553
366 66
640 87
404 66
388 76
1091 401
2316 56
858 106
406 156
1520 76
2286 48
2326 93
2005 106
736 107
316 66
1050 761
808 136
811 66
1382 66
860 67
405 162
888 126
620 157
1470 106
910 126
406 56
486 66
170 567
766 93
1406 66
241 66
558 97
148 535
354 121
768 126
549 97
491 93
441 66
1550 93
1970 286
406 91
481 93
496 135
1210 546
406 126
474 61
320 126
858 106
390 137
256 146
190 453
457 106
2104 705
530 396
496 135
639 56
1416 176
600 157
397 87
960 126
930 86
1659 398
489 98
778 66
364 68
471 66
1886 66
172 389
491 93
919 528
2046 66
558 97
380 76
251 66
1703 66
181 280
320 258
383 277
823 76
356 206
491 66
893 86
309 97
1176 66
220 86
2064 86
396 166
870 336
695 93
421 66
521 66
906 66
421 66
1406 66
809 86
606 336
356 176
1210 545
319 86
570 237
445 66
66 846
388 76
424 136
256 136
395 93
256 136
306 93
261 66
356 116
720 126
870 106
606 86
456 66
406 136
406 156
600 157
366 66
2206 51
256 116
2286 48
1036 356
686 203
437 528
1206 48
268 76
1007 106
281 66
943 76
808 136
309 87
2190 86
356 116
406 156
433 156
256 136
567 93
141 508
760 156
895 86
333 126
343 156
446 151
796 124
421 66
509 76
406 156
324 528
1218 76
842 137
663 506
808 136
811 66
2106 56
155 463
798 449
186 285
406 56
858 66
530 61
420 66
1306 66
1556 66
769 66
487 186
155 463
830 56
489 98
420 336
2266 66
530 158
606 56
640 87
406 56
490 66
1206 106
501 46
420 106
1210 546
378 87
356 93
291 66
2070 93
306 146
446 151
1659 398
670 575
1570 93
1040 616
771 162
787 56
1570 93
1260 156
612 68
486 66
1056 246
371 66
356 324
836 66
540 206
726 66
66 578
286 86
1788 356
565 126
1406 93
1070 106
406 156
781 93
1006 126
2286 48
760 156
506 396
501 66
298 66
86 316
406 106
343 156
56 218
1870 86
769 555
960 66
838 176
106 636
549 97
343 156
1906 106
406 106
540 205
163 417
477 126
532 158
406 106
178 620
256 136
417 116
1385 86
491 93
710 196
420 93
267 106
921 86
203 397
2371 66
456 336
453 363
271 66
721 66
870 66
1550 93
924 66
521 66
910 126
939 86
392 183
1506 66
1266 66
295 97
502 66
1731 56
1000 126
344 126
406 126
497 66
508 126
491 93
663 187
1306 64
420 336
406 56
356 106
767 68
399 56
271 93
710 76
835 93
458 66
892 123
2382 576
288 66
2382 556
1391 66
471 66
2016 151
1651 66
906 76
960 66
1041 56
868 556
1606 426
356 106
421 66
770 56
306 93
408 106
338 66
876 86
185 503
842 137
86 288
1716 93
491 93
406 56
970 567
1188 86
491 93
421 66
1752 93
892 123
406 156
356 116
363 172
419 528
66 536
441 66
785 76
600 93
417 116
888 76
1385 86
829 93
1606 66
206 66
371 66
406 156
812 421
356 116
853 385
596 187
797 126
304 126
920 86
332 68
1260 86
391 66
2103 556
845 126
392 87
491 93
2071 46
408 556
343 156
745 93
2126 546
420 86
774 179
1995 106
1826 66
465 156
760 56
206 66
420 66
1713 116
2396 56
356 116
320 258
506 158
990 66
565 66
695 56
2026 56
906 66
1406 66
620 93
1770 66
784 179
155 463
386 121
336 286
888 126
178 115
286 156
320 86
808 136
456 106
540 206
1870 76
406 116
1616 66
241 66
403 66
786 56
858 56
628 126
356 116
1355 66
663 478
893 66
343 156
666 424
312 68
1788 66
406 126
1387 66
316 392
706 56
183 743
268 56
676 82
2021 66
350 179
2116 56
106 486
406 66
1895 76
256 136
321 66
