1500
1220 2440
868 126
910 126
406 116
680 66
1390 98
695 93
651 528
521 66
1188 66
2070 93
636 196
540 206
2326 126
392 87
66 578
695 93
370 66
910 66
337 106
770 216
1241 131
480 402
413 93
788 66
882 86
1326 66
380 76
538 66
1306 56
420 66
406 116
490 66
1406 56
778 66
445 66
887 203
769 126
343 156
839 76
356 176
474 61
399 56
1290 93
556 61
1416 176
181 436
1260 156
406 156
919 93
445 576
271 93
491 66
202 894
421 66
518 66
406 116
2068 468
291 66
919 126
406 156
1820 93
393 126
781 56
271 93
1221 56
1000 126
758 72
690 76
406 156
536 56
491 93
746 556
1688 106
768 556
620 157
163 417
436 66
656 126
456 336
1007 106
388 72
182 403
1586 63
422 419
497 66
835 556
424 136
558 97
530 396
449 106
356 116
1550 93
811 486
528 66
511 93
480 56
688 56
455 528
2116 56
813 360
1215 61
855 126
663 66
366 56
406 66
267 106
1534 66
887 203
270 106
890 106
600 176
421 66
480 86
142 328
409 76
452 86
1450 76
333 378
343 156
1290 93
809 86
486 56
710 76
553 433
406 126
1606 66
364 68
500 66
750 126
422 419
565 66
930 56
816 183
1966 56
1940 538
356 206
140 537
1606 66
2316 56
2151 46
298 66
910 126
185 503
549 97
1755 360
823 76
1962 106
523 133
2404 906
540 93
486 56
338 66
568 66
470 106
2048 336
404 66
406 56
2406 66
391 97
1007 106
600 93
620 157
406 156
2106 56
408 136
354 121
538 66
720 308
808 136
767 137
2388 86
406 156
880 66
666 86
2005 66
565 126
356 116
417 116
786 88
1546 414
758 72
271 56
291 66
465 156
447 106
1970 286
198 323
417 116
594 66
383 277
414 173
2070 93
2162 106
741 86
981 76
248 66
1260 956
781 93
86 489
422 419
593 417
421 66
2106 86
2131 56
809 86
486 66
446 126
433 156
516 56
431 66
2266 66
471 66
251 66
420 66
1900 98
1179 76
1752 93
420 106
770 56
1555 372
791 66
491 93
758 146
646 586
294 156
1355 66
1406 66
706 225
695 56
1808 346
508 306
636 196
628 126
570 891
406 146
406 186
455 86
421 66
148 739
970 106
2382 556
870 126
356 116
446 151
1555 372
812 86
172 389
406 106
1500 56
406 126
1210 426
444 86
241 66
906 93
406 106
1070 106
158 305
178 115
898 106
1770 93
470 106
943 76
888 336
316 66
306 93
746 556
799 76
321 66
1066 336
1370 406
760 156
1055 66
547 56
256 106
1210 546
339 146
291 278
420 336
835 123
497 66
812 407
612 68
1179 66
2091 56
261 66
1048 66
406 156
501 66
770 126
406 136
716 90
1703 66
2236 86
486 56
452 86
2151 46
910 66
450 56
268 56
1870 86
2426 56
181 280
111 395
2406 581
531 66
402 173
808 136
181 280
406 116
424 136
937 66
1251 347
769 66
778 66
186 285
436 66
481 93
2406 66
271 93
367 86
383 277
745 66
170 567
1210 93
421 66
776 66
532 158
366 56
456 436
420 66
341 93
606 586
990 66
796 95
586 106
1260 48
1048 86
906 76
651 528
320 258
174 544
880 56
769 555
471 93
1063 76
1406 66
678 66
540 206
1962 61
1380 66
1733 86
206 66
806 56
268 86
108 427
2402 48
870 106
2126 46
446 151
406 156
1970 156
1550 93
764 136
486 56
1752 93
414 173
806 93
898 66
506 176
163 417
409 251
779 66
540 206
540 206
482 86
528 56
424 136
456 121
1066 336
446 151
1306 66
1733 66
256 136
1512 66
469 106
1000 126
540 93
421 66
771 137
1508 56
441 66
390 137
629 148
1659 66
491 93
413 136
1716 93
532 86
558 97
420 86
729 86
1611 859
1418 96
1391 66
1416 176
858 56
2326 556
163 417
796 95
783 179
758 106
913 88
975 86
269 66
456 146
291 278
202 894
449 106
910 66
487 186
356 106
2382 556
2406 106
256 136
356 106
338 146
2382 556
356 66
931 93
148 535
424 136
842 137
202 894
726 66
756 556
540 205
163 417
406 545
356 556
860 156
182 397
1416 176
181 280
835 123
324 218
1091 66
445 548
446 151
860 67
406 106
441 66
206 56
892 123
481 93
2402 576
2176 106
1758 66
1450 76
344 126
768 556
606 239
718 66
797 188
123 66
501 66
1326 66
406 86
321 66
708 106
268 56
1462 306
399 56
406 156
406 106
539 503
539 503
327 96
497 66
770 241
769 56
802 93
356 116
406 106
402 173
960 66
593 417
405 162
786 56
962 126
2326 768
306 198
606 336
2006 93
556 66
298 66
2316 56
2368 468
706 576
350 179
1636 116
420 86
471 66
491 93
446 151
2402 56
887 203
695 528
2206 56
891 86
788 88
123 918
1651 66
406 146
783 528
497 66
508 126
942 86
771 137
491 93
343 156
471 66
306 106
392 87
874 123
874 123
506 106
667 556
620 570
2006 93
882 86
491 93
330 66
491 93
304 126
1188 66
151 56
568 206
657 146
186 285
406 156
256 136
888 307
893 86
390 97
2382 556
420 336
181 436
2006 93
406 106
1486 56
516 66
471 93
1788 66
406 156
882 86
286 156
808 136
247 93
770 556
770 128
406 86
823 76
808 136
330 66
1802 76
338 146
784 56
391 66
593 417
629 148
389 87
429 468
2301 186
870 106
256 146
202 894
329 76
1550 93
2382 556
781 66
2266 56
806 93
356 116
1586 63
1108 57
696 56
158 468
393 889
456 66
456 146
141 508
222 433
720 335
666 86
487 86
471 93
406 106
536 56
319 86
271 93
1260 48
482 86
491 93
1906 66
594 66
842 137
391 97
406 156
417 116
2326 66
663 66
829 93
521 93
1210 324
781 48
136 185
600 176
600 157
880 66
480 793
1006 86
406 146
1402 86
374 76
978 76
1416 176
422 419
320 126
556 106
1355 66
343 156
715 516
565 93
417 116
740 86
286 156
476 126
402 173
761 93
420 66
978 76
1406 66
808 136
710 93
1876 106
181 280
819 66
1288 126
322 97
2286 48
406 56
404 66
891 256
781 486
396 91
809 156
321 93
695 93
870 126
768 556
344 76
1659 398
340 93
1658 86
320 88
805 56
306 126
818 558
406 136
2070 93
256 116
1218 76
86 489
281 66
326 66
789 66
1534 66
406 156
1255 74
341 93
716 126
1556 586
2286 48
904 406
388 72
2382 556
1326 66
444 137
580 56
406 56
829 93
830 76
183 397
808 136
491 93
682 76
690 76
1007 106
798 453
930 61
655 66
406 136
298 66
770 61
536 56
798 449
1406 66
2190 86
390 137
600 176
1570 93
477 126
1007 86
906 66
1665 86
525 173
412 528
836 66
66 536
420 306
330 66
186 285
1088 326
406 116
182 433
1374 66
540 206
174 545
2026 56
808 136
587 56
1981 106
797 66
420 66
186 285
446 126
426 93
2406 56
811 56
2044 106
1406 93
768 93
406 56
1385 86
406 156
356 236
656 93
86 316
446 151
1188 66
950 106
720 336
271 93
2326 556
855 66
828 93
670 575
656 196
383 277
491 93
399 56
855 126
487 186
321 66
796 95
406 146
343 156
291 93
853 385
163 417
86 239
366 66
856 156
1406 56
600 93
408 136
970 126
1140 76
1416 176
612 257
180 453
291 66
1391 106
2382 556
106 636
838 176
769 126
406 186
1995 106
188 86
549 97
491 93
2326 126
830 86
818 66
2104 705
491 93
2286 48
391 97
202 894
746 586
206 56
356 93
1172 517
741 56
338 66
695 56
956 106
809 61
1926 56
306 106
534 61
406 86
1555 372
516 66
842 137
356 206
502 66
771 137
408 106
172 469
570 86
768 126
439 66
1172 517
341 93
600 176
170 226
600 176
708 106
1870 76
818 66
456 206
2121 61
1566 66
930 86
626 126
296 156
406 66
1390 98
2016 151
891 556
556 66
453 453
446 151
1570 93
640 87
456 146
370 256
677 68
682 76
739 285
981 56
823 76
703 442
1534 66
528 66
1843 575
1956 56
990 66
726 66
406 106
786 566
580 56
283 87
2005 66
449 106
386 121
469 106
320 86
1170 66
778 66
870 126
536 66
1167 76
570 66
491 93
1506 66
750 126
183 743
538 66
549 97
366 66
356 116
256 179
113 427
1210 545
406 156
356 93
491 93
471 66
870 93
547 56
776 66
2292 346
391 66
343 156
786 56
458 106
356 286
1616 106
528 56
163 417
682 66
406 116
788 307
328 256
248 66
657 146
481 93
957 66
870 336
1350 76
392 87
620 157
1550 93
322 97
441 66
491 93
2116 61
2116 86
1550 556
2006 406
1612 93
1030 174
856 126
502 66
449 93
876 86
406 86
402 889
1006 86
1126 56
781 66
178 620
174 76
746 88
247 93
2070 126
937 158
830 56
2012 151
185 503
199 356
2404 906
1260 156
1055 126
547 56
161 449
491 93
898 66
2286 48
1788 66
306 106
741 91
1944 91
316 392
391 66
695 56
1206 106
1406 93
283 87
342 166
1570 93
341 93
456 106
1550 93
570 86
2196 66
370 66
1290 93
341 93
696 56
417 116
320 76
108 427
1843 575
436 66
526 66
789 137
291 278
2388 86
1306 66
696 176
470 76
530 158
2411 58
1338 328
469 106
309 137
489 98
2011 66
1733 66
1271 176
1416 176
390 137
706 225
2316 56
970 106
1066 336
320 126
393 126
1550 93
720 335
456 121
663 156
1266 66
422 398
141 48
316 66
870 106
406 56
511 66
1251 61
370 356
458 406
388 66
316 66
321 93
457 106
406 156
1290 93
769 126
1506 106
271 93
835 93
139 413
366 56
745 93
543 416
703 446
719 172
396 91
501 93
370 66
743 86
226 196
170 196
1956 191
406 106
502 66
538 136
370 66
620 157
458 66
350 179
256 136
406 66
188 86
562 66
600 157
870 126
2067 56
342 166
2236 86
1716 93
2070 126
809 106
960 126
1293 86
304 126
1895 76
1701 86
252 93
356 286
842 66
370 86
227 832
456 106
2406 93
423 310
620 93
295 97
882 86
306 179
421 66
562 66
496 135
286 136
750 768
2070 126
1406 93
406 106
849 126
717 66
482 86
888 576
2361 46
758 138
781 486
829 93
491 93
163 417
565 386
1556 386
860 56
1088 326
298 66
1088 326
341 93
509 76
2406 86
768 93
497 66
766 93
481 93
860 156
540 205
981 76
320 76
378 225
348 146
870 106
2348 66
1020 66
343 156
860 74
666 171
146 466
1326 66
396 91
446 151
1976 86
486 486
390 137
1218 76
768 556
835 76
343 156
828 66
1063 76
406 156
540 93
869 86
2091 66
558 97
1056 66
1659 398
481 66
2006 93
1306 66
845 126
1306 66
251 66
388 76
988 106
2079 106
421 66
468 66
781 48
406 146
281 66
802 93
808 136
927 556
457 106
620 157
840 66
406 126
406 146
429 307
1110 236
808 136
113 928
816 538
838 176
106 106
1788 66
1534 48
420 278
1064 46
2286 48
261 66
491 93
570 237
470 138
784 179
480 56
1215 61
1290 93
339 146
388 72
1506 66
904 406
256 116
417 116
797 66
745 126
1306 66
1076 66
1788 66
823 183
188 86
66 846
486 438
420 93
491 93
1206 93
1210 324
1659 398
417 116
256 93
870 93
511 93
1030 56
1290 576
2396 56
587 56
1218 76
829 93
456 121
870 93
2026 66
388 72
2402 56
588 66
956 66
306 106
1218 76
2288 66
809 86
2070 126
438 66
1570 93
1670 106
567 93
296 156
408 136
359 87
839 76
420 66
123 66
1398 600
775 166
347 66
345 535
2196 66
491 93
309 87
436 66
370 176
1289 393
1981 106
290 206
470 106
2439 93
1258 106
406 156
2091 66
406 186
791 66
446 126
600 157
706 86
183 397
163 417
820 337
758 72
356 116
428 96
718 66
511 93
420 66
288 246
516 584
406 116
1041 56
445 548
422 126
170 196
300 267
596 187
533 61
745 66
282 66
370 66
717 126
860 156
746 586
359 87
781 356
456 121
808 136
696 88
486 56
291 278
445 66
785 76
523 133
840 66
437 86
448 468
532 86
123 66
386 121
170 567
784 179
348 403
785 76
86 970
891 126
1260 86
378 87
291 66
808 136
320 258
1970 286
496 61
420 93
888 66
668 166
142 328
769 56
256 136
406 146
486 56
465 156
241 66
2046 56
506 176
291 93
880 66
768 93
750 768
294 66
378 225
2382 556
1665 56
870 66
406 156
359 87
501 66
1030 86
406 56
768 556
657 146
2093 556
306 126
838 176
538 66
656 93
486 56
458 66
269 66
764 126
282 66
271 93
491 93
2116 56
298 66
553 165
445 173
663 66
600 157
1290 93
356 206
406 106
568 56
248 66
413 136
812 203
808 136
2326 556
271 93
406 156
406 166
198 323
812 86
163 417
406 136
780 197
806 93
612 257
1385 76
396 91
1290 576
185 503
1290 576
445 66
838 176
1526 606
769 126
960 566
1758 76
1881 56
406 126
746 556
2406 56
990 586
420 66
506 48
659 48
906 66
481 66
880 126
2216 336
851 137
1836 61
532 86
2070 126
422 398
201 86
356 116
376 60
696 66
1007 106
406 126
2402 576
420 566
818 66
969 56
666 424
497 66
487 186
532 158
141 431
1020 56
2439 66
333 378
496 135
159 567
444 137
406 126
676 82
356 206
868 556
388 72
180 453
202 894
406 156
2272 91
406 106
420 66
356 176
816 406
1788 48
1314 93
155 463
1406 93
733 600
418 66
391 97
386 121
231 76
408 136
1666 46
891 390
391 97
449 126
471 66
366 56
1556 106
2026 56
386 121
506 61
796 124
252 93
2104 705
1131 188
2016 151
309 137
906 66
888 336
1002 93
952 746
818 66
290 187
406 126
255 383
2121 56
469 106
934 198
533 61
696 88
2402 48
183 743
441 66
1002 556
456 156
906 56
2346 66
1895 86
406 146
386 121
421 66
594 66
390 86
745 66
1402 86
386 66
823 183
1048 66
928 123
421 66
1953 86
2121 61
501 46
750 138
1290 576
306 106
