1500
1220 2440
343 156
1246 406
1586 56
565 66
666 424
2026 66
1582 86
183 743
506 106
2423 93
452 86
182 403
721 66
172 469
306 106
449 528
438 406
491 93
682 76
756 556
496 61
884 66
256 146
486 66
458 106
406 126
798 453
447 56
521 93
456 121
441 66
1391 66
158 285
439 56
870 106
1752 93
406 86
422 126
1260 307
888 307
835 528
1755 430
455 226
856 126
2406 106
325 136
540 93
393 86
470 66
805 56
1306 66
2408 56
491 93
797 188
182 397
456 336
368 86
497 66
371 126
491 93
186 285
756 66
369 66
771 137
501 66
784 56
325 518
745 66
185 503
2116 56
422 548
1002 93
338 146
406 146
1534 48
309 87
206 56
971 126
1421 106
415 309
937 66
202 894
178 620
406 106
1266 66
470 106
870 336
536 56
376 60
2066 506
206 66
470 106
406 136
835 93
1598 246
890 66
396 91
791 66
142 328
486 56
248 66
816 123
386 121
708 106
406 146
338 66
281 66
1863 56
321 93
663 478
880 126
386 66
718 66
791 126
429 468
2423 93
170 226
1380 66
406 156
491 93
798 453
928 123
2206 56
337 106
170 567
180 453
321 66
1755 430
840 66
178 620
406 91
523 187
1895 76
521 66
174 566
406 136
406 96
406 156
406 116
420 106
456 106
540 93
770 1110
406 156
2026 56
1063 449
521 66
183 743
890 196
271 93
2106 93
785 76
1063 76
486 56
588 66
938 106
420 308
86 489
1406 66
501 66
1995 106
1402 86
1006 93
343 156
399 56
501 46
547 56
1770 93
465 156
2190 86
406 186
606 239
227 832
1703 66
374 76
1758 66
908 61
456 146
477 126
391 97
766 93
406 86
1402 86
486 56
326 66
1350 76
816 183
2316 56
371 66
1836 61
1788 66
990 66
639 288
891 66
2326 66
568 66
421 66
530 61
1528 86
286 136
491 93
456 146
1895 76
406 126
710 76
486 56
306 126
1260 66
178 115
808 136
406 146
406 126
324 528
1441 66
565 126
422 126
406 136
681 106
172 469
756 66
713 106
420 306
298 66
844 123
356 116
771 137
682 581
2316 56
309 137
78 338
760 56
769 126
1290 576
350 179
806 93
1002 93
836 66
1406 93
906 93
771 137
1636 61
325 136
540 205
823 76
388 66
890 106
402 173
2382 556
1910 66
874 123
486 56
306 93
409 86
409 86
328 256
908 86
620 176
732 137
356 116
758 146
123 478
770 126
406 116
491 93
2402 56
1770 93
366 56
670 238
1870 76
830 56
1582 86
1391 106
781 93
370 237
409 86
1418 66
506 48
819 126
111 395
491 93
981 76
706 141
506 66
174 545
1143 198
892 123
450 56
769 66
2068 468
888 66
990 56
471 93
359 87
356 131
460 126
261 66
2162 106
1739 66
802 366
1055 66
406 86
1266 66
819 66
521 66
696 196
781 93
86 268
1416 176
430 407
406 116
1752 93
695 528
524 173
898 66
764 126
663 126
446 151
1036 316
496 135
377 56
770 241
2348 66
420 308
456 106
185 503
770 556
458 406
612 68
251 66
341 93
367 206
306 166
771 137
2426 66
288 66
1028 421
271 93
542 86
190 453
868 93
1406 93
163 417
656 196
695 56
556 66
406 56
370 255
758 146
532 158
1040 616
741 91
174 553
302 126
370 256
417 116
565 66
876 106
756 66
482 86
853 76
530 61
1410 126
523 133
1406 66
2091 56
422 398
708 106
888 307
774 86
501 66
487 86
286 136
449 106
1000 93
294 66
420 86
406 146
784 56
1946 66
1029 76
202 894
306 146
465 156
913 417
1470 106
870 66
687 184
220 86
1385 76
446 126
1000 126
568 66
1770 66
491 93
1419 66
1063 449
1007 106
2121 56
1721 56
540 205
496 61
558 97
339 66
880 66
950 106
256 146
306 179
808 136
363 172
491 93
924 66
612 257
616 126
835 528
420 278
491 66
959 66
858 66
2070 93
1260 995
2326 66
491 93
406 156
677 68
769 126
203 397
586 106
1406 66
2406 93
306 106
716 176
1406 66
348 403
1406 56
366 66
856 126
406 116
870 106
370 241
390 137
290 187
833 307
1688 106
771 137
2005 106
990 126
486 486
1002 93
2036 586
1788 66
663 66
392 87
826 66
337 126
526 66
491 93
797 188
2126 546
2266 66
828 66
2326 556
491 93
320 107
406 156
348 146
359 87
716 106
369 66
2012 86
163 417
470 106
781 56
1586 63
141 431
320 296
808 136
778 66
316 392
858 106
663 187
1728 66
202 894
706 86
829 556
716 106
1582 86
509 76
183 397
1636 61
813 360
252 93
750 126
1416 176
341 93
884 370
659 48
330 66
480 86
421 66
1135 76
458 66
769 486
506 66
860 353
593 417
1658 86
906 456
1048 106
1002 93
316 66
1306 56
291 66
919 126
266 106
2326 556
1701 246
456 146
280 93
2162 106
1733 86
1167 76
2402 48
406 156
910 126
811 66
141 48
422 398
409 76
2070 93
320 66
286 156
549 97
206 66
491 93
808 136
359 87
422 398
370 66
343 156
745 318
406 156
449 93
417 116
380 76
420 66
219 86
842 86
251 66
261 66
151 56
181 280
1236 306
406 126
796 56
256 146
2406 106
1636 61
981 76
1406 93
739 285
359 87
446 126
406 106
256 136
768 93
646 86
858 56
830 86
256 116
486 56
413 156
406 166
695 93
868 93
775 166
406 156
786 56
2216 256
320 258
370 176
467 163
1063 76
421 56
421 66
643 884
558 97
350 179
1606 66
366 106
491 66
470 377
957 66
491 93
458 66
2206 51
1036 316
788 66
491 93
797 188
395 93
950 51
408 136
842 137
399 56
185 503
406 156
1416 176
356 176
180 453
1270 66
321 66
870 66
870 126
468 66
332 68
506 396
796 186
491 93
165 553
740 106
743 86
888 86
1289 402
2326 93
470 66
178 620
656 196
486 56
781 66
2026 66
474 538
811 56
439 56
743 86
256 179
836 66
370 66
796 56
696 66
511 93
186 285
549 97
446 86
808 136
370 66
1752 93
111 638
429 468
789 137
750 740
481 93
181 436
501 66
806 56
1709 56
806 93
406 86
530 158
406 116
758 138
910 66
2093 556
148 535
1608 106
1570 93
2266 66
1002 556
238 76
445 126
829 93
366 66
556 546
347 86
398 93
404 66
491 93
2124 86
506 106
516 278
158 305
406 106
530 158
695 93
1290 576
491 93
392 183
924 66
406 156
491 93
161 449
710 76
1246 406
808 136
839 76
547 56
906 66
511 93
400 76
666 146
165 553
680 581
781 486
181 436
356 93
398 93
406 156
258 106
390 137
1382 76
491 66
456 121
1615 76
506 176
322 97
359 87
406 146
2226 556
391 66
471 66
2012 151
388 76
1665 86
778 66
256 116
489 86
421 66
406 136
663 126
787 56
746 56
872 61
1962 106
872 61
348 146
931 306
768 126
835 123
445 66
2190 406
818 66
769 56
501 66
502 66
756 88
758 72
1385 76
306 146
324 528
558 97
178 620
406 156
316 66
406 146
163 417
1766 106
747 328
682 66
291 66
1028 421
252 93
2068 468
483 558
768 93
2121 56
696 176
920 86
288 66
1419 66
849 126
829 93
408 136
2216 95
256 136
348 403
783 179
942 86
446 151
408 556
224 76
429 468
756 56
321 66
1534 48
496 138
256 146
406 106
2190 406
620 157
406 116
663 66
1546 414
106 106
1260 156
981 56
2326 126
880 66
371 66
600 93
870 106
805 56
677 68
2126 546
781 66
540 206
1106 61
733 620
1966 206
406 106
441 66
419 86
356 116
341 93
656 93
406 186
180 453
370 255
769 126
320 217
396 106
706 86
400 86
420 106
1143 198
760 74
869 86
570 66
1406 66
356 116
874 123
817 93
506 61
2071 46
341 93
2055 66
746 556
417 116
1391 106
1870 76
937 66
470 377
606 586
2066 506
428 96
717 66
2402 56
2326 556
523 187
446 151
1406 66
458 106
786 566
489 98
433 156
1406 66
1170 66
452 1206
920 76
256 136
516 391
890 66
2426 56
943 76
163 417
870 126
421 66
2382 556
466 126
810 66
630 93
227 832
406 56
1755 430
849 66
906 93
378 87
178 620
252 93
291 278
320 296
990 66
1326 66
158 468
304 126
406 156
491 93
446 126
538 56
981 66
1403 66
781 536
870 106
376 97
690 76
666 86
182 403
421 66
758 106
406 116
1441 66
516 56
567 93
174 307
390 86
406 106
378 87
657 146
1659 398
1251 347
321 66
2226 556
1236 306
123 66
875 66
856 156
406 156
470 76
344 136
2026 66
860 74
1582 86
1608 106
482 86
341 93
449 106
706 66
568 56
1336 241
363 172
1206 106
2288 66
238 76
2326 126
396 106
86 316
406 156
540 205
1210 406
1030 56
942 86
420 126
306 146
1293 56
256 136
220 93
600 176
771 162
1179 76
770 61
206 56
919 126
461 86
417 116
406 156
422 126
470 106
843 187
870 336
835 556
620 157
2280 66
769 56
220 86
447 106
758 72
422 548
456 106
2301 66
804 406
856 356
845 126
471 66
690 76
363 172
870 106
1140 76
491 93
491 93
1179 66
444 137
1385 76
406 156
771 162
1260 86
298 66
906 93
781 48
986 66
809 86
1786 56
855 126
489 98
181 436
224 429
511 93
838 176
188 86
2326 556
155 463
139 413
713 86
319 258
695 56
726 134
206 56
1020 56
256 136
123 918
1055 66
620 93
781 508
2121 56
1550 93
470 286
1241 131
396 106
708 106
816 183
86 316
456 436
490 66
375 66
356 324
1659 66
540 206
180 453
908 86
506 176
256 136
1210 324
2361 46
178 620
1303 106
1030 56
540 206
306 106
174 307
797 188
639 56
770 61
446 151
456 121
267 106
420 106
366 66
1430 64
96 106
819 356
251 66
480 452
291 93
470 286
1179 76
295 97
606 239
635 126
761 486
1091 66
491 93
767 137
393 889
406 156
703 288
491 93
338 76
470 106
1506 66
181 280
1658 86
553 489
710 196
511 66
806 56
1382 66
957 66
890 126
456 121
271 93
486 56
870 308
356 93
2005 66
406 156
406 136
1416 176
696 61
458 66
139 413
538 136
491 93
2086 66
646 86
696 176
178 620
199 356
876 66
655 66
2402 56
1006 93
2021 56
2016 151
733 620
1076 256
1188 86
695 93
779 66
328 66
663 66
406 106
320 126
456 156
486 66
812 56
345 535
406 146
420 566
182 397
325 136
149 486
2216 95
2216 256
356 116
695 528
1615 76
271 93
808 136
696 176
1382 66
2301 186
682 66
1870 86
941 56
436 486
2394 66
796 124
320 258
406 116
86 288
2210 93
855 126
497 66
1338 328
1900 98
417 116
2070 126
2151 46
830 56
540 205
1270 66
338 66
456 106
391 97
1886 66
860 56
758 146
741 61
791 66
746 56
491 93
441 66
2402 93
406 156
596 187
271 93
882 86
1872 61
620 106
183 743
888 548
386 121
726 56
501 93
420 106
1210 546
1402 86
497 66
370 86
456 336
798 453
666 171
491 93
256 116
429 307
199 356
1000 126
396 106
736 107
1546 414
523 187
1188 61
471 66
587 56
471 66
470 106
268 56
446 86
1030 56
870 106
891 86
467 163
108 427
458 406
393 126
872 86
1266 81
835 93
2070 126
770 56
1598 246
666 124
224 76
343 156
406 86
758 146
884 66
1056 61
732 137
523 133
928 123
1506 420
413 106
1528 86
835 93
744 347
441 66
1970 286
1770 1010
371 126
2068 468
808 136
741 91
1126 56
447 56
695 93
450 66
489 86
413 156
406 156
2086 66
256 179
1030 336
1871 66
386 121
2055 66
2406 66
870 86
1598 246
268 86
620 106
356 176
256 136
486 66
580 56
808 187
2426 76
1288 86
497 66
869 86
329 76
1534 48
740 86
232 824
256 136
523 133
458 406
1355 66
2301 176
341 93
542 86
1665 56
2402 56
437 86
948 126
470 66
256 136
558 97
470 138
456 156
2106 56
853 76
420 278
888 66
799 76
286 86
840 66
891 576
181 280
521 93
1659 398
978 76
1055 353
406 156
406 96
1658 86
183 743
1770 66
767 137
758 72
845 126
393 86
342 166
288 66
219 86
1131 188
736 107
1406 93
666 124
565 93
1520 76
937 158
1598 106
271 93
808 136
956 66
2190 406
845 66
2266 66
1536 66
2326 66
695 93
1866 61
388 72
540 205
868 93
975 86
506 106
321 66
420 106
1255 56
241 66
491 93
420 566
556 61
326 66
291 66
374 126
1055 126
170 567
306 146
1131 188
256 116
193 66
835 123
839 286
1570 406
406 126
252 93
1648 93
2326 556
170 567
298 66
1506 66
123 66
556 60
756 556
421 66
256 136
141 431
420 66
169 386
174 553
506 66
309 237
786 56
1048 106
111 395
424 136
887 203
396 106
370 106
1029 76
1398 600
470 287
406 156
256 136
172 469
220 93
1758 76
620 157
1255 56
470 138
2048 336
343 156
789 137
2103 556
516 137
910 126
446 151
1526 56
406 156
784 179
600 157
286 56
2226 556
491 93
818 126
1030 76
402 173
341 530
406 116
1570 93
1820 93
1290 93
870 106
1010 307
870 66
444 86
823 76
388 72
206 317
1910 66
390 137
769 486
893 328
406 156
2316 56
306 179
271 93
402 126
805 56
870 66
298 66
420 66
402 173
1260 48
338 66
2348 536
429 307
789 137
491 93
1570 93
2131 66
720 308
437 528
1025 453
158 468
338 76
457 106
1872 61
1688 106
1206 48
202 894
1755 360
778 66
678 66
2326 126
1218 76
368 86
937 66
341 530
406 96
2136 303
455 226
1241 131
783 68
176 307
538 66
2326 556
511 93
1970 286
1656 66
663 66
378 87
692 587
2406 86
2292 472
305 56
1140 76
990 66
298 66
876 106
761 106
202 894
406 156
690 86
1906 286
422 419
367 106
718 66
1007 106
687 184
1550 420
528 66
491 93
306 106
406 156
220 66
220 93
2226 106
406 106
396 91
650 894
456 156
453 453
606 239
491 93
501 66
491 93
869 86
406 156
523 133
