1500
1220 2440
570 237
890 66
420 86
758 106
768 93
781 93
1290 576
703 288
620 93
291 278
378 87
491 93
639 56
369 204
328 238
406 156
1403 66
828 93
406 126
181 436
990 66
668 166
406 96
700 136
439 56
780 197
1666 46
1566 66
823 76
826 66
771 162
1659 398
406 156
1546 414
511 66
406 106
163 417
2288 48
286 136
319 258
868 556
1770 66
338 66
486 486
876 66
511 66
2316 56
356 106
538 66
476 126
491 93
172 469
870 106
540 206
491 93
808 136
106 106
830 86
2326 556
565 386
620 93
321 93
261 66
1000 93
1290 93
502 66
1421 106
788 106
888 66
830 56
406 56
324 528
656 196
812 421
406 56
388 66
1007 106
420 66
710 196
2288 48
1382 66
1586 63
870 106
870 126
399 56
798 449
818 66
1406 66
895 86
934 76
934 198
256 136
736 107
248 66
1659 398
396 106
1500 56
256 136
511 66
783 548
559 206
406 116
682 76
497 66
703 442
556 60
600 157
1820 66
1966 576
1006 86
420 66
565 358
860 74
870 126
2106 56
1570 93
387 131
170 567
306 146
766 66
439 126
438 406
406 146
429 307
1910 66
506 396
842 137
376 206
621 378
1546 86
342 166
421 66
181 280
338 66
155 463
165 553
420 66
406 156
406 156
320 258
406 126
2288 48
406 106
783 548
2126 546
185 503
726 134
710 66
456 156
413 106
497 66
817 93
606 66
741 86
2326 556
516 137
363 172
1550 93
497 66
501 66
445 173
1659 398
2406 93
981 286
343 156
1416 106
1210 126
829 93
1135 76
616 126
534 61
2316 56
445 66
356 176
1636 366
1721 56
436 66
809 86
2272 86
882 86
758 106
306 179
178 620
202 894
182 397
1895 106
747 318
516 414
1570 93
420 306
620 176
1612 93
497 66
231 76
2286 48
806 93
325 136
880 66
56 506
486 56
406 156
306 336
406 156
1550 436
106 106
573 326
325 136
467 106
348 403
406 136
220 86
791 126
404 66
390 86
2070 93
267 106
406 186
682 66
1606 56
891 66
155 463
491 93
1066 336
2348 536
421 66
321 66
310 236
836 66
1426 64
732 137
1088 326
491 93
1881 56
1356 116
2174 66
471 66
1970 286
491 93
1870 86
620 157
326 66
320 86
747 318
1970 286
406 136
371 126
343 156
456 156
580 56
456 146
620 106
497 66
1770 326
950 126
419 86
406 106
491 93
756 66
620 176
306 179
812 421
898 106
1508 56
1616 106
789 137
1606 56
406 156
474 457
441 66
453 398
356 66
406 106
771 137
416 186
2086 66
789 137
528 66
405 162
406 166
406 156
420 93
2286 48
2156 61
321 66
406 126
1870 86
2106 106
448 468
1659 66
646 86
453 398
919 126
1658 86
446 151
2286 48
567 93
1210 324
875 465
491 93
238 76
344 126
325 136
721 66
770 93
390 137
356 93
470 286
406 156
870 576
330 166
356 176
256 136
872 61
2382 556
251 66
540 205
417 116
406 156
876 86
600 157
141 431
869 86
781 486
1170 88
511 66
788 88
180 453
516 391
409 86
826 66
781 486
1131 188
868 556
720 126
761 66
1179 76
406 136
186 285
1836 56
532 86
620 176
778 66
975 86
747 328
286 56
1546 86
870 86
758 146
2146 93
1246 406
1770 1010
2091 56
2316 56
458 406
66 506
406 156
2288 48
720 308
406 126
1895 106
870 106
341 93
203 397
785 66
396 166
1266 81
870 106
241 66
86 268
1063 76
1070 61
386 66
849 126
870 66
338 146
388 106
388 86
343 156
202 894
1836 56
388 72
406 186
491 93
516 414
774 86
391 76
519 56
540 206
178 115
783 179
256 136
370 66
990 586
1770 93
444 86
406 86
1450 76
855 126
421 66
870 126
1659 398
286 156
747 328
306 106
140 537
396 106
663 506
158 468
1246 406
458 66
178 620
393 889
1402 86
767 68
530 158
891 256
620 157
2423 93
774 179
1806 66
251 93
858 86
870 106
347 66
1251 61
406 106
990 126
366 66
271 93
870 126
708 106
2382 556
696 176
491 93
486 56
2394 66
781 93
655 184
396 106
499 56
1260 66
797 126
339 66
341 93
1000 126
406 156
392 87
406 136
1806 66
306 93
1512 66
308 106
538 66
456 106
745 126
538 56
370 66
56 566
406 156
1881 56
471 66
706 56
819 93
199 356
306 126
446 126
388 76
990 66
888 336
600 176
1266 81
406 116
446 151
2064 86
393 126
1555 372
1550 93
710 93
2106 86
1266 66
558 97
491 93
680 76
406 156
825 86
1006 126
471 66
341 93
320 296
370 66
1260 86
163 417
403 66
309 137
470 106
220 86
874 123
2346 66
1826 449
981 66
186 285
791 66
908 61
458 66
302 126
835 56
406 56
768 93
600 157
880 66
745 126
486 56
2301 176
719 172
406 186
682 66
811 66
1406 93
345 535
448 468
491 93
1646 406
511 66
306 126
978 76
948 126
892 123
453 398
241 93
2326 93
356 116
487 86
761 93
990 66
220 86
1355 66
511 66
891 126
570 66
808 136
677 68
842 137
620 157
338 146
370 66
421 66
906 286
486 56
420 66
856 156
501 66
828 93
756 556
406 146
732 137
456 66
330 166
256 136
406 86
811 66
151 56
471 93
421 66
806 286
1210 93
646 86
356 66
406 106
677 68
816 183
530 158
743 337
491 93
406 156
337 106
600 157
540 205
506 66
849 126
556 466
2208 66
804 406
420 106
596 187
392 87
252 93
2292 427
1808 346
406 186
1534 66
620 93
1752 93
333 378
1648 93
424 136
256 126
568 206
386 106
620 176
356 93
406 106
343 156
838 176
1260 325
1752 126
486 66
767 137
491 93
468 66
491 93
768 93
2104 705
1870 76
620 157
487 186
96 106
1538 385
990 66
1570 406
843 187
1556 106
348 403
281 66
1418 66
710 196
291 66
937 66
1002 93
812 421
1570 93
750 93
2316 56
806 93
2103 556
178 620
448 468
764 126
363 172
420 278
406 116
620 157
1155 156
523 133
1350 76
178 620
256 136
656 93
406 156
2288 66
496 138
812 56
1170 66
467 163
430 407
309 137
501 66
888 336
391 66
868 93
855 126
1556 586
913 417
422 398
553 489
758 72
356 324
305 56
169 386
556 60
845 126
558 97
695 556
594 106
409 76
206 66
421 66
487 186
388 72
739 285
948 66
174 553
616 66
306 198
806 93
325 136
656 256
406 106
406 116
906 56
680 66
406 186
256 146
540 205
456 121
2048 336
185 503
406 156
829 93
778 56
346 535
309 137
333 126
1995 106
446 151
256 288
86 288
343 156
521 93
1055 126
809 86
2266 56
1802 76
366 556
540 205
321 66
286 156
543 416
1006 86
953 86
818 586
1786 56
491 93
456 106
531 66
241 66
266 106
806 93
491 93
496 61
778 66
255 383
808 136
1843 575
1056 61
422 126
417 116
1290 93
456 146
356 116
486 56
776 76
593 417
406 156
840 66
802 93
491 93
2206 56
941 56
860 74
558 97
406 156
333 126
2402 93
553 489
406 106
842 137
1170 126
978 76
943 76
769 66
1636 366
1656 66
906 456
256 179
526 66
626 126
833 309
853 428
321 66
306 179
396 106
321 66
509 76
321 66
2070 126
739 285
406 56
181 280
248 66
391 97
366 56
256 136
388 76
1659 66
2326 93
746 56
528 66
1326 66
1390 98
808 136
620 93
429 468
620 93
538 66
516 391
1666 46
271 93
491 93
86 316
421 66
1391 106
369 204
181 280
296 156
540 93
324 56
179 176
306 198
388 66
785 76
2060 66
506 406
406 86
439 56
406 56
568 56
342 166
1755 430
491 66
2316 56
798 449
386 121
781 66
1326 66
1615 76
750 126
1836 61
726 56
558 97
808 136
370 66
937 66
369 356
1739 64
306 146
185 503
758 72
422 398
178 620
320 303
1550 556
532 158
188 86
388 72
788 66
805 56
745 66
893 66
876 86
1900 98
919 126
970 126
356 286
502 66
374 126
256 93
842 137
777 203
761 106
528 56
2070 93
329 76
855 66
146 466
818 66
420 308
306 93
766 93
1788 66
888 576
406 156
491 93
298 66
1752 126
888 307
769 56
1970 156
1570 93
1570 93
806 56
695 93
1908 86
356 116
406 56
406 91
491 93
343 156
1306 66
896 203
497 66
990 66
470 106
174 307
206 66
788 66
986 66
238 76
898 66
1636 116
325 136
789 137
406 186
421 66
808 136
403 163
758 72
330 436
682 76
1606 66
356 131
855 66
1006 86
419 528
206 56
348 146
406 126
406 156
491 93
872 61
491 93
612 257
1570 93
309 137
306 93
2048 336
706 86
409 76
291 66
816 183
406 206
851 137
784 56
797 188
256 136
928 123
406 56
413 106
420 86
241 66
990 126
467 106
888 66
835 95
2005 66
2316 56
858 76
1806 66
409 86
1895 76
540 93
884 66
489 98
1570 406
298 66
938 106
593 417
406 116
1586 56
523 133
486 56
460 126
406 156
406 56
659 56
406 156
406 126
606 566
1406 66
565 358
805 56
744 347
288 66
978 76
990 66
316 392
501 46
456 206
843 187
491 93
558 97
343 156
2406 106
386 121
516 66
1210 93
421 66
406 156
656 126
391 66
366 66
753 354
570 237
489 86
1416 176
823 76
2006 93
741 56
283 87
378 87
491 93
835 123
710 196
1546 414
870 56
2106 56
155 463
500 66
2326 126
1070 106
663 66
356 116
406 116
860 67
981 56
824 66
486 66
1670 106
1356 306
2156 61
829 93
309 137
2370 106
549 97
1770 66
534 61
808 136
321 66
2226 348
990 66
419 86
715 516
784 179
202 894
406 116
447 56
2326 126
769 126
538 66
174 76
1565 123
957 66
784 179
111 395
1606 426
386 121
328 256
2106 56
638 93
406 156
1206 106
891 126
990 558
449 106
851 137
174 553
390 86
811 66
2156 61
306 146
174 307
446 151
600 157
476 126
778 66
356 176
1726 66
891 66
891 86
2266 66
1570 406
1556 66
295 97
944 61
320 286
491 93
368 86
367 88
740 86
1380 66
406 126
855 66
429 468
406 86
390 86
696 88
681 106
2070 93
320 76
406 545
774 179
386 121
521 93
528 86
421 66
371 66
593 417
421 66
796 186
256 179
480 793
756 66
470 106
506 176
316 66
141 431
1870 86
593 417
845 126
960 126
893 356
920 76
1598 246
420 336
941 56
406 146
446 151
721 66
286 136
422 126
447 106
306 179
1956 191
620 93
981 66
686 66
666 124
1606 426
489 98
396 106
182 397
370 255
1146 66
808 136
428 96
449 106
768 93
413 156
1820 93
465 156
392 87
202 894
444 137
406 106
892 123
849 66
706 225
422 398
202 894
183 743
86 489
745 66
1416 176
1752 93
856 356
1863 56
458 66
424 136
941 66
455 86
1000 126
668 166
1872 61
231 76
406 56
406 116
1326 66
811 66
620 157
406 106
895 86
2056 93
489 98
516 66
377 56
328 66
168 346
2026 56
1241 131
549 97
506 176
325 136
2286 48
851 137
806 61
256 136
835 93
906 56
392 87
538 66
920 86
536 66
1131 188
406 156
835 123
666 424
809 86
406 106
409 76
1526 606
1981 106
470 126
421 66
1970 286
456 106
321 66
491 93
891 576
302 126
491 93
406 116
1906 66
220 86
747 328
1377 116
1998 86
829 556
391 97
1536 66
201 86
1406 66
1586 56
781 606
1218 76
600 157
406 106
406 156
2206 56
486 56
1895 76
1000 93
769 126
700 126
406 106
1000 93
1615 76
785 76
891 86
950 51
446 151
855 126
446 151
1155 156
86 268
404 56
155 463
906 76
388 66
774 86
252 218
888 66
406 156
421 66
531 66
482 86
760 74
1770 66
646 66
696 56
359 87
1788 48
568 66
359 87
2012 151
388 72
430 421
1881 56
1241 131
1390 98
370 93
966 106
2190 406
1441 66
486 56
771 137
391 66
511 66
338 66
330 66
1000 93
406 156
392 183
387 131
2190 406
343 156
2070 93
183 397
148 739
406 136
174 307
1290 93
1002 93
456 66
990 66
870 86
344 126
341 93
870 126
221 389
540 205
1900 98
808 136
2176 106
161 449
417 116
1063 449
745 93
858 86
499 56
921 86
565 126
1770 336
838 176
1606 106
536 56
920 86
1931 66
829 556
1550 93
791 66
329 76
805 56
491 93
1550 93
291 278
771 137
319 258
471 66
356 116
778 56
908 86
406 146
783 68
808 136
678 66
2402 576
2070 126
1030 56
455 528
458 66
532 158
530 396
1470 136
856 126
329 136
391 97
720 335
370 86
990 56
746 56
849 66
868 93
406 146
786 56
516 414
1326 66
530 106
1155 156
356 116
290 206
606 566
491 93
737 66
163 417
1950 46
86 268
474 457
486 66
182 397
872 86
406 116
438 406
677 68
1870 76
532 86
523 133
148 739
66 578
616 86
283 611
456 121
2070 93
291 66
538 66
2070 126
681 106
1106 61
846 66
439 56
148 535
426 93
370 356
202 894
324 528
1188 66
491 93
960 66
206 56
906 66
1713 116
811 56
397 87
1556 93
924 66
646 66
768 93
781 93
406 156
491 93
388 106
2021 66
446 151
1210 545
465 156
339 146
1966 56
501 93
283 611
2371 66
629 148
887 203
252 246
511 93
721 356
480 793
1788 48
978 76
1550 556
806 93
1210 426
251 66
600 93
288 66
2026 56
338 76
646 66
441 66
406 183
842 137
663 156
391 97
339 66
1314 93
812 203
446 126
459 428
422 419
746 56
220 93
2326 556
1806 66
406 66
656 256
450 66
2402 93
271 56
283 87
2402 56
904 406
1970 286
906 66
348 403
516 391
406 183
835 93
203 397
491 93
856 126
1356 86
359 87
224 429
959 66
309 87
957 66
791 66
458 66
417 116
695 56
359 87
359 87
439 56
486 56
1406 56
789 137
421 66
659 48
808 136
438 406
2286 48
321 93
2226 106
1570 93
511 66
768 93
517 93
108 427
706 206
750 148
1506 106
2368 468
830 76
