1500
1220 2440
975 86
270 106
806 56
781 536
2241 61
1770 93
950 86
486 56
842 137
329 136
304 126
168 346
396 166
501 66
183 743
320 258
785 66
402 889
181 436
2382 556
453 398
919 126
1770 93
422 398
511 66
1103 465
370 237
568 56
406 116
241 66
181 436
456 156
390 86
421 66
2026 56
966 106
396 106
785 76
470 66
306 179
404 486
835 556
219 86
906 93
482 86
1737 56
404 56
1063 453
406 156
496 61
1570 93
480 452
913 417
370 66
486 486
491 93
406 106
747 318
758 72
756 336
406 146
770 126
769 56
182 403
1007 106
906 93
445 66
1788 66
182 403
600 176
639 48
421 56
1088 326
1000 93
248 66
291 66
580 56
186 285
549 97
406 166
561 141
283 87
1210 93
538 56
390 137
429 307
420 336
467 163
1570 93
668 166
306 126
306 179
446 151
1215 61
256 106
309 137
429 307
600 93
437 86
891 126
2070 93
220 86
761 486
251 66
959 106
406 66
1670 106
811 66
1289 393
251 66
255 383
491 93
325 136
1666 61
417 116
391 97
732 137
829 93
445 86
892 123
781 66
181 436
1944 91
471 66
406 126
286 136
540 206
888 76
458 66
422 419
508 126
491 93
844 123
808 136
199 356
870 93
406 156
1210 126
56 506
695 56
870 93
741 56
928 123
471 66
420 278
309 137
1416 176
469 106
797 188
975 86
491 66
476 126
391 97
2174 56
458 86
325 136
930 56
406 106
1306 66
481 93
516 391
511 66
181 280
167 308
534 61
990 586
1266 66
553 433
875 66
2064 86
666 556
760 74
726 134
716 106
185 503
1398 600
375 527
728 556
1418 66
374 126
220 86
470 106
422 126
406 56
888 126
779 545
321 66
406 86
835 93
480 56
420 93
241 66
2406 66
2316 56
870 66
421 66
420 66
606 66
849 66
421 66
338 66
2005 66
639 288
306 106
420 278
1546 414
600 157
501 66
1820 93
421 66
851 137
835 528
1402 86
470 76
2426 76
1326 66
530 158
268 86
456 106
838 176
758 106
771 162
1758 76
829 93
1000 528
161 449
556 546
769 66
186 285
990 586
538 66
417 116
558 97
341 93
256 136
521 66
178 620
906 156
928 123
906 156
256 136
480 452
396 166
806 93
338 56
269 66
875 66
486 486
286 136
1406 66
338 146
818 66
908 86
406 166
516 391
370 255
298 66
482 86
309 137
471 66
746 556
2436 56
781 93
347 66
681 106
959 106
421 66
950 106
1520 76
540 93
2382 556
1430 88
406 146
620 157
906 456
456 66
480 56
276 106
2070 126
855 66
511 66
406 56
491 93
386 121
2436 56
429 307
736 107
304 126
406 126
445 173
797 188
540 206
781 508
163 417
620 157
309 137
406 126
872 64
178 620
896 203
437 86
370 66
761 486
333 68
456 106
482 86
356 93
486 66
1048 106
891 556
868 556
348 403
666 556
829 93
2136 303
163 417
471 66
231 76
271 93
1872 106
2006 93
808 187
391 97
1306 56
422 398
2064 86
663 478
306 106
406 106
421 66
1870 86
291 93
420 106
320 296
594 66
396 91
511 66
745 318
406 96
398 93
413 156
288 66
2292 427
366 66
777 203
838 176
859 126
321 66
406 136
406 126
500 126
891 556
1826 66
2210 93
1534 48
465 156
306 126
224 429
491 93
806 93
406 156
570 66
528 66
2106 106
910 66
803 170
468 206
241 66
341 93
271 56
796 124
1616 66
2121 56
906 93
341 93
663 506
1203 66
364 68
348 403
655 66
406 183
447 56
616 66
663 66
2402 576
1739 66
1135 76
2190 86
938 66
406 93
818 323
549 97
531 66
620 157
356 176
356 116
874 123
320 126
1688 106
870 106
547 56
521 66
565 93
959 106
458 66
833 309
556 60
2396 56
771 137
306 146
835 95
788 66
306 146
558 97
511 93
874 123
811 66
66 536
1385 76
491 93
391 97
1007 106
789 137
2006 93
201 86
849 66
406 106
549 97
1659 398
788 106
438 406
666 424
421 66
874 123
220 66
482 86
1616 66
1870 76
826 66
876 106
769 126
2266 66
758 146
1002 93
1788 48
1606 426
396 106
370 86
289 1172
486 66
842 137
1040 616
534 61
491 93
1406 66
406 106
696 56
565 93
445 66
429 307
859 126
80 338
370 197
2216 336
288 66
1806 66
1764 66
155 463
509 76
406 166
1416 176
870 66
521 93
406 116
1506 106
990 66
251 93
2388 86
756 66
406 116
391 97
491 93
732 137
1356 116
471 66
256 146
1380 106
892 123
447 106
781 93
1523 606
858 66
501 66
1380 76
804 406
1056 106
1870 76
491 93
540 93
291 66
170 567
441 66
1055 353
830 86
337 106
343 156
1270 66
487 186
283 87
858 76
798 453
1416 176
567 93
186 285
888 66
888 336
241 66
409 76
808 136
491 93
370 66
1512 66
809 106
839 86
406 106
1970 156
506 94
942 86
1419 66
1598 246
256 116
741 61
453 453
420 93
506 61
386 121
497 66
378 87
491 66
888 66
764 136
306 166
1526 88
456 121
695 93
429 307
558 97
506 61
808 136
1246 406
406 136
1666 46
870 126
1820 93
501 66
835 123
348 403
271 93
186 285
721 66
511 66
294 66
486 66
781 93
338 66
502 66
437 86
441 66
1953 86
368 66
446 126
784 179
844 123
905 198
2292 472
1550 86
406 156
1326 66
869 86
183 397
2044 106
836 66
420 93
320 258
811 66
406 166
1550 93
538 66
606 336
342 166
521 66
406 116
359 217
123 936
809 156
791 126
1404 468
386 121
306 166
1241 131
770 93
1385 86
819 126
163 417
612 68
456 106
1555 372
820 337
870 106
927 256
808 136
767 137
2026 66
808 136
406 86
516 391
1731 66
420 566
256 136
777 203
258 106
880 66
1441 66
808 136
420 93
406 56
1206 61
767 137
456 156
845 126
532 158
789 137
406 156
136 185
558 97
444 137
1210 93
444 86
811 66
1206 93
990 586
1188 86
521 66
406 146
458 66
1615 76
1355 66
1276 166
2288 66
437 86
2382 576
366 56
406 186
429 468
870 66
716 106
163 417
975 86
448 468
540 205
436 66
676 106
469 106
521 93
739 217
771 137
558 97
333 378
306 126
806 93
420 66
771 137
367 106
369 204
741 56
809 156
406 116
1555 372
420 66
870 106
482 86
206 66
2116 86
446 151
356 106
291 66
371 66
855 126
320 76
777 203
465 156
497 66
1843 575
406 156
256 126
506 66
326 66
1508 56
271 93
343 156
346 126
891 66
1020 66
686 203
343 156
526 66
1733 66
406 156
600 176
761 93
990 66
538 66
414 173
1648 93
406 106
576 239
817 93
829 528
470 287
1570 93
80 338
808 136
256 146
390 86
1820 66
1055 66
620 106
491 93
420 93
1179 76
549 97
366 66
470 530
588 66
568 66
659 48
396 166
2146 93
721 66
905 198
1056 61
663 506
839 251
486 56
1739 66
1770 326
919 93
646 66
406 156
1385 76
290 187
781 66
1752 126
856 126
1565 561
406 56
497 66
181 436
639 56
678 66
657 146
1406 66
891 576
370 86
356 116
2206 56
2436 106
156 788
185 503
842 137
695 93
509 76
428 96
220 66
198 323
486 486
781 93
206 66
2348 66
2316 56
783 308
876 106
178 115
2406 106
761 106
396 106
450 56
465 156
870 93
1598 246
406 156
339 146
256 136
356 176
808 136
805 56
2066 506
181 280
2206 56
1104 576
1377 116
789 137
481 93
406 106
1306 66
818 66
354 121
1406 66
376 60
445 126
1063 449
828 66
2070 93
363 172
669 86
540 205
185 503
424 136
891 86
439 56
1716 216
778 66
417 116
393 126
256 116
321 66
491 93
785 76
366 66
630 93
796 56
870 66
458 66
320 86
406 156
406 146
491 93
469 106
341 93
338 66
906 93
781 56
480 402
788 66
420 308
86 489
1338 256
620 157
359 87
420 66
2316 56
501 66
446 126
1586 56
1651 66
2003 414
496 86
306 106
568 66
497 66
325 518
1556 93
663 66
580 56
845 393
445 86
340 93
695 56
446 151
456 106
1418 96
406 156
720 335
354 121
339 68
882 86
339 146
620 570
842 137
534 61
2406 88
476 126
172 363
306 126
797 66
870 106
356 116
506 396
420 106
764 176
845 66
1314 93
2068 468
170 567
406 156
612 257
1416 176
420 106
1703 66
758 138
868 126
2326 556
481 93
1406 93
1025 453
808 187
1206 48
1940 538
343 156
540 205
367 106
348 403
646 66
808 136
948 66
1063 76
188 86
406 136
424 136
1843 575
669 86
556 466
336 197
898 106
1306 56
471 66
354 121
948 126
860 358
1566 66
892 123
181 436
271 93
786 236
706 66
356 116
220 66
1146 66
1210 546
1701 86
806 286
185 503
2036 586
344 126
341 93
511 66
350 179
567 93
491 93
2012 151
1731 66
706 66
1733 106
596 187
456 436
858 86
700 136
2226 556
787 86
1221 56
538 66
849 66
359 87
960 126
406 356
616 126
291 66
344 126
163 417
406 126
1716 216
870 126
1063 76
2286 48
406 146
467 106
511 66
2288 48
491 93
283 611
1006 86
758 146
1170 66
1895 86
769 66
825 86
565 93
1788 66
256 136
1056 246
180 453
1108 57
791 126
770 126
1606 66
106 717
870 106
818 586
2406 66
359 87
406 156
1340 310
491 66
1606 426
596 187
567 93
420 106
406 156
872 66
496 61
471 66
404 66
556 66
666 86
696 56
851 137
1895 76
306 336
516 66
888 76
406 126
405 162
396 91
470 377
805 56
695 556
2036 566
995 307
838 176
1709 56
506 158
491 66
549 97
781 66
656 93
356 116
695 93
784 56
406 156
199 356
1508 56
370 66
663 156
2046 56
859 86
356 93
948 126
448 468
491 93
1752 93
810 506
2026 66
872 61
356 93
429 307
906 66
884 370
1398 620
356 206
2012 151
1188 66
304 126
823 76
506 106
870 106
651 528
758 106
761 93
491 93
938 106
348 146
406 146
383 277
620 157
396 106
406 136
565 66
538 66
388 72
506 66
767 137
835 76
706 86
222 433
491 93
888 126
131 1163
371 126
251 93
1728 66
491 93
1688 106
842 137
305 56
163 417
202 894
142 328
774 86
256 136
1570 158
501 93
486 56
389 87
486 56
354 121
768 93
781 48
530 158
420 106
338 76
636 196
558 97
395 93
666 424
870 93
469 106
2068 468
1246 406
309 87
530 158
252 218
406 66
220 66
1006 86
1380 66
1976 86
406 126
1820 93
491 93
86 288
322 97
746 556
474 457
1872 106
511 66
2124 86
339 146
788 66
406 156
306 93
406 106
1556 93
306 93
386 121
888 336
1770 66
868 126
161 450
884 356
202 894
339 66
415 66
747 328
406 126
406 86
1508 56
600 157
1406 93
868 93
338 66
889 406
258 106
406 106
174 544
1416 176
406 156
491 93
131 1163
155 463
306 146
306 146
1550 86
163 417
1659 398
830 76
1146 106
106 106
386 121
808 136
397 87
267 106
324 218
528 86
386 121
2286 48
2210 93
2288 66
1066 336
406 116
291 278
540 205
540 206
421 66
521 93
629 148
509 76
450 66
458 86
406 106
1606 106
286 136
406 156
348 146
783 68
868 556
562 66
320 296
677 68
620 176
455 226
417 116
745 126
710 196
470 126
580 56
620 106
186 285
238 76
532 86
2373 66
810 66
1716 93
2406 88
1206 93
761 486
2067 56
890 106
950 51
737 66
565 66
470 86
66 846
481 93
477 126
202 894
666 171
534 61
406 156
348 146
392 87
460 126
1820 66
826 66
261 66
344 126
1030 86
838 176
339 66
875 465
768 126
839 86
876 86
870 93
1870 86
356 116
1110 236
298 66
417 116
406 106
2236 86
491 66
470 66
898 278
388 106
818 66
2326 556
620 93
338 66
417 116
695 93
430 421
2272 86
163 417
506 66
700 126
758 138
396 106
2382 556
593 417
2005 66
142 328
682 76
123 936
332 68
816 183
824 106
406 56
2121 88
1920 91
348 403
778 486
458 406
339 146
420 106
402 126
424 136
320 258
870 106
345 535
880 66
2439 93
458 66
781 66
811 56
328 256
370 86
388 86
540 205
367 88
959 66
771 137
766 93
281 66
756 61
797 126
344 76
870 106
808 136
859 86
356 556
256 93
2070 93
656 93
808 136
1419 66
471 66
568 56
962 126
406 126
482 86
1752 93
306 336
408 136
829 556
286 156
436 66
366 556
406 56
600 157
1752 93
325 136
389 87
1788 66
547 56
306 146
406 136
256 146
420 278
1002 93
870 93
2190 86
206 66
219 86
2070 93
785 76
356 66
370 66
406 56
1326 66
708 106
523 133
863 56
588 56
2012 151
2060 93
756 556
356 116
378 66
406 136
306 126
1926 56
906 468
1733 86
872 86
1770 336
880 66
406 106
758 72
356 116
409 86
1606 66
390 97
406 106
760 56
1586 63
502 66
1210 93
549 97
783 179
456 106
710 196
251 93
202 894
2036 586
1066 336
1962 106
396 91
181 280
502 66
1041 56
2326 93
282 66
906 93
811 56
568 66
294 66
340 93
781 66
1506 241
826 66
695 93
271 93
309 137
501 66
252 246
716 90
446 126
406 86
829 93
291 66
406 156
902 358
388 66
445 66
784 179
406 106
182 403
819 93
1290 576
1906 286
565 93
2241 61
920 76
2226 556
2196 66
406 156
441 66
256 136
256 136
888 126
621 378
2012 86
2016 151
356 324
406 156
756 66
1041 56
406 96
170 567
538 66
142 328
774 86
870 106
2190 406
870 106
338 56
833 307
491 93
835 93
636 196
620 93
870 576
524 173
456 106
1752 93
913 417
511 66
870 106
784 179
202 894
1416 176
1616 66
298 66
420 566
830 86
2366 66
798 453
2005 106
1946 66
844 123
446 126
824 106
491 93
819 66
620 176
771 137
928 123
1570 93
528 56
798 449
496 61
406 106
651 528
726 96
320 126
158 305
1419 56
480 452
670 575
206 287
