1500
1220 2440
816 123
719 172
1806 66
456 146
803 170
256 136
811 66
568 66
2406 66
896 203
855 126
888 76
875 66
784 179
420 308
202 894
123 936
449 126
169 386
1526 88
868 556
1002 93
870 126
767 68
420 106
1570 93
2196 66
1615 76
737 126
1616 106
491 93
491 93
970 567
406 116
180 453
131 1163
248 66
446 151
123 66
620 93
785 76
970 567
1788 66
540 205
409 86
2012 151
149 486
319 258
764 126
497 66
870 93
887 203
620 157
657 146
868 93
600 157
338 66
256 146
872 61
309 137
291 93
1382 66
2036 566
1426 71
808 136
2277 86
874 123
1419 56
733 600
456 121
304 126
338 66
298 66
348 403
420 278
906 66
565 358
170 567
663 187
528 56
327 96
509 76
1836 61
421 66
588 66
1906 106
426 93
1251 347
1788 66
343 156
367 88
669 86
1746 66
1802 76
294 156
741 91
396 91
1179 76
1071 285
406 166
356 324
344 136
1926 56
868 126
2070 126
306 179
828 66
1758 76
399 56
1206 93
1210 324
898 66
256 136
1520 76
2121 88
336 197
553 433
174 566
417 116
231 76
445 66
491 66
1770 93
960 566
1636 61
975 86
321 66
651 528
444 86
726 66
458 66
1135 76
298 66
406 106
1570 93
370 86
1733 86
2070 93
606 336
1616 66
448 468
741 91
721 66
415 309
291 93
445 173
2411 58
483 558
1606 66
1041 56
318 66
486 438
467 106
817 93
916 66
338 66
616 66
183 397
818 126
828 93
320 56
870 106
696 56
441 358
851 137
1870 86
750 216
540 206
668 166
930 86
256 136
1486 56
1606 426
516 391
1131 188
415 66
567 93
806 161
406 186
1448 66
1688 106
710 196
639 48
806 106
161 449
2382 556
726 66
370 66
1416 176
853 428
374 126
348 403
677 68
2048 336
1416 176
743 86
406 156
2066 506
869 86
404 56
386 121
745 66
1606 66
2206 56
406 56
406 96
1260 346
321 66
682 76
1030 56
66 536
882 86
1419 66
530 106
990 586
1786 56
321 93
409 86
756 556
158 285
789 137
868 93
745 93
656 256
910 66
491 66
656 126
880 126
368 86
876 106
456 436
406 146
2131 66
406 136
808 136
444 137
808 136
391 97
876 106
383 277
895 86
491 93
1179 66
281 66
789 137
1975 64
511 93
508 306
758 146
600 93
1802 76
309 137
270 106
511 66
406 106
406 106
990 66
775 166
620 106
855 126
491 93
1179 206
1808 346
2266 66
406 136
806 93
1210 545
395 93
1056 66
356 116
2241 106
487 86
1506 66
420 106
870 106
406 156
639 56
2288 48
482 86
817 93
768 556
770 253
975 86
182 365
356 116
444 137
868 126
561 141
1570 93
286 136
496 61
531 66
1666 86
570 86
356 131
482 86
1126 56
695 56
408 136
141 431
706 56
713 86
396 106
406 91
467 106
1106 61
562 66
667 528
343 156
181 280
889 406
913 417
957 66
256 126
708 106
1906 66
892 123
417 116
491 93
2301 66
2406 93
256 106
256 146
501 66
224 429
406 126
516 66
770 86
456 121
283 612
356 206
470 287
858 106
858 76
421 66
740 86
2005 66
539 503
870 336
768 555
1788 66
341 530
696 196
486 56
835 123
740 106
534 61
888 66
291 93
406 156
456 106
881 467
449 106
350 179
960 566
1206 48
758 72
1659 398
1403 66
106 106
1570 93
769 126
1380 66
856 126
630 93
445 126
388 76
298 66
928 123
383 277
981 66
868 126
528 66
148 739
811 66
808 136
356 206
2402 576
2012 86
797 126
896 203
888 307
387 131
420 278
860 74
486 56
467 106
1526 606
1206 106
511 66
256 288
823 76
540 206
406 156
646 86
258 106
458 66
1526 88
2206 51
1241 131
906 93
1290 93
309 137
2070 126
390 137
256 136
306 166
808 187
776 56
1406 66
851 137
183 743
943 76
142 328
750 138
220 86
826 66
396 91
286 136
320 76
456 156
386 86
686 203
600 157
667 528
329 76
482 86
530 158
530 158
178 620
818 66
870 576
770 61
1418 66
1788 66
960 566
420 106
1210 545
620 176
424 136
703 288
1170 126
1616 66
455 86
726 134
823 183
413 156
838 176
1406 66
1886 66
2382 556
281 66
758 72
891 256
2006 93
516 391
406 56
956 106
386 121
775 166
406 126
817 93
491 93
1406 93
291 66
374 126
417 116
391 97
959 66
271 93
870 106
750 93
716 206
819 66
430 407
906 468
778 66
406 156
252 93
1555 372
286 86
910 66
1582 86
446 151
422 398
549 97
842 137
206 66
458 406
170 226
528 86
406 156
397 225
406 156
406 156
784 56
1326 66
839 86
2006 93
819 126
446 151
1508 56
420 93
1770 93
141 66
123 478
325 136
549 97
491 93
241 66
776 66
406 86
456 106
449 93
2426 76
639 288
419 528
241 66
306 179
420 66
1416 176
695 556
368 66
406 136
888 336
990 66
406 106
356 206
500 126
760 74
511 66
745 93
281 66
888 307
444 86
321 66
1665 86
433 156
2131 56
180 453
422 548
567 93
2005 66
420 106
391 97
491 66
403 66
391 66
2116 86
1829 138
420 308
888 66
768 126
990 66
406 106
348 403
856 126
621 378
286 156
781 66
256 136
1010 307
990 66
2162 106
703 288
948 246
406 186
336 286
329 76
511 93
666 86
294 66
2226 556
1713 116
422 419
306 106
1406 93
839 86
363 172
565 386
431 66
769 66
406 96
306 106
446 151
422 398
482 86
486 106
341 530
2266 56
839 76
2006 93
406 116
338 146
975 86
181 436
446 151
1260 48
531 66
1556 93
458 406
1406 66
169 386
86 316
1426 71
796 95
420 93
2070 126
467 106
456 66
1870 76
366 106
491 93
348 403
391 97
1500 56
884 356
2406 106
588 56
1143 198
437 528
2016 151
456 121
1731 56
270 106
808 136
168 346
849 66
778 66
482 86
316 66
447 56
568 56
1764 66
446 151
891 86
458 66
386 121
420 308
1636 61
2326 556
2426 66
261 66
1179 76
356 66
1570 93
444 137
663 66
185 503
856 126
769 86
690 86
696 176
1007 86
1895 86
710 93
370 66
151 56
818 126
540 206
1770 336
816 123
497 66
330 166
1556 66
206 66
869 86
1179 66
413 106
620 176
165 553
487 86
2073 66
1255 56
769 555
439 56
781 536
525 173
456 146
406 156
456 66
252 93
1701 86
481 66
906 93
1108 57
2326 556
178 620
406 106
511 66
86 268
458 406
570 66
1441 66
740 106
760 156
356 176
319 258
347 66
953 86
1030 336
870 56
567 93
456 106
398 93
271 93
798 453
888 126
708 106
2402 48
781 66
930 86
797 126
291 66
908 86
2286 48
141 48
202 894
339 66
781 48
556 66
1718 625
66 802
406 126
761 486
539 503
1703 66
2106 56
844 123
338 56
450 66
256 146
2176 106
170 567
86 316
838 176
306 198
706 225
421 66
1895 76
506 106
339 146
1953 86
845 126
325 136
2073 66
594 66
332 68
829 93
489 86
248 66
291 278
238 76
309 87
291 93
768 126
2436 56
919 93
630 93
2210 206
406 136
441 66
863 56
506 66
406 156
872 64
2423 93
389 87
1000 126
439 56
758 106
594 66
482 86
290 187
1355 66
1659 398
424 136
261 66
356 116
338 66
536 66
456 66
470 286
1731 56
1670 106
497 66
261 66
420 417
491 66
1506 342
386 121
835 528
371 536
2106 106
843 187
565 358
587 56
812 421
957 66
2402 48
568 66
1063 76
516 66
406 146
769 66
1064 46
1556 106
891 86
396 166
506 66
306 93
2402 48
269 66
1167 76
319 258
950 51
268 76
406 116
876 86
378 66
420 278
320 86
1210 93
1063 449
456 106
491 93
379 225
496 138
256 136
1826 449
1752 93
343 156
2106 93
547 56
146 466
256 146
2064 86
406 156
446 151
778 66
568 66
406 106
406 126
295 97
406 126
248 66
406 126
271 93
2036 586
1241 131
1390 466
326 66
556 466
433 156
286 136
1512 66
2216 95
1755 360
1570 93
710 76
406 126
286 56
682 66
2326 126
298 66
849 126
406 156
1586 63
950 51
470 286
726 66
271 93
542 86
1206 93
758 72
835 123
456 121
406 126
491 93
306 106
163 417
628 126
549 97
812 56
1906 106
202 894
978 76
424 136
399 56
203 397
298 66
414 173
1066 336
1526 88
406 156
870 126
860 67
306 179
446 151
406 126
86 489
717 66
256 136
333 378
390 137
179 176
1063 449
809 86
496 138
669 86
770 128
159 567
406 156
491 66
1570 158
849 66
1556 586
456 121
456 106
306 179
990 586
468 206
2026 66
341 93
2301 176
446 151
913 417
241 66
406 136
176 506
406 156
406 106
2316 56
2406 106
396 91
960 126
740 86
142 328
470 106
870 66
441 66
446 151
696 56
424 136
870 126
474 538
406 96
294 156
188 86
1966 576
188 86
123 66
1526 606
975 86
470 287
256 126
321 66
811 486
470 126
1406 93
720 126
406 156
516 66
256 116
910 66
769 66
1998 86
1886 66
477 126
366 66
388 72
966 86
1126 56
558 97
406 156
1371 93
756 336
746 56
241 577
769 56
406 106
270 98
350 179
453 398
750 768
835 93
1871 66
706 141
390 137
356 116
393 126
870 126
620 157
1170 66
1006 93
338 66
668 166
838 176
202 894
1246 406
316 392
456 121
1550 93
756 336
2206 56
745 126
981 76
445 66
766 93
695 93
370 176
1739 64
180 453
620 157
758 146
386 121
388 106
506 48
2406 93
269 66
66 802
402 173
849 126
480 793
220 66
806 93
587 56
1048 86
881 467
271 93
341 530
420 306
501 66
86 288
870 126
767 137
747 328
812 86
855 66
953 86
680 76
657 146
950 51
565 66
220 66
829 528
241 66
406 156
540 206
261 66
256 136
2067 56
2402 56
266 106
1063 449
636 196
2006 93
824 106
521 66
695 93
252 93
501 66
406 106
868 93
600 157
1870 86
1077 86
849 66
1512 66
370 86
616 66
356 116
1598 246
470 106
286 136
538 66
1981 106
446 151
1406 93
872 86
341 93
516 137
1528 86
491 93
182 397
562 66
620 176
241 66
324 218
449 93
269 66
600 157
803 170
930 61
456 156
471 66
791 66
406 106
706 56
870 576
406 156
835 93
288 66
203 397
291 66
288 66
771 137
348 403
406 106
756 66
271 93
781 66
1752 93
408 106
393 126
406 136
491 93
695 93
549 97
456 156
126 427
220 86
446 151
558 97
456 206
378 87
758 66
1002 206
745 93
366 458
466 126
406 116
456 106
356 324
1390 466
666 424
396 106
509 76
1033 93
1370 93
341 93
786 56
491 93
489 86
812 203
876 106
2106 86
2005 66
251 66
256 106
919 126
202 894
2070 93
256 136
1570 93
808 136
531 66
123 918
406 156
913 417
511 66
547 56
471 93
286 156
785 76
447 106
309 137
389 87
421 66
696 66
890 126
1802 76
341 93
489 86
201 86
441 66
956 66
2382 556
491 93
770 128
256 179
833 307
887 203
306 106
1218 76
251 66
1036 356
421 56
396 106
305 56
421 66
565 66
1946 66
359 87
2326 93
2404 906
446 151
806 93
429 307
421 66
288 66
1020 66
796 124
750 126
338 56
417 116
1076 66
1962 61
359 87
256 146
756 556
898 66
344 126
990 126
431 66
338 56
455 226
766 93
750 93
491 93
870 66
1752 93
86 352
341 93
271 66
306 198
806 93
855 66
880 56
497 66
123 66
449 106
740 86
438 406
163 417
990 558
718 66
406 206
406 156
811 486
616 126
123 66
185 503
491 93
421 66
446 151
531 66
386 121
291 66
406 136
163 417
891 66
835 556
621 378
2402 56
509 76
421 66
406 156
489 98
163 586
238 76
428 96
606 86
876 106
438 406
1385 86
770 61
465 156
656 256
338 66
325 136
696 61
741 56
928 123
695 93
370 197
1788 66
1402 86
874 123
356 116
202 894
1570 93
399 56
620 157
1534 66
2402 56
528 56
743 86
2006 93
406 66
2286 48
290 206
123 918
424 136
600 157
2216 66
467 106
172 389
298 66
170 567
406 86
981 56
891 66
174 545
788 66
502 66
920 76
449 106
769 66
1906 286
356 206
576 239
892 123
781 556
491 93
254 76
509 76
406 56
870 576
470 530
417 116
220 86
1356 116
271 93
286 156
256 136
986 66
458 66
872 66
421 66
471 66
420 66
497 66
491 93
439 56
406 91
651 528
659 56
447 56
321 66
1556 586
876 106
906 56
406 126
600 176
531 66
126 427
406 156
378 87
666 86
781 486
1550 556
324 528
267 106
241 66
304 126
740 86
430 421
876 106
1030 86
178 620
549 97
406 106
812 421
386 121
474 457
766 93
682 66
298 66
567 93
1870 76
406 116
770 126
461 86
406 116
839 86
948 456
1070 106
406 116
1528 86
309 137
1179 76
486 56
818 66
556 466
818 586
448 468
716 206
449 93
424 136
2006 93
858 66
708 106
1820 93
1646 406
1290 93
406 106
378 225
406 156
399 56
406 91
345 535
2079 106
497 66
497 66
858 106
528 66
568 66
1966 56
1770 66
538 66
455 226
1030 174
1172 517
421 66
1030 56
1393 88
838 176
643 884
639 288
1140 76
1872 106
860 74
791 126
872 86
908 61
808 136
769 56
796 186
306 106
406 56
856 356
445 173
891 66
1770 336
393 86
540 93
1486 56
745 318
1340 256
835 93
978 76
392 87
570 891
797 66
808 136
406 116
1498 356
960 66
1550 93
868 556
1450 76
251 66
784 56
366 106
344 126
406 106
446 86
420 86
500 126
1002 93
771 137
730 236
491 93
421 66
202 894
511 66
170 196
163 417
491 93
2048 336
406 56
1385 76
910 66
480 452
271 93
470 106
2236 86
170 567
343 156
350 179
487 186
321 66
480 56
146 466
241 66
2064 86
327 96
420 278
343 156
726 134
1872 106
2070 93
491 93
306 93
406 86
784 179
304 126
797 126
600 176
