1500
1220 2440
169 386
453 398
1770 93
288 66
198 323
420 336
486 438
2406 106
328 66
368 86
696 88
482 86
406 156
491 93
491 93
356 106
702 353
1550 436
388 76
456 106
621 378
1266 66
306 93
1752 93
558 97
2056 93
2070 93
486 56
870 106
1506 420
356 116
393 889
2382 556
558 97
928 123
422 398
180 453
781 66
486 486
872 64
1048 86
306 179
855 126
891 126
506 406
508 126
386 121
256 116
406 106
586 106
1210 324
486 56
161 450
775 166
417 116
491 93
1033 93
921 86
306 179
1506 420
600 176
808 136
643 884
880 66
2012 151
1007 106
330 166
2103 556
185 503
521 66
520 517
809 86
2326 126
856 88
624 175
1528 86
1030 86
406 156
340 93
429 468
320 86
1536 171
855 66
409 76
309 137
470 106
271 93
789 137
860 67
870 106
696 88
990 126
770 86
888 76
481 93
2093 556
774 179
471 66
530 106
938 106
430 421
406 126
396 166
2406 93
534 61
587 56
713 86
844 123
620 106
1406 93
1007 106
406 56
406 106
788 66
811 66
343 156
491 93
870 308
787 86
469 106
528 66
388 72
470 76
784 179
256 136
870 66
809 156
870 93
895 86
470 287
431 66
486 106
406 136
1155 156
452 86
1076 256
1041 56
549 97
113 427
406 156
406 116
471 66
283 611
717 126
339 66
808 136
2091 66
406 106
165 553
781 66
520 517
719 172
406 156
990 56
491 93
291 66
600 157
320 88
241 66
439 56
456 66
1895 86
202 894
406 156
716 90
606 66
620 93
570 86
511 93
845 126
663 66
835 528
139 413
178 620
927 256
366 66
860 56
467 106
1731 66
409 76
406 156
511 66
420 106
499 56
562 66
990 66
489 98
747 318
256 93
348 146
252 93
392 87
810 66
1713 116
875 66
2067 56
870 66
343 156
870 106
1382 66
930 86
136 185
812 421
406 156
2402 56
497 66
2226 348
339 146
308 106
771 137
406 116
325 136
477 126
812 86
2370 106
600 157
639 288
458 86
468 66
146 466
446 126
558 97
320 276
342 166
876 86
501 66
406 106
1608 106
620 93
663 478
441 66
2073 66
491 93
406 91
506 94
750 126
538 66
668 166
241 66
975 86
359 87
341 353
356 558
1703 66
666 146
806 93
268 76
870 93
445 66
1666 86
202 894
1836 56
163 417
406 116
1752 93
1598 246
2070 126
860 156
1260 346
1007 106
406 156
700 318
343 156
406 136
406 186
870 126
471 66
981 66
291 66
600 176
396 106
281 66
778 66
320 86
2070 126
406 106
870 126
549 97
421 66
170 567
439 56
491 93
656 196
687 184
417 116
286 56
695 93
2012 151
348 146
747 318
491 93
823 76
1546 414
860 74
1000 93
467 163
889 406
1167 76
620 93
870 576
620 176
429 468
1000 126
896 203
791 126
667 536
811 66
511 66
657 146
887 203
770 93
558 97
1179 76
516 306
392 183
656 126
2026 66
838 176
290 206
422 126
1890 61
291 66
1382 66
298 66
2070 93
780 197
818 66
343 156
371 536
1380 66
516 66
491 93
2064 86
341 93
406 86
406 156
2382 576
161 449
338 66
981 76
1210 426
743 86
456 106
1665 86
2286 48
366 106
256 146
452 86
928 123
470 66
408 106
906 66
1170 126
745 318
248 66
406 56
639 56
1091 66
1041 56
444 137
808 187
835 93
316 392
656 126
655 66
2048 336
924 66
420 106
663 66
874 123
456 66
406 136
2408 56
391 97
2190 86
186 285
516 66
1426 71
1221 56
706 206
424 136
456 146
486 56
2316 56
880 66
261 66
406 156
1606 426
206 66
695 56
620 157
420 278
732 137
343 156
508 126
252 218
981 56
2266 66
1582 86
816 183
791 126
781 66
406 166
611 257
1048 86
532 158
509 76
1870 86
422 126
1506 106
811 66
420 106
565 93
393 126
325 136
888 307
808 136
2406 93
489 98
343 156
802 366
1419 56
391 66
1106 61
304 126
288 246
446 151
501 66
388 72
1752 126
371 126
1000 93
320 107
663 66
842 137
688 66
829 528
306 106
86 489
889 406
170 567
341 93
798 453
1210 93
540 206
344 136
1210 126
359 87
2044 106
812 56
444 137
252 246
781 556
170 567
594 66
1416 176
1480 728
1008 46
386 121
1820 93
848 453
2012 151
291 278
406 156
853 76
406 156
2216 95
839 86
682 554
491 66
892 123
456 106
511 66
1770 66
1601 381
185 503
785 76
812 203
1416 106
371 66
491 93
695 93
565 66
501 46
1733 86
910 126
267 106
1006 86
829 93
344 136
888 126
1076 66
458 66
1406 93
306 146
491 93
448 468
406 106
456 121
406 56
695 56
1167 76
383 277
406 156
1616 66
2402 48
666 146
870 126
406 146
1536 66
829 556
810 506
371 66
420 336
406 206
406 156
717 66
736 107
441 66
516 306
436 66
640 56
906 93
2026 66
758 146
406 136
781 93
294 156
2116 61
710 66
251 66
343 156
66 536
540 206
547 56
891 390
406 96
309 137
959 66
421 66
538 66
786 56
950 106
398 93
2070 93
1206 48
542 86
2326 126
740 106
536 56
309 137
565 66
376 97
325 136
321 66
328 256
2026 56
366 56
690 86
2070 93
874 123
174 545
415 66
872 61
966 86
2070 126
1550 93
778 56
1170 66
356 116
1770 336
445 328
819 66
517 93
1030 56
791 126
456 436
1556 66
1030 56
1260 156
446 151
256 136
768 555
402 126
256 116
1170 66
441 66
2206 56
392 87
706 225
1382 66
778 66
182 403
487 86
326 66
241 66
378 87
388 72
621 378
810 506
341 93
687 184
172 363
811 66
568 56
350 179
898 106
206 66
788 66
1410 126
760 156
271 93
1030 56
696 156
680 66
928 123
695 556
406 106
888 576
267 106
830 433
786 56
163 417
406 156
1556 93
1063 453
1550 93
419 86
835 93
506 66
1210 545
486 56
565 126
2411 58
1870 76
2116 56
445 66
990 66
851 137
2006 406
256 146
906 66
306 106
445 86
396 106
2406 56
771 137
835 123
306 126
906 156
811 486
308 106
745 126
870 126
86 489
1140 76
286 56
321 93
406 106
316 66
567 93
470 66
819 93
1290 93
600 93
391 97
756 336
506 48
397 87
1382 76
486 56
66 802
971 126
420 308
406 156
172 363
750 148
379 225
306 179
306 93
413 106
2106 106
663 187
920 76
540 205
1506 66
741 61
928 123
406 156
414 76
547 56
835 93
818 66
380 76
486 486
406 156
341 93
270 106
1500 56
2216 336
318 106
424 136
663 126
408 136
445 173
252 93
1167 76
770 86
525 173
1416 176
408 136
1895 86
870 106
327 96
516 414
2286 48
620 176
818 586
870 66
377 56
1020 66
2106 306
471 66
868 93
356 286
1962 61
424 136
798 449
148 535
710 93
386 121
1155 156
359 87
876 106
393 126
1418 66
388 106
887 203
393 126
453 398
808 136
870 56
469 106
251 66
1666 61
2226 556
406 126
656 196
491 93
869 86
491 93
477 126
2161 56
431 66
341 93
532 158
1555 372
2406 88
1326 66
446 151
416 76
86 239
1370 93
1210 545
1170 126
663 66
86 268
1290 93
1820 93
2016 151
713 86
750 138
1076 66
1206 93
202 894
769 126
668 166
785 76
406 146
845 126
388 72
406 186
1836 61
185 503
480 452
396 106
496 76
436 66
536 56
1598 106
939 86
1170 126
1007 106
456 106
406 186
2402 56
950 51
1385 86
339 68
843 187
767 137
406 56
1055 126
586 106
390 137
456 106
469 106
417 116
202 894
830 86
920 76
445 548
491 93
870 86
158 468
199 356
1007 106
322 97
406 156
1206 61
341 93
456 106
367 86
420 106
811 486
356 176
870 66
1306 56
224 429
470 76
396 106
818 558
823 76
231 76
2048 336
271 93
2266 66
898 278
491 93
920 76
491 93
975 86
1970 156
406 126
1550 93
456 156
471 66
657 146
436 66
271 93
1155 156
536 56
1950 46
839 86
343 156
271 93
746 586
261 66
530 158
480 452
776 56
580 76
367 88
389 87
1506 420
481 93
769 56
198 323
1570 93
1391 106
732 137
2005 66
1260 66
990 66
547 56
402 173
1731 56
941 66
356 116
842 137
1651 106
870 66
391 97
370 197
859 86
981 76
726 134
2070 126
540 205
1056 106
842 137
386 121
341 93
1126 56
371 508
600 157
1659 398
420 286
158 285
406 93
1276 166
990 66
456 156
811 66
547 56
491 93
845 126
383 277
745 346
506 406
639 48
359 87
2423 93
620 157
2402 56
256 288
530 396
2426 56
621 378
808 136
695 556
172 469
791 126
376 60
813 360
960 66
491 93
706 56
406 186
406 96
957 66
931 93
343 156
224 429
769 56
256 136
406 116
261 66
393 889
291 278
729 86
620 93
2170 142
456 146
471 66
283 87
420 86
906 66
444 137
474 61
406 156
547 56
491 66
486 486
1288 86
449 93
402 173
378 87
306 93
1508 56
809 86
339 66
1713 116
695 93
455 226
870 66
769 66
386 121
456 106
805 56
921 86
769 86
202 894
406 106
758 146
489 98
356 116
165 553
656 126
1251 347
1000 93
356 206
797 66
406 146
2288 48
556 60
898 106
471 93
768 126
1135 76
682 581
354 121
1829 138
838 176
530 396
386 121
1000 556
256 136
1241 131
2402 56
1920 91
422 419
556 66
600 157
620 157
531 66
816 183
406 106
306 106
1900 98
639 48
329 136
256 126
406 126
718 66
419 528
406 116
471 66
456 121
803 170
781 486
256 146
2406 88
370 66
620 157
750 93
346 535
496 135
1131 188
565 126
1586 56
868 556
990 66
769 66
422 126
406 86
540 206
531 66
1290 576
206 66
298 66
481 66
406 86
803 106
856 126
531 66
406 183
312 68
813 360
1375 700
1143 198
830 86
845 66
887 203
220 66
469 106
919 93
758 146
519 56
429 468
816 616
456 156
348 403
306 106
856 356
612 257
291 278
770 126
123 66
511 66
1826 66
540 206
628 126
415 66
736 107
2005 66
981 56
874 123
1135 76
356 286
456 146
406 156
1025 453
178 620
306 126
620 157
256 126
406 156
158 468
356 176
769 66
406 56
796 106
1546 414
620 157
438 406
783 68
1820 66
270 106
458 66
830 76
771 137
417 393
888 307
181 436
2044 106
808 136
1406 93
835 56
383 277
948 126
906 66
848 453
741 91
406 106
108 427
326 66
501 66
2396 56
206 66
456 156
256 136
271 93
406 106
344 126
768 93
532 86
366 66
1426 64
457 106
835 556
408 136
906 93
406 106
696 56
256 136
778 66
182 397
420 308
1246 406
808 136
1470 136
882 86
447 56
453 453
324 528
732 137
388 86
163 417
496 76
1906 106
406 136
906 93
2368 468
446 151
409 76
570 66
2026 56
717 126
482 86
306 198
2126 46
716 106
181 280
491 93
651 528
1486 56
450 56
1651 66
937 158
891 66
338 76
123 936
455 86
333 378
556 61
809 86
306 146
1416 176
1056 246
406 136
812 203
703 288
377 56
139 413
406 66
844 123
347 66
251 66
388 66
1020 56
183 397
396 106
148 535
1398 600
716 90
446 151
290 206
308 106
771 137
868 93
769 126
406 156
703 288
158 305
706 86
891 126
1406 66
766 93
746 556
1402 86
409 86
870 106
874 123
657 146
445 66
1206 66
406 156
306 146
1063 76
784 179
663 66
1582 86
860 156
408 136
892 123
426 506
720 308
220 86
990 586
778 66
2106 86
491 93
506 406
835 56
1872 61
829 556
2156 60
390 137
621 378
783 179
438 436
870 126
2060 66
547 56
471 66
1002 93
824 106
1908 86
1241 131
639 288
799 76
491 66
471 66
966 106
421 66
640 87
446 151
1210 324
808 187
366 556
2406 106
471 66
1966 576
950 126
519 56
389 87
2402 48
406 186
2116 61
1612 93
1172 517
1956 191
829 93
406 116
797 126
842 137
388 66
716 106
1406 56
652 66
2382 556
758 72
232 824
421 66
1752 93
600 157
448 468
320 126
2406 88
818 586
256 116
511 66
1055 66
356 93
390 137
824 527
470 286
378 87
446 151
400 86
280 93
873 93
453 398
1140 76
835 93
406 56
769 56
835 93
436 66
870 126
370 93
1326 66
2208 66
906 156
703 442
406 136
869 86
286 136
421 66
1570 406
1266 81
870 126
2121 56
405 162
937 158
540 206
1406 66
870 66
639 288
756 66
1910 66
406 156
396 91
791 126
511 66
663 156
486 56
406 156
163 417
406 106
471 66
2071 46
2280 66
396 91
2066 506
808 136
651 528
521 66
424 136
256 136
306 93
186 285
1441 66
183 743
830 86
1709 56
470 126
881 356
2226 348
445 173
703 442
708 106
325 136
386 121
845 126
2011 66
1260 66
2291 56
1056 246
663 66
395 93
329 76
406 93
523 133
948 61
406 136
1306 64
516 56
511 66
606 336
268 56
306 179
930 61
406 156
1556 106
325 518
455 226
1000 93
2126 546
732 137
565 66
870 336
356 106
338 146
406 156
1802 76
408 136
803 170
348 403
788 88
785 76
741 61
404 66
568 66
406 156
767 137
226 196
904 406
306 336
482 86
404 66
339 68
182 338
286 156
2070 93
341 93
2406 106
406 106
785 66
761 93
2156 60
202 894
406 93
1416 176
666 86
406 56
798 453
888 66
413 156
950 66
797 188
562 66
880 56
402 173
906 356
1808 346
406 136
746 56
370 66
783 179
1701 246
348 403
448 468
521 66
445 66
446 151
868 126
158 285
123 936
676 106
406 136
1406 66
391 97
471 66
1616 66
600 157
806 93
406 106
174 307
420 566
937 66
855 126
1260 156
486 486
344 136
1659 398
356 116
797 216
720 126
356 66
516 414
420 106
256 970
220 66
828 66
746 56
455 206
1770 93
386 121
486 56
746 56
1306 66
2406 66
639 288
406 116
367 106
396 106
528 86
206 66
780 197
875 365
406 116
1462 306
2021 66
508 306
756 56
406 146
406 106
1288 86
