640
1220 2440
480 402
1338 256
2292 427
348 403
449 93
745 318
539 503
1936 426
336 286
336 286
848 453
224 429
778 486
1556 586
2382 556
486 486
606 336
680 581
516 391
1088 326
706 225
809 106
86 489
1236 306
769 486
570 237
906 456
440 548
480 793
480 793
1944 91
747 318
356 206
666 424
663 506
178 115
1506 241
902 358
667 528
383 277
913 417
1056 246
530 406
379 225
1770 1010
931 306
453 398
2226 556
710 241
1036 356
1290 576
224 429
347 506
422 398
386 121
720 308
1598 246
667 556
346 256
377 56
904 406
1659 398
1570 406
333 378
422 419
325 518
806 106
593 417
484 576
356 236
480 402
1688 106
480 402
2048 336
448 468
480 402
429 307
516 391
306 336
2382 556
161 450
1002 556
875 465
1701 246
420 566
456 436
1066 336
406 206
491 93
656 256
366 458
556 546
438 406
739 285
990 558
1355 386
420 308
812 421
370 255
750 768
2402 576
252 218
470 286
480 793
700 318
520 438
720 308
1506 241
452 1206
913 417
436 286
806 286
549 97
1066 336
606 239
252 246
833 309
756 556
446 386
420 306
804 406
750 768
420 336
870 336
1290 93
1546 414
1030 336
1506 241
1246 406
781 536
346 535
310 236
379 225
453 398
786 236
692 587
470 286
420 278
1210 545
898 278
256 970
910 576
420 306
206 317
2382 556
458 406
870 336
438 406
420 306
348 403
486 486
913 417
621 378
769 486
232 824
222 433
256 970
1071 285
810 478
957 456
370 356
919 556
1076 256
316 392
919 528
1002 556
324 528
320 258
770 241
888 336
695 556
1636 366
1000 528
970 567
663 506
255 383
1538 385
770 556
779 545
2216 256
420 308
888 307
870 308
283 612
2126 546
333 378
670 238
1404 468
776 76
818 586
621 378
549 97
1206 48
1416 176
320 258
870 336
1636 366
1534 48
1289 402
1260 326
406 146
320 296
356 206
651 528
370 255
252 218
2011 556
420 306
1636 366
430 407
1659 398
811 66
2226 348
798 453
456 336
663 506
666 424
891 576
2216 336
606 566
492 558
1340 256
2216 336
324 528
565 358
2106 306
516 584
906 356
797 328
406 126
383 277
348 403
656 256
436 458
1375 700
333 378
2326 556
2126 546
1063 449
2226 556
458 406
812 421
1966 206
1598 246
565 386
1570 406
960 566
420 308
449 556
356 206
471 66
797 216
341 530
486 486
398 93
881 356
811 486
420 308
845 393
806 286
450 428
1040 616
720 335
438 406
670 575
383 277
2292 346
470 377
1966 206
441 358
576 239
1103 465
1135 76
406 545
2326 768
870 86
786 566
781 556
646 586
2126 546
221 389
1438 625
241 66
891 576
588 256
2226 556
516 306
516 414
1066 336
438 406
818 558
565 386
1398 620
906 356
781 508
438 406
356 196
348 403
1910 66
406 186
812 421
2348 536
370 255
288 246
2048 336
588 256
739 285
470 286
1970 336
408 556
486 56
888 307
172 363
700 336
420 308
2292 472
682 474
1788 356
606 278
291 66
508 306
289 1172
252 487
420 308
2216 256
2382 556
422 398
888 307
682 581
330 436
770 241
891 548
781 556
663 506
1659 398
1390 466
981 286
411 528
483 558
1210 546
1063 449
370 256
1041 56
491 93
1970 286
406 86
888 548
720 308
448 468
695 93
753 354
745 318
706 206
667 536
1526 606
523 133
1966 206
370 255
256 970
370 356
798 453
797 328
783 528
769 126
568 216
588 256
888 336
252 246
336 286
1550 556
756 336
319 258
769 66
2326 556
470 286
341 530
424 136
456 336
824 527
829 556
802 366
756 556
1598 246
1701 246
348 403
516 306
252 246
453 453
221 389
927 556
1755 430
848 453
2226 556
1398 600
733 620
848 453
666 424
420 278
781 536
1290 576
422 419
1646 406
1350 76
806 286
2048 336
1390 466
241 575
797 356
718 399
453 363
438 406
1755 360
670 575
474 538
256 970
868 556
320 76
1055 381
639 288
528 66
1570 406
761 486
370 356
695 528
393 889
316 392
341 530
356 206
565 358
919 556
1236 306
853 385
516 391
1570 406
480 402
1390 466
319 258
448 468
695 528
419 528
406 156
769 66
804 406
455 226
543 435
729 556
870 336
802 366
486 486
990 558
870 548
881 467
1506 420
422 548
383 277
429 307
1290 576
1063 449
2326 556
1210 545
1555 372
816 406
906 468
486 486
1246 406
829 556
639 288
408 556
1970 286
328 307
422 398
383 277
2368 468
319 258
415 307
429 307
406 156
333 378
667 528
508 206
366 556
1570 406
1550 556
1290 576
291 93
888 336
612 257
306 336
838 176
1606 426
453 398
890 781
2066 506
491 66
348 403
1438 625
1210 324
456 206
1210 545
666 424
1056 246
2216 256
1826 449
232 824
438 436
1391 406
232 824
875 365
818 558
455 206
421 66
2216 336
423 310
224 429
750 768
1550 436
1071 285
720 308
770 271
1063 453
906 468
611 257
756 556
456 336
456 336
291 278
458 406
1550 420
252 246
291 66
550 770
770 556
1025 453
2348 536
2226 556
651 528
397 225
483 558
356 556
499 56
868 556
445 548
1066 336
2326 768
1071 285
798 453
438 406
1210 426
429 307
346 278
291 278
2402 576
990 558
370 256
889 406
2070 556
1063 453
543 435
769 486
881 467
1140 76
2068 468
341 93
1701 246
810 506
913 417
421 66
458 406
356 558
556 546
370 329
366 486
745 318
420 330
429 468
370 197
438 436
430 407
806 236
1131 306
588 256
747 318
539 503
678 66
422 398
1289 402
2402 576
333 378
1063 449
710 196
888 576
1020 66
553 489
870 336
680 581
568 206
720 335
384 456
818 558
570 237
948 456
745 318
1002 556
798 453
833 307
733 600
222 433
921 86
750 768
356 286
666 424
798 453
1526 606
348 403
770 556
320 296
768 556
486 438
1770 336
470 66
2093 556
492 558
1289 402
1210 406
706 225
1293 56
1246 406
768 556
716 206
370 356
438 406
888 307
1555 372
376 206
455 226
2348 66
445 66
695 528
816 538
324 528
