640
1220 2440
1071 285
811 486
348 403
516 414
781 356
745 318
448 468
438 436
310 236
453 453
370 255
1236 306
888 336
506 396
667 528
333 378
474 457
508 206
420 336
2006 93
700 318
768 556
2382 556
995 307
606 336
612 257
470 258
611 257
656 256
438 406
818 558
706 206
667 528
802 366
486 486
1063 449
356 206
651 528
750 740
904 528
419 528
320 258
889 406
1071 285
625 353
420 306
520 438
1970 336
348 403
870 336
1289 406
888 336
131 1163
319 258
2402 576
818 323
1636 366
1611 859
2126 546
779 545
2368 468
2068 468
516 391
430 421
328 256
1290 576
306 336
680 581
2348 536
376 206
1970 336
339 146
663 478
2068 468
1565 561
1290 576
288 246
813 360
784 179
990 586
913 417
888 336
406 206
733 600
468 206
1002 556
1172 517
1172 517
950 51
770 241
2126 546
913 417
869 556
680 474
446 386
1940 538
888 307
1666 61
891 576
856 356
1063 449
520 438
884 370
406 206
870 106
761 93
740 770
1506 241
913 417
855 126
1063 449
868 556
1338 256
516 414
700 318
1843 575
770 217
359 87
386 121
870 308
553 489
663 506
1210 406
612 257
379 225
2093 556
420 278
556 546
758 146
516 391
2326 556
2126 546
438 406
470 530
2190 406
346 126
2402 576
803 421
336 286
341 530
298 66
1659 398
565 358
819 356
747 318
356 324
835 528
565 358
1966 206
261 66
252 218
492 558
783 308
721 356
383 277
370 255
224 429
320 296
720 308
570 891
818 586
506 158
420 278
320 258
390 86
666 424
2292 427
695 93
404 486
470 287
553 489
919 556
2326 768
666 556
804 406
1646 406
1063 449
2326 556
870 336
606 586
516 306
803 383
429 468
486 486
422 398
888 307
224 429
325 518
746 556
469 106
706 225
663 506
445 548
919 126
906 356
356 206
2103 556
621 378
529 469
366 486
449 556
319 258
255 383
1659 398
745 318
1506 420
1570 406
2126 546
853 403
746 556
539 503
543 416
806 286
881 356
486 486
1636 366
639 288
884 370
319 258
319 258
1172 517
456 336
2226 556
606 239
2348 536
508 306
1210 426
2226 556
990 586
2368 468
1289 406
1390 466
856 356
2226 556
348 403
870 308
486 438
756 556
1030 336
770 253
606 566
516 391
739 285
206 317
440 548
835 528
448 468
345 535
777 203
480 402
406 126
990 586
667 536
486 486
1506 241
2093 206
241 66
870 420
429 468
486 486
1820 93
516 391
750 768
643 884
768 556
320 1150
379 225
456 336
319 556
453 453
324 528
456 336
2093 556
1402 86
1210 545
438 406
333 378
445 173
491 66
1289 406
2292 472
1340 256
820 337
670 238
739 217
747 328
325 518
1970 286
406 206
1788 356
341 530
328 307
320 258
888 307
990 586
470 106
256 146
856 356
1356 306
155 463
898 278
1752 336
429 468
283 612
812 407
1063 449
2067 56
771 137
492 558
1636 366
778 486
893 356
593 417
835 556
1546 414
870 93
324 218
1556 386
348 403
816 216
448 468
646 586
853 428
1246 406
420 336
1066 336
1066 336
300 267
422 548
1066 336
720 335
1172 517
252 246
429 307
990 586
888 548
960 566
2402 576
356 206
348 403
818 558
366 556
396 166
890 781
1970 286
1210 546
818 586
1550 436
824 527
703 442
769 265
600 93
1066 336
429 307
733 600
520 438
874 123
881 467
573 326
1598 246
881 467
2216 256
1970 336
420 336
406 206
2190 406
888 336
486 486
565 358
570 891
291 66
990 558
452 1206
256 970
888 336
516 391
588 256
750 740
252 218
818 586
1546 414
450 66
1659 398
1973 489
406 206
745 318
346 535
529 469
781 556
1970 156
906 456
750 768
336 286
420 306
756 336
853 385
1172 517
746 556
397 87
2226 556
480 793
1966 576
2326 556
692 587
256 288
797 328
639 288
756 336
2103 556
370 356
1289 406
706 225
761 486
747 328
1550 436
779 545
888 307
720 336
470 258
319 258
570 237
1718 625
393 889
670 575
1646 406
960 566
1290 576
919 528
516 414
346 535
884 370
1498 820
371 66
370 255
1210 426
666 420
404 486
1246 406
420 336
756 336
2388 86
770 241
422 419
341 93
858 76
324 528
453 453
530 396
750 740
870 336
1970 286
356 324
1550 436
1506 241
456 336
420 336
593 417
797 216
142 328
1770 326
606 336
670 575
1770 336
1966 206
870 336
703 288
975 86
309 237
1895 206
902 358
811 486
812 421
1172 517
420 306
720 308
1770 326
1550 436
470 286
1636 366
423 310
1210 546
2210 206
2093 206
1808 346
356 324
367 88
324 218
1236 306
2216 336
1172 517
1260 456
868 555
706 576
703 446
396 106
516 391
470 286
1739 66
743 337
423 310
1210 545
606 239
348 403
320 258
2326 556
606 566
816 216
1390 466
2382 556
420 93
402 889
906 456
769 486
1210 545
221 389
356 206
553 489
429 307
471 66
781 508
420 417
1755 430
1770 336
1289 393
366 556
2216 256
553 433
1556 586
904 406
570 237
960 566
888 307
990 586
448 468
408 556
556 546
455 528
422 398
449 556
412 528
503 576
720 336
320 296
1550 436
508 126
486 438
570 891
621 378
2216 256
348 403
1770 336
573 326
770 356
621 378
344 126
186 285
808 136
573 326
798 449
1659 398
1508 56
812 421
417 393
745 346
798 453
283 611
856 356
1550 556
283 611
666 424
703 446
769 486
543 416
829 556
409 76
320 258
2368 468
818 558
348 403
420 306
820 356
2206 56
990 558
486 486
1025 453
667 536
798 453
370 329
259 377
888 307
516 584
558 97
402 889
1063 449
2326 768
429 307
2382 556
593 417
816 538
1088 326
906 468
2326 556
255 383
870 336
480 402
1210 426
1570 93
306 336
898 278
651 528
706 66
730 217
448 468
643 884
2368 468
348 403
291 66
706 576
306 126
804 406
420 66
438 436
1701 246
406 545
888 576
1210 545
1404 468
474 538
1210 324
744 347
430 421
370 255
516 414
252 218
470 258
1260 956
565 386
480 402
2402 576
1055 353
