640
1220 2440
1290 576
1480 728
981 286
868 555
1338 256
420 278
798 449
1970 286
1636 366
715 516
1755 360
1550 436
888 548
320 296
252 246
2093 206
829 528
803 383
420 308
1056 246
797 216
902 358
1338 256
1210 426
703 288
848 453
310 236
224 429
256 106
1940 538
948 456
448 468
700 318
875 365
606 336
422 419
309 237
319 258
1770 1010
833 309
1063 449
348 403
1480 728
639 288
283 611
1390 466
769 555
520 438
2266 66
406 206
1788 66
651 528
2104 705
868 556
444 137
316 392
818 558
2326 556
320 76
806 286
438 436
384 456
506 396
848 453
695 556
2216 336
2326 556
829 556
1752 93
422 398
656 256
379 225
422 398
520 517
666 556
2216 336
906 468
1188 66
829 528
888 307
1210 546
1390 466
746 556
420 336
781 556
770 241
319 258
1565 561
316 66
418 66
2068 468
2216 256
1025 453
927 556
336 286
458 66
448 468
438 406
904 406
1755 360
781 486
816 183
1289 406
553 433
508 206
593 417
553 433
768 93
889 406
783 308
333 378
1770 336
422 419
1616 106
1966 576
316 392
356 206
1506 420
1210 546
540 206
570 237
829 528
853 385
436 458
1770 336
1550 436
621 378
1210 545
448 468
1755 430
402 889
2093 556
884 370
448 468
1290 93
319 258
2292 427
1555 372
1055 381
593 417
291 278
422 398
2326 556
906 468
445 173
458 406
888 576
870 336
2103 556
778 486
2292 472
804 406
746 556
1210 324
356 116
1970 336
990 558
813 360
695 556
888 336
667 536
441 360
436 66
1288 126
553 489
1340 256
853 385
888 307
420 308
818 558
2382 556
990 558
888 307
1104 576
625 353
456 206
798 449
539 503
310 236
904 406
761 486
1526 606
406 545
2326 556
2190 406
1040 616
806 856
553 489
1556 586
888 336
2402 576
700 318
397 225
333 378
770 296
306 126
384 456
606 336
682 581
720 335
756 556
829 556
769 486
666 424
1030 336
695 528
393 889
839 286
703 442
2382 556
1251 61
1066 336
300 267
1040 616
783 548
422 398
1755 360
406 156
328 256
893 328
990 586
383 277
938 386
320 258
781 508
252 218
1550 556
797 328
2292 472
888 336
241 577
1973 489
1210 545
1290 576
1973 489
420 286
1906 286
480 452
1172 517
620 570
319 258
703 442
345 535
474 538
516 391
370 255
902 385
651 528
1550 556
889 406
667 528
430 421
206 408
910 467
1970 336
1210 546
474 457
721 356
429 468
1236 306
657 146
417 116
1701 246
1028 421
1555 372
1289 393
770 556
769 486
1066 336
1290 576
470 530
306 93
848 453
446 151
1546 414
291 278
1606 506
330 436
570 256
256 288
1636 366
345 535
441 358
348 403
420 286
952 746
670 575
470 286
770 253
2048 336
888 307
1659 398
429 307
818 323
486 486
798 453
663 506
291 278
520 438
291 278
870 336
378 225
470 377
770 556
990 558
1290 576
406 106
906 468
448 468
811 486
252 246
835 556
747 318
1716 216
356 558
370 255
588 256
798 453
2404 906
420 308
359 87
370 255
458 406
829 556
891 556
565 386
860 56
1098 365
1066 336
420 306
1246 406
745 318
839 286
1555 372
1063 449
1556 386
783 308
1289 393
429 307
383 277
2066 506
870 308
769 555
891 390
429 307
413 136
320 258
606 336
745 318
1546 414
1398 620
1526 606
402 889
291 93
576 239
348 403
888 307
320 296
456 356
2068 468
348 403
1586 63
224 429
1940 538
2368 468
650 393
835 528
429 307
811 486
1770 1010
1404 468
1770 326
325 518
496 61
884 370
1966 576
232 824
370 329
2216 256
806 286
320 258
2104 705
320 258
593 417
346 535
2226 556
651 528
1210 545
448 468
570 237
429 307
470 286
452 1206
2070 556
913 417
733 620
2151 46
639 288
696 88
990 586
324 218
2259 555
739 217
1966 206
430 421
1606 426
480 402
870 106
856 356
663 478
341 93
516 391
781 536
2326 768
306 336
370 256
438 406
406 156
420 306
695 528
232 406
252 246
812 421
438 406
2106 306
383 277
745 318
320 217
960 566
429 307
449 106
756 556
252 218
356 206
1206 93
470 287
868 556
186 285
593 417
480 402
408 556
891 256
666 424
288 246
429 468
356 286
703 442
1550 436
2292 427
639 288
1659 398
2036 566
2126 546
2382 556
768 556
2216 256
422 419
1534 48
556 66
420 308
458 406
320 258
781 556
348 403
703 288
1210 546
1808 346
370 237
1290 576
2382 556
1755 360
348 146
1970 286
888 576
718 399
1546 414
1506 342
1550 93
1068 286
621 378
516 414
746 586
2382 556
378 225
456 206
880 56
1340 256
256 970
2103 556
170 196
453 398
2190 406
733 600
1506 420
445 548
1419 456
2048 336
565 386
1836 61
1290 576
2368 468
324 218
816 406
468 206
420 330
1550 556
420 267
888 336
2292 427
386 66
750 768
420 308
1066 336
320 258
870 308
1506 241
1550 420
816 216
781 536
1210 426
452 1206
870 308
267 106
1336 241
890 537
516 391
830 76
1940 538
1550 556
348 403
325 518
703 442
1210 324
320 258
456 356
2190 406
409 251
570 256
316 392
324 528
666 556
348 403
783 528
611 257
570 891
320 258
1546 414
676 82
2216 336
1236 306
436 66
477 126
370 255
565 358
422 419
682 581
397 225
384 456
2402 576
469 106
750 740
1210 545
1752 336
904 406
781 1170
1063 449
829 528
383 277
283 611
621 378
281 66
346 256
480 452
1071 285
516 391
733 600
565 358
1338 328
783 548
888 336
439 66
1056 246
420 336
783 308
320 258
1881 56
221 389
422 548
348 403
375 527
1289 393
1606 426
1172 517
868 556
319 258
556 546
241 575
1966 576
809 86
497 66
530 396
1546 414
1131 306
606 278
378 225
470 106
1598 246
559 206
902 358
812 407
870 420
750 730
881 781
593 417
423 310
2066 506
420 308
695 556
835 556
789 137
1055 66
1290 576
1973 489
2068 468
813 360
663 506
570 256
411 528
480 402
819 332
856 356
1290 576
730 236
888 548
486 486
746 586
1826 449
123 66
756 556
891 548
