640
1220 2440
682 581
356 324
1002 556
2036 586
1703 66
870 308
868 556
835 123
486 486
1555 372
860 74
770 241
2382 556
508 306
812 421
429 468
1338 256
288 66
990 558
252 246
448 468
2216 336
812 421
1290 576
1770 336
406 136
745 346
433 156
818 558
310 236
2216 256
913 417
1406 66
429 307
881 467
812 421
1063 453
324 528
356 324
206 426
1036 356
663 506
1236 306
781 536
770 253
870 308
746 556
2048 336
384 456
455 226
706 576
1636 366
721 356
1526 606
2406 581
356 556
906 356
1289 402
2382 556
502 66
480 452
320 258
783 308
356 286
811 486
241 577
1555 372
1030 56
338 76
437 528
770 241
703 288
927 556
1056 246
333 378
383 277
267 106
1550 420
848 453
1210 406
2382 556
409 251
486 486
1290 576
565 358
1546 414
818 558
341 353
328 256
783 548
1906 286
366 486
666 424
868 555
259 377
383 277
756 556
797 328
784 56
651 528
356 206
553 433
506 396
520 438
480 793
1646 406
1755 430
769 555
813 360
370 255
480 402
667 536
706 206
406 206
2402 576
480 402
384 456
306 336
252 246
341 530
224 429
445 66
1970 286
456 156
291 278
1066 336
383 277
1550 556
1506 420
1538 385
2190 406
453 398
1056 246
769 486
448 468
1066 336
682 66
1289 393
2326 556
1290 576
556 546
1063 449
341 530
1659 398
422 419
870 308
406 545
508 206
906 286
1570 406
2106 306
770 217
406 146
486 486
409 251
813 360
2106 306
875 66
695 556
268 56
1555 372
1646 406
449 556
289 1172
770 296
1506 420
1103 465
341 530
252 246
2226 556
776 241
492 558
86 268
232 406
370 256
706 576
2070 93
371 536
306 106
919 528
1336 241
441 360
870 548
336 286
1390 466
553 489
1438 625
2326 556
453 453
480 452
1752 336
829 556
1606 426
1570 406
456 336
530 396
2326 556
1066 336
520 517
1218 76
745 318
252 487
486 486
1550 556
306 336
713 106
316 392
824 527
333 378
520 517
420 278
1480 728
706 206
420 566
703 288
430 407
420 278
853 937
720 335
379 225
422 398
2216 336
761 486
990 558
406 206
783 528
224 429
1721 56
383 277
1289 393
2382 556
1376 256
397 225
1131 306
356 286
1398 620
829 93
746 556
348 403
612 257
870 576
325 518
812 421
496 61
906 66
206 870
2136 303
429 468
446 151
1071 285
1290 576
720 308
356 286
806 286
224 76
1210 426
1526 606
1410 486
1646 406
449 556
1210 324
695 556
1246 406
227 832
891 66
606 278
818 323
491 93
333 378
408 136
1553 465
370 255
1970 286
1025 453
818 586
419 528
383 277
2190 406
291 278
370 237
1370 406
1550 420
422 398
888 336
606 336
2292 346
1289 402
2394 66
1063 449
421 66
1398 600
1068 286
2382 556
470 286
2402 576
758 138
666 424
406 106
456 121
455 206
341 355
123 478
483 558
453 363
516 391
1906 286
163 417
406 545
366 458
341 530
406 146
1755 430
420 306
2402 576
516 306
556 466
324 528
565 358
746 586
812 407
356 206
325 518
666 424
346 256
839 251
520 438
1289 393
1419 456
259 377
620 570
2226 556
1550 436
1251 347
1210 406
960 566
438 436
2070 556
306 146
348 403
422 398
2126 546
906 356
1063 453
870 420
870 576
422 398
320 296
869 556
606 336
565 358
420 308
2382 556
2326 556
506 396
565 358
306 336
744 347
516 414
406 156
1550 556
506 406
328 256
420 278
370 356
813 360
1546 414
1030 76
455 226
2126 546
259 377
520 438
2326 556
348 403
1598 246
612 257
356 556
890 537
835 528
441 360
1966 206
740 106
429 307
2292 472
1028 421
891 390
448 468
818 586
456 436
2382 556
420 417
291 278
2151 46
2210 206
682 581
1526 606
421 66
1718 625
761 486
206 56
420 330
639 288
224 429
430 407
680 581
2210 206
2190 406
453 398
703 288
746 586
812 421
818 558
910 576
348 403
868 556
406 156
666 556
316 392
406 156
889 406
420 306
788 326
291 278
468 206
222 433
222 433
798 449
420 278
206 388
721 356
406 156
639 288
798 453
2106 306
436 458
1289 406
1826 449
1065 353
183 743
306 336
316 392
1055 381
320 286
453 398
593 417
1556 586
356 324
1063 449
768 556
2048 336
888 307
1755 360
2126 546
474 538
1970 336
745 318
448 468
829 556
448 468
324 528
703 446
356 558
651 528
393 889
666 424
703 442
769 486
1246 406
906 456
470 287
1290 576
2259 555
913 417
746 556
456 336
324 528
813 360
990 558
516 414
417 116
906 286
2402 576
319 258
770 556
1598 246
453 453
491 93
370 237
370 329
570 256
456 436
666 424
1973 489
2402 576
406 206
2190 406
745 318
812 421
516 414
1526 606
446 151
718 66
516 306
356 286
1172 517
902 358
291 278
422 398
706 225
480 402
890 781
906 468
835 556
663 506
816 538
2226 556
1556 586
756 66
868 556
406 156
324 218
255 383
593 417
881 781
420 336
366 458
703 442
1973 489
2382 556
2326 768
2382 556
402 889
565 386
783 528
383 277
570 237
1646 406
750 768
1289 406
835 556
2402 576
570 66
695 56
813 360
448 468
348 403
339 66
870 420
2326 556
422 419
612 257
1966 206
422 398
1506 420
663 478
833 307
446 386
667 536
1025 453
692 587
1290 576
750 740
593 417
2070 556
870 576
316 392
324 528
348 403
1063 449
812 421
948 246
833 307
356 324
1659 398
667 556
938 106
746 586
320 1150
888 576
252 218
1398 620
439 366
812 421
1910 66
888 576
680 581
868 556
745 346
745 318
781 486
1289 406
1506 420
415 307
570 256
306 336
470 287
2121 581
420 278
884 370
2226 348
769 265
1506 420
1940 538
1068 286
625 353
910 467
804 406
818 558
321 66
783 528
319 258
695 528
356 286
1546 414
783 308
320 258
438 436
781 486
1906 286
1506 420
520 517
1606 426
420 336
740 770
1646 406
928 123
970 567
682 581
445 548
1498 820
319 258
376 206
1066 336
721 356
666 424
565 358
256 288
1210 426
383 277
646 586
1843 575
