640
1220 2440
1028 421
1066 336
356 558
703 442
486 486
438 406
516 391
420 308
420 308
1025 453
483 558
1506 420
948 456
356 324
348 403
2006 93
341 355
730 236
455 226
771 137
356 206
2106 56
835 528
570 237
2036 566
761 486
835 528
813 360
423 310
252 218
2190 406
308 106
706 576
319 258
2382 576
781 508
232 824
781 536
422 398
348 403
1210 406
2402 576
316 392
497 66
744 347
320 258
1506 241
1040 616
422 548
480 793
2402 576
2126 546
341 530
321 66
1050 761
436 486
540 205
888 307
1506 420
446 386
848 453
480 452
829 93
420 336
869 86
1178 218
927 256
256 136
2402 576
1040 616
348 403
406 106
769 486
890 537
695 528
440 548
1843 575
1236 306
888 336
420 278
889 406
291 278
1290 576
441 360
376 206
436 458
650 894
2216 336
406 116
406 545
421 66
680 581
783 308
470 530
789 137
1973 489
818 558
2226 556
391 97
2382 556
456 156
320 258
783 548
696 56
486 486
835 556
1462 306
404 486
356 324
891 576
804 406
1506 342
393 889
336 286
2382 556
2402 576
891 576
320 258
553 489
833 307
818 558
803 421
1131 286
543 416
960 566
422 419
1063 449
1210 324
438 436
163 353
1718 625
781 508
620 570
778 486
1210 545
406 545
888 336
553 489
927 556
291 278
2226 556
910 66
778 486
259 377
316 392
2368 468
320 258
1376 256
798 453
1570 406
455 528
471 66
870 308
309 237
960 566
565 358
1071 285
2382 556
891 576
300 267
750 768
1398 620
733 600
919 556
324 528
667 556
320 258
667 528
870 336
456 436
459 428
516 414
438 406
667 536
666 420
739 285
255 383
739 285
839 286
289 1172
593 417
898 278
1104 576
695 528
383 277
906 468
341 530
1755 360
310 236
348 403
1659 398
756 556
2402 576
818 558
348 403
667 536
371 508
309 137
1289 393
1289 406
1598 246
888 307
378 87
320 258
1716 216
420 336
906 456
430 421
530 396
667 536
692 587
2190 406
420 336
406 356
728 556
420 267
486 486
2126 546
745 318
706 56
769 265
666 424
2226 348
470 286
612 257
663 478
746 556
2006 406
516 66
539 503
829 528
625 377
341 93
573 326
506 396
455 206
667 536
1970 336
970 567
703 288
356 324
453 398
336 286
252 246
470 286
1210 546
393 889
1606 426
870 308
1598 246
383 277
2216 256
420 336
252 218
990 586
1066 336
404 486
1210 545
2068 468
516 306
1210 545
612 257
1293 56
891 556
1506 420
429 468
1210 426
783 528
423 310
384 456
470 286
319 294
406 156
486 486
770 241
783 528
806 236
336 286
1289 393
346 535
2382 556
458 406
798 449
453 363
611 257
345 535
438 406
818 558
612 257
756 556
346 256
371 508
818 586
366 556
420 566
1000 556
486 486
2316 56
870 576
516 414
438 436
1752 336
957 456
420 336
397 225
1843 575
835 556
2321 152
611 257
252 218
422 548
1770 336
420 267
1068 286
888 336
429 307
436 486
870 336
1289 393
438 406
573 326
1066 336
1236 306
2402 576
348 403
937 306
1063 453
868 556
415 307
1210 324
818 558
913 417
1546 414
366 458
348 403
1506 420
422 419
2226 556
328 256
2382 556
720 335
448 468
516 584
651 528
990 66
888 66
221 389
820 337
1659 398
310 236
406 116
756 336
1721 56
1150 236
888 576
288 246
770 556
586 106
1066 336
700 336
268 406
406 126
520 438
289 1172
1236 306
516 414
625 377
1659 398
565 358
439 366
480 402
2190 406
2216 256
1770 336
2106 56
570 237
1970 336
1970 286
747 318
891 66
470 286
320 258
158 285
556 546
781 66
224 429
670 278
1210 545
2326 556
375 527
1506 241
816 538
1246 406
448 468
715 516
1556 586
496 92
445 576
383 277
1570 406
906 468
1506 342
781 486
529 469
356 206
747 328
706 576
539 503
2226 556
570 237
856 356
1398 600
467 106
1555 372
448 468
429 307
2093 556
449 528
904 406
1526 606
420 566
422 419
570 256
348 403
324 528
1210 545
388 72
455 206
252 487
458 406
366 458
829 528
906 356
356 286
2292 346
1289 406
1191 216
870 336
1908 86
319 258
952 746
325 518
1788 356
769 486
700 318
667 556
540 206
1601 381
1498 356
2226 556
747 328
656 256
666 420
1210 545
570 237
1055 381
783 548
2292 472
818 586
835 528
516 584
816 616
453 453
2382 556
449 93
516 137
646 586
553 489
1973 489
346 535
508 306
374 126
1556 586
716 206
167 308
161 449
370 255
429 468
2326 126
1260 307
902 360
556 546
206 408
744 347
1550 420
1063 449
1550 436
898 278
810 506
884 370
568 66
612 257
456 156
455 528
1088 326
1002 556
990 586
441 360
888 307
2106 306
625 353
904 406
706 225
1788 356
379 225
1088 326
1289 402
320 296
328 307
530 396
422 419
770 271
798 453
441 360
422 419
516 414
356 286
783 179
798 453
756 556
383 277
530 396
221 389
1398 600
937 287
1020 306
411 528
1966 206
1404 468
756 556
2292 427
870 576
422 419
990 558
404 486
682 474
781 486
2326 556
1289 393
1030 336
1210 426
221 389
2382 556
348 403
2070 556
570 891
486 486
543 435
1210 546
906 456
1063 449
516 391
438 436
890 537
438 406
140 537
695 528
324 528
420 336
856 356
422 419
2070 556
356 116
420 336
629 356
2006 406
449 528
606 336
412 528
419 528
383 277
824 527
1066 336
386 121
703 442
289 1172
2326 556
492 558
906 356
470 286
393 889
393 889
2190 406
422 398
1063 449
2036 586
2326 768
530 396
809 86
931 306
868 555
437 528
830 433
702 353
1966 576
326 66
1470 106
1340 256
706 206
888 336
990 586
844 123
1556 106
297 56
891 576
370 255
2348 536
756 556
2016 151
2086 66
438 436
746 586
720 308
516 391
330 436
406 206
2382 556
2382 556
348 403
371 66
1289 406
2259 555
1506 342
406 206
348 403
448 468
348 403
356 286
2348 536
1606 426
910 576
1390 466
404 486
952 746
829 556
2382 556
1506 241
750 740
520 517
289 1172
