640
1220 2440
888 307
881 781
611 257
750 768
366 486
423 310
835 528
406 206
667 528
420 308
769 56
1659 398
470 286
429 468
356 556
816 538
2126 546
309 137
639 288
2048 336
868 556
437 528
811 486
458 406
881 781
553 489
379 225
593 417
888 307
320 286
1056 246
1260 307
781 536
429 307
378 225
853 937
2190 406
856 356
539 503
778 486
1063 449
511 66
202 894
761 486
1336 241
2136 303
818 558
870 336
406 86
430 407
781 48
2036 566
346 256
811 486
770 556
990 558
1210 545
733 620
453 398
769 486
540 205
1103 465
781 486
812 421
392 87
593 417
486 486
320 258
797 328
1826 449
224 429
289 1172
1555 372
483 558
422 419
320 258
375 527
960 566
506 396
320 258
348 403
1966 576
520 438
750 740
1598 246
818 558
1659 398
651 528
678 66
990 558
356 176
348 403
456 356
663 506
1390 466
835 556
1172 517
927 556
2216 336
620 93
369 204
422 398
422 548
1770 336
429 468
252 246
873 93
2216 336
1290 576
346 256
388 66
356 116
1506 420
1755 430
1289 406
2048 336
438 406
700 318
786 566
680 474
919 556
666 424
224 429
206 287
839 286
455 226
2028 66
1088 326
480 793
420 566
706 576
695 556
348 403
402 889
1251 347
1289 406
2106 306
1973 489
470 286
990 586
2190 406
960 566
651 528
556 546
356 324
1940 538
888 576
606 239
995 307
320 258
320 258
320 217
667 528
710 241
756 336
420 308
338 146
1210 546
2382 556
1340 256
970 567
2006 566
919 528
1210 546
412 528
839 251
761 486
682 581
470 106
393 889
506 406
370 255
811 486
1188 66
383 277
1063 449
812 421
1066 336
853 428
781 536
906 468
406 206
530 406
1068 286
783 528
1040 616
898 306
1289 406
1970 336
480 452
448 468
296 703
686 506
356 324
442 527
2066 506
2382 556
516 278
480 452
888 307
2382 556
255 383
1290 576
1410 246
1606 426
1246 406
839 286
486 486
593 417
853 937
252 246
420 306
1246 406
348 403
906 93
781 486
2326 768
888 307
858 106
868 556
422 398
990 558
1506 342
1066 336
1066 336
516 391
746 556
2226 556
376 206
1556 586
412 528
559 206
779 545
1236 306
816 216
404 486
818 586
1290 576
345 535
651 528
769 486
539 503
744 347
404 56
1063 453
639 288
516 391
1770 336
252 218
348 403
1289 402
835 528
1066 336
670 575
1000 556
456 436
438 436
439 366
2292 427
553 489
1404 468
2216 256
1636 366
919 528
774 86
366 486
346 256
516 278
1506 66
259 377
420 308
1028 421
221 389
756 66
888 307
516 391
1066 336
2382 556
1068 286
415 309
375 527
565 358
429 468
289 1172
740 770
806 106
506 406
406 156
870 576
720 308
666 424
639 288
2103 556
224 429
833 309
430 407
438 436
456 106
356 286
379 225
791 126
606 278
367 206
222 433
835 123
320 258
746 586
570 237
639 288
1071 285
565 386
1376 256
720 335
1104 576
695 528
556 546
621 378
646 586
745 346
283 612
420 278
2402 576
1398 620
452 1206
913 417
348 403
429 468
423 310
835 556
455 226
1770 336
449 528
408 556
1063 453
745 318
769 486
429 468
516 584
404 486
406 206
588 256
346 278
320 258
781 66
486 486
803 421
1002 556
1390 466
781 536
483 558
415 309
1550 556
1236 306
371 536
960 566
612 257
324 218
320 303
283 612
252 246
1288 126
316 392
743 337
830 433
291 278
913 417
356 206
319 258
2348 536
781 486
870 206
553 489
429 468
543 416
486 486
1506 241
570 237
730 236
2126 546
2382 556
422 419
1570 406
802 366
486 486
422 548
324 528
489 98
1210 426
1806 66
2216 336
656 256
559 206
1659 398
333 378
2046 56
453 363
1506 241
429 468
593 417
891 256
621 378
728 845
2048 336
611 257
835 528
356 337
291 278
422 419
438 436
2406 581
875 465
565 358
811 486
2292 346
703 288
2121 581
438 406
1210 545
2206 576
663 506
1063 449
813 360
420 306
486 486
356 324
1290 576
703 288
316 392
458 406
328 256
730 236
420 417
781 536
2426 56
870 336
206 408
422 398
1550 436
291 278
333 378
1944 91
656 256
666 424
1966 206
316 392
880 66
1131 188
650 894
422 398
1210 546
1659 398
769 126
491 93
756 556
913 417
745 318
319 258
729 556
781 556
1506 420
845 393
606 239
747 328
486 486
259 377
906 356
565 66
620 157
781 486
1556 586
2066 506
1555 372
893 356
422 548
420 308
366 458
1906 286
371 508
760 74
370 256
391 66
1595 421
1210 426
839 251
565 386
486 486
910 467
2190 406
1210 426
606 566
2382 556
409 251
406 106
808 136
346 256
588 256
440 548
2326 556
448 468
904 406
620 570
283 612
467 106
802 366
1289 406
271 93
497 66
1289 406
667 556
931 306
913 417
853 385
1570 406
1788 356
420 330
1556 386
420 566
889 406
480 452
820 337
422 419
291 278
656 256
1040 616
1172 517
2396 56
316 392
328 256
781 556
576 239
769 66
829 556
296 703
438 406
255 383
438 406
458 406
1636 366
1104 576
1056 246
1538 385
1103 465
420 267
2292 427
408 106
798 449
1088 326
420 336
492 558
378 225
467 106
420 308
798 449
268 406
957 456
2226 556
839 86
646 586
371 66
573 326
625 377
2036 586
2326 556
420 278
447 106
347 506
417 393
2406 106
455 226
320 296
1056 246
703 446
948 246
703 446
1970 286
868 556
316 392
2070 556
812 421
570 891
2093 556
745 318
938 386
367 206
740 770
870 336
706 576
341 530
1179 66
1071 285
384 456
422 419
960 566
573 326
309 137
539 503
938 381
423 310
588 256
429 307
768 556
1598 246
1390 466
1550 436
721 356
310 236
406 156
1063 453
356 206
651 528
319 258
860 156
810 66
565 93
448 468
756 556
348 403
990 558
556 466
455 528
370 255
1191 216
798 449
370 329
1290 576
438 406
1966 576
593 417
256 970
1210 546
747 318
670 278
1098 365
1063 449
458 406
1210 546
769 486
437 528
853 428
328 238
