640
1220 2440
1028 421
1000 556
695 528
422 419
491 93
2292 346
449 556
356 558
1010 307
470 286
703 442
1290 576
448 468
333 378
232 824
1290 576
1550 420
870 336
565 358
1570 93
1040 616
721 356
255 383
1546 414
333 378
1063 449
770 296
420 308
1040 616
422 419
710 241
406 186
324 528
2292 427
593 417
420 308
1755 430
870 576
453 398
221 389
224 429
2103 556
480 793
655 184
320 258
745 318
406 183
359 217
252 246
429 307
868 556
1506 241
1290 576
2068 468
559 206
870 336
2326 768
720 336
1843 575
319 258
453 453
1788 356
812 421
558 97
388 76
480 402
835 528
420 336
422 419
1210 324
530 396
470 287
780 197
356 206
1404 468
1556 586
1970 336
306 93
667 556
798 453
919 556
868 555
853 428
379 225
419 86
409 251
629 148
565 386
812 421
888 307
161 449
420 308
2216 256
430 407
1806 66
238 76
781 486
990 586
2292 427
1002 556
252 246
910 576
1088 326
2068 468
851 137
888 307
770 216
806 236
328 256
919 528
453 398
344 126
835 556
370 256
667 536
1973 489
706 576
2048 336
706 225
256 288
682 581
1246 406
345 535
756 336
888 307
404 486
835 556
370 356
1726 66
430 407
324 528
2190 406
256 970
1210 324
291 278
682 581
406 545
348 403
781 508
2106 106
612 257
888 336
650 894
186 285
813 360
2068 468
706 206
2402 576
1659 398
384 456
421 66
2382 556
422 419
324 528
419 528
346 256
746 556
319 258
2216 256
898 66
422 398
606 239
1570 406
319 258
2003 414
438 436
576 239
406 186
835 528
256 970
750 768
252 218
829 556
1755 430
446 386
2292 472
747 328
2036 586
324 528
750 768
1172 517
202 894
1565 561
695 528
1498 820
1973 489
468 206
458 406
348 403
868 556
369 356
516 306
438 406
2382 556
745 346
1172 517
406 56
2210 206
328 256
291 278
422 548
781 508
370 356
2226 348
453 363
1546 414
491 93
470 286
370 237
468 206
756 556
291 278
375 527
306 506
291 278
1701 246
1056 246
492 558
881 356
906 468
288 246
330 436
770 556
320 258
2326 556
429 307
747 328
906 66
990 586
283 611
906 356
2404 906
1246 406
1025 453
383 277
770 556
856 126
1068 286
420 336
255 383
783 548
768 555
1556 586
1246 406
429 307
452 1206
232 824
888 307
456 436
420 278
448 468
1063 453
256 136
455 226
1550 556
2093 556
750 768
2006 406
222 433
1506 420
1210 545
453 398
1246 406
781 486
324 528
422 419
565 358
835 528
422 419
221 389
884 370
1506 241
818 586
775 336
206 408
870 336
1290 576
356 286
1076 256
770 241
733 620
667 528
2048 336
370 255
2292 472
570 891
286 156
366 486
703 288
429 468
2190 406
320 296
458 66
480 793
1131 286
437 528
420 308
456 336
356 324
682 581
402 889
990 558
860 353
913 417
291 278
1063 449
486 486
480 452
406 206
1236 306
1210 426
449 556
438 406
483 558
778 486
1843 575
1966 206
753 354
319 258
743 337
324 528
543 416
1659 398
356 324
670 238
330 436
453 398
422 419
442 527
320 286
404 486
761 486
429 468
356 286
348 403
692 587
612 257
1788 66
1659 398
1040 616
1340 256
1391 406
333 378
232 406
1210 546
1659 398
1210 545
1063 449
310 236
420 278
2070 556
700 318
663 506
255 383
1236 306
768 556
889 406
480 793
333 378
870 576
620 93
356 286
746 556
798 453
2068 468
499 56
1770 336
835 556
320 258
516 306
768 556
2382 556
650 894
797 328
829 528
422 548
2070 93
913 417
371 508
666 556
456 336
700 318
1550 436
1131 286
252 246
446 386
646 586
328 256
781 556
458 406
1595 421
516 391
756 556
1526 606
839 286
677 68
553 489
667 556
356 324
455 528
330 436
1290 576
1752 336
508 306
884 370
420 306
769 555
1290 576
406 136
1246 406
839 286
1025 453
1546 414
1210 324
868 556
1155 156
868 555
1340 256
2226 556
2036 586
839 251
516 584
769 486
442 527
1050 761
667 536
1251 347
320 258
356 66
320 296
316 392
835 528
458 66
781 536
839 251
1770 1010
802 93
791 66
750 768
788 326
1390 98
348 403
320 258
611 257
288 246
1550 436
1246 406
870 548
227 832
770 271
2326 768
1370 406
370 66
910 576
746 556
568 216
422 419
232 824
706 576
421 66
406 206
2216 336
1210 546
300 1068
448 468
1000 556
455 206
1336 241
808 136
746 556
781 66
530 396
320 296
306 336
868 556
252 246
2348 536
511 66
1055 381
370 256
1556 586
870 336
835 528
745 346
406 136
220 86
232 824
706 225
670 575
1055 381
320 286
467 106
2292 427
111 395
744 347
1210 426
1236 306
686 506
1063 449
856 356
445 548
2226 556
456 336
439 366
2326 556
888 336
720 335
910 576
1506 241
486 486
888 307
2326 556
1550 556
913 417
1260 956
1002 556
1970 336
448 468
306 336
666 556
1970 336
316 66
806 236
320 76
543 435
422 419
1289 406
1770 336
2326 768
1050 761
606 336
1550 436
430 407
736 107
656 196
371 536
506 396
768 556
770 93
1172 517
1550 420
761 486
812 421
870 206
1025 453
320 258
320 286
818 558
621 378
695 528
2226 348
868 556
520 438
348 403
446 386
406 206
446 386
1770 336
1970 336
348 403
420 566
898 306
328 307
626 126
931 306
1150 236
839 251
396 166
356 558
888 336
1966 206
330 66
456 336
420 417
703 288
695 556
516 414
348 403
849 126
919 528
666 420
768 555
408 556
420 336
706 206
646 586
756 556
960 566
720 308
779 545
718 399
370 255
255 383
1808 346
1755 360
750 740
816 616
1338 256
1210 426
516 391
1601 381
406 156
255 383
453 398
487 186
1498 356
516 391
319 258
1498 820
812 421
319 258
429 468
1172 517
1210 545
370 256
568 216
890 781
406 156
445 356
420 306
848 453
851 137
446 386
1506 420
1355 386
556 546
539 503
812 407
783 528
288 246
448 468
1103 465
1606 426
516 391
516 414
320 258
366 556
927 556
811 486
1338 328
