640
1220 2440
651 528
1438 625
409 286
568 206
1063 449
429 468
341 530
2216 336
458 406
1555 372
456 436
422 398
960 566
716 90
182 403
252 218
1966 206
327 318
540 206
816 538
746 586
1340 310
379 225
720 308
818 586
606 336
666 556
695 528
818 586
848 453
1025 453
771 137
430 421
370 356
1556 586
356 324
1002 556
370 256
310 236
1103 465
530 396
346 278
1251 347
816 216
625 377
1340 310
870 336
1030 336
383 277
1210 545
543 435
1210 545
1178 218
356 324
797 356
1172 517
910 576
2048 336
1071 285
1755 430
470 377
739 285
367 206
1030 336
480 452
1260 326
1091 401
870 66
1210 426
656 256
206 388
656 256
570 237
868 93
406 206
770 1110
453 363
928 123
1570 406
1940 538
320 258
706 576
393 889
480 452
366 458
906 468
1716 216
370 197
445 548
404 486
2326 556
356 206
348 403
540 206
768 556
2226 556
508 306
420 306
706 225
890 537
1290 576
706 225
891 576
370 329
2382 556
682 581
516 391
663 506
448 468
310 236
706 225
422 419
324 528
1390 466
316 392
220 86
333 378
348 403
1210 546
1289 406
839 251
486 486
471 66
1289 393
356 236
324 218
747 328
769 265
1555 372
341 530
1646 406
345 535
1210 545
606 566
520 438
770 241
818 558
889 406
429 468
565 126
2382 556
492 558
429 468
781 486
2216 256
1236 306
612 257
666 424
506 396
1289 406
406 206
687 184
593 417
2382 556
402 173
206 66
486 486
369 356
456 336
770 356
740 770
913 417
480 793
324 528
1236 306
703 288
1210 546
717 126
1770 336
320 296
667 528
1966 576
429 468
931 306
296 703
1289 402
506 406
1010 307
422 126
695 528
889 406
750 768
803 421
309 237
1246 406
348 403
456 336
1289 406
913 417
455 226
565 358
651 528
682 581
670 238
629 356
1063 449
182 338
680 581
291 278
453 398
761 486
448 468
2048 336
2402 576
455 528
812 421
1606 426
783 548
252 246
324 528
511 66
339 68
888 307
540 206
1970 336
888 336
1970 156
1636 366
1000 556
516 584
516 391
904 406
1246 406
539 503
396 91
430 421
868 555
703 288
406 206
1338 328
802 366
422 126
1390 466
745 318
565 386
990 558
720 336
391 97
345 535
781 486
639 288
422 398
593 417
768 555
870 336
1843 575
319 258
1063 449
346 256
391 97
769 486
913 417
291 66
809 86
797 328
2216 336
376 60
252 218
306 336
224 429
824 527
2190 406
559 206
783 548
667 528
1246 406
2368 468
422 419
480 452
378 225
516 391
438 436
252 218
300 267
516 306
408 136
420 336
798 449
811 486
870 576
651 528
420 278
310 236
797 66
470 306
328 256
1210 546
480 402
1246 406
1210 545
556 546
781 486
919 528
327 318
565 358
453 398
870 548
812 421
1716 216
1246 406
1419 56
516 414
429 307
429 468
1606 426
480 793
889 406
830 433
520 517
440 548
341 530
356 206
1150 236
420 306
565 358
516 391
420 336
870 336
829 528
255 383
870 576
1088 326
1056 246
2382 556
573 326
1570 406
646 586
811 486
379 225
1355 386
667 536
1290 576
470 287
818 586
1063 453
891 576
744 347
486 486
288 246
516 414
1606 426
420 336
1936 426
720 336
445 576
345 535
819 356
449 556
370 255
2003 414
232 824
1063 449
383 277
646 586
1872 61
386 121
420 308
820 356
750 768
453 453
1246 406
639 288
1066 336
756 556
806 286
1040 616
1636 366
1000 556
570 256
1598 246
506 396
1556 586
612 257
1040 616
1170 66
600 93
1718 625
477 126
667 556
2226 556
370 237
606 239
2190 406
383 277
1966 576
1076 66
695 528
422 419
283 612
651 528
733 620
2216 336
2103 556
1063 449
1289 406
881 781
1546 414
848 453
185 503
2226 556
758 146
470 286
769 555
252 218
1040 616
870 336
1063 449
422 419
2048 336
252 218
468 206
1010 307
348 403
420 308
568 56
438 406
1172 517
906 468
746 556
411 528
779 545
835 93
423 310
1210 324
438 406
744 347
1546 414
2068 468
486 438
750 740
530 396
833 307
1210 324
612 257
420 308
2216 256
906 286
383 277
420 336
990 558
720 308
1970 336
2121 581
2070 556
422 548
1966 576
163 417
420 278
1290 93
695 556
2292 472
2068 468
2116 56
453 398
1906 286
516 391
516 391
320 258
422 548
570 256
438 406
474 538
356 324
1236 306
256 288
471 93
1556 586
2216 256
612 257
420 566
824 527
406 146
2104 705
651 528
1066 336
639 288
798 449
937 287
806 286
1755 360
2404 906
325 518
448 468
1701 246
486 486
703 442
770 556
448 468
813 360
316 392
420 566
333 378
888 336
508 306
851 137
695 528
620 570
486 486
1063 449
456 206
750 768
747 318
328 256
703 288
1550 436
1338 328
325 518
570 256
66 802
990 558
1076 256
2368 468
446 386
1056 246
2036 566
2068 468
620 570
1251 347
818 558
453 363
491 93
888 307
480 402
420 566
420 278
453 398
291 278
2048 336
600 157
222 433
1340 256
547 56
255 383
770 216
539 503
429 307
612 257
687 184
2292 472
1131 306
746 586
1940 538
328 238
1289 402
456 436
721 356
1556 386
1290 576
440 548
898 278
830 76
745 346
406 93
540 206
639 288
779 545
829 528
2036 586
256 136
1546 414
663 506
370 237
1570 406
420 286
1770 1010
829 556
2036 586
739 285
202 894
2348 536
870 576
1063 453
692 587
960 66
370 255
810 428
1506 241
429 307
868 555
1063 449
328 66
324 528
316 392
813 360
1025 453
456 436
1770 66
1973 489
320 258
750 768
1906 286
2326 556
797 328
456 146
804 406
420 278
769 265
348 403
811 66
570 237
761 93
324 528
1966 576
1172 517
666 556
910 576
682 581
252 218
797 328
1966 576
848 453
839 251
1063 453
2292 472
2404 906
756 556
875 365
480 452
289 1172
990 586
333 378
606 239
682 581
981 76
283 87
470 287
990 66
553 489
606 239
593 417
2048 336
797 328
667 528
1966 206
1056 246
570 256
420 308
797 328
2190 406
769 56
