640
1220 2440
320 258
2066 506
1030 336
720 336
423 310
706 576
328 238
829 528
420 308
1340 256
516 414
319 258
430 421
1110 236
320 258
573 326
420 308
750 768
333 378
666 556
1063 449
325 518
812 421
565 358
1936 426
429 307
445 548
486 486
813 360
919 528
848 453
429 468
310 236
646 586
491 66
470 377
422 419
291 278
570 237
776 241
888 336
429 307
1150 236
720 308
904 528
769 555
781 356
639 288
2382 556
452 1206
798 453
870 308
806 286
324 528
348 403
990 558
858 66
771 137
720 308
404 486
420 306
366 556
756 556
778 486
913 417
256 970
779 545
256 116
1391 406
1606 426
320 258
509 76
706 576
839 286
667 536
486 486
706 206
2326 556
1550 436
333 378
438 436
813 360
768 555
1770 336
835 556
606 586
728 508
771 137
810 506
620 570
745 126
786 566
516 414
2048 336
733 620
621 378
875 365
621 378
516 391
818 586
651 528
516 391
453 398
784 56
1289 402
588 256
300 1068
818 558
345 535
366 458
392 87
2326 556
1636 366
813 360
486 486
768 556
1050 761
420 566
611 257
593 417
2216 336
810 506
439 366
1246 406
919 556
606 566
2036 566
420 308
1063 449
1065 353
663 506
703 442
348 403
1210 426
408 556
393 889
606 566
2121 581
1770 336
474 61
366 486
328 256
680 581
438 436
1523 606
1555 372
224 429
910 576
768 556
824 527
324 218
2103 556
470 286
448 468
508 306
422 419
1040 616
1179 76
1526 606
383 277
2292 427
1010 307
600 176
348 403
370 255
415 309
383 277
829 556
2382 556
420 566
371 508
568 216
497 66
1570 406
377 56
2103 556
1066 336
252 218
888 548
888 336
388 76
706 576
516 391
806 286
667 528
232 824
1636 366
306 179
224 429
570 256
906 356
1289 406
1356 306
391 66
1555 372
371 508
516 391
747 318
906 93
1506 342
706 576
682 581
703 442
423 310
744 347
891 576
1076 256
516 391
565 386
611 257
320 258
1546 414
1260 995
2326 768
256 136
960 566
455 226
328 256
2048 336
291 278
1570 406
306 336
430 407
453 453
480 793
438 406
483 558
646 586
843 187
910 576
437 528
1260 326
1289 402
820 337
819 332
2382 556
651 528
291 278
422 398
1659 398
320 258
1506 342
663 187
553 489
448 468
670 575
700 318
781 486
639 288
1355 386
406 156
875 465
341 530
1755 430
470 530
2226 556
888 336
856 356
781 536
336 286
420 336
663 478
148 535
1843 575
348 403
853 385
347 506
1606 426
406 206
420 278
306 166
870 336
356 558
667 536
470 138
1550 93
680 581
422 419
747 318
750 740
1071 285
783 308
593 417
348 403
1210 324
422 419
1906 286
345 535
406 106
291 278
417 116
621 378
252 246
606 566
1172 517
1701 246
388 66
456 336
453 398
1063 453
1550 556
888 336
809 61
221 389
324 528
808 136
835 93
1718 625
819 332
516 584
438 406
1210 545
449 556
422 398
611 257
422 419
568 206
516 391
170 196
438 406
943 76
1210 324
1025 453
320 217
2402 576
345 535
420 308
781 508
888 307
1290 576
406 206
1066 336
906 456
1550 420
1970 336
650 894
1966 576
810 428
520 438
453 398
680 554
888 336
422 419
906 456
486 486
2216 256
406 126
1970 286
781 556
420 308
703 288
756 556
1251 347
356 176
868 556
1565 561
750 740
770 241
455 528
1210 426
344 126
483 558
324 528
913 417
778 486
449 556
2126 546
347 506
931 271
356 206
872 86
1506 241
700 336
1063 449
341 530
733 620
2292 427
252 246
695 56
706 206
283 612
1210 546
170 196
438 436
835 123
813 360
406 91
811 486
383 277
783 308
445 576
781 508
448 468
1550 436
491 93
829 528
1895 206
181 280
870 336
1050 761
356 206
2348 536
406 136
781 66
1063 449
1556 66
448 468
393 889
406 206
625 353
919 528
383 277
420 566
839 286
222 433
366 556
1210 545
670 238
386 121
2216 256
300 267
283 612
1210 545
429 307
888 336
1970 336
283 612
438 406
1826 449
384 456
1404 468
2066 506
455 226
1296 166
406 106
453 453
439 366
2070 556
2326 556
397 225
456 206
320 286
781 556
606 566
320 296
429 307
480 793
1290 576
438 436
1556 386
1338 328
378 225
706 206
797 328
420 278
356 337
370 356
474 457
703 288
374 126
868 556
345 535
1595 421
606 336
404 486
2126 546
1002 556
1030 336
448 468
356 236
1506 241
1659 398
625 377
2126 546
252 246
910 576
720 335
320 258
429 307
1290 576
486 438
1172 517
506 396
816 406
1030 336
835 528
559 206
818 558
422 548
611 257
291 278
438 406
556 546
553 433
422 419
1506 420
1688 106
370 237
904 528
695 556
781 66
829 556
747 328
798 453
990 126
891 256
798 453
255 383
570 237
695 528
770 253
706 576
420 417
2068 468
839 286
2104 705
142 328
797 216
823 76
330 436
904 406
2382 556
990 558
798 453
419 528
319 258
888 576
356 324
870 576
1970 286
745 346
888 307
1246 406
906 356
438 406
440 548
769 265
818 558
480 452
222 433
325 518
884 338
2226 348
1770 326
408 556
388 106
891 548
1506 241
2326 556
470 286
829 556
553 433
952 746
1966 576
1966 206
1210 426
612 257
448 468
990 586
870 420
612 257
356 558
1338 256
429 307
445 356
384 456
320 258
829 556
781 486
870 336
2326 556
750 768
2402 576
1236 306
486 486
316 392
356 324
316 392
378 225
289 1172
1770 326
406 156
802 93
486 486
906 356
420 306
888 76
516 414
397 225
453 398
910 576
356 206
420 306
430 421
1210 546
508 306
289 1172
745 346
593 417
975 86
458 406
816 538
2068 468
422 419
1091 401
320 258
829 556
1480 728
470 286
720 308
919 556
471 66
593 417
960 566
565 386
835 123
530 396
320 258
703 446
336 286
913 417
1040 616
568 206
486 486
1646 406
420 566
695 556
2106 306
927 556
848 453
682 581
1506 241
606 586
1068 286
256 136
570 237
818 558
1498 820
938 386
371 508
