640
1220 2440
1010 307
1546 414
682 581
516 278
948 246
621 378
556 466
420 267
1068 286
2104 705
437 528
1179 76
1010 307
422 419
606 278
904 528
430 421
829 528
1659 398
330 436
437 528
419 528
406 156
639 288
430 421
474 538
816 216
651 528
606 566
324 528
913 417
553 489
420 308
486 438
306 106
708 106
682 581
420 308
1616 66
1498 820
902 360
319 258
474 457
455 226
570 237
1570 406
291 278
682 581
884 338
224 429
824 527
406 206
1659 398
960 566
750 740
378 66
1040 616
452 1206
1260 307
348 403
745 318
1506 342
383 277
804 406
453 453
1210 545
429 468
470 287
320 286
806 236
516 414
2348 536
319 556
556 546
870 308
319 258
1598 246
458 406
2226 348
409 251
816 406
768 556
913 417
1289 406
700 336
612 257
1770 336
1063 449
1526 606
621 378
818 558
1506 342
422 419
629 356
346 278
1206 93
1066 336
612 257
620 176
369 356
306 336
506 406
781 606
366 458
776 241
384 456
750 768
480 793
913 417
420 336
835 528
606 239
565 358
333 378
906 468
2216 336
913 417
516 306
1526 606
420 566
367 88
406 106
1210 426
345 535
486 486
791 126
740 86
480 402
402 889
2006 566
666 424
404 486
2093 556
492 558
516 414
770 556
438 406
452 1206
798 449
813 360
1498 356
1289 393
829 556
320 258
486 438
2070 556
870 336
570 256
1550 93
348 403
881 781
338 146
695 528
1290 93
1050 761
848 453
319 258
806 286
271 93
743 337
378 225
1406 93
320 316
241 66
884 370
970 567
758 66
486 486
480 402
1236 306
888 307
2226 348
870 336
319 258
667 528
1970 336
2210 206
2103 556
1066 336
348 403
347 506
960 566
720 308
770 86
474 538
2292 472
2402 576
2066 506
455 226
440 548
770 241
383 277
1981 106
842 137
1826 449
835 556
870 308
370 356
720 308
2106 306
2382 556
402 889
1210 545
252 246
884 356
680 581
538 66
509 76
2382 556
570 891
1066 336
588 256
813 360
2011 556
747 328
1063 449
1716 216
486 486
2404 906
1390 466
455 528
1755 360
378 225
1210 546
430 421
399 56
268 406
1068 286
769 486
470 286
919 556
588 256
703 442
448 468
913 417
429 468
1802 76
1103 465
470 286
480 793
770 356
445 576
1056 246
870 106
2326 556
438 406
420 336
486 486
348 403
1788 66
666 424
816 538
1210 546
455 226
612 257
516 66
747 328
651 528
224 429
1104 576
621 378
811 486
786 566
306 106
1289 393
291 278
568 66
447 56
781 508
2036 586
1131 306
990 558
1071 285
1340 310
437 528
888 307
913 417
163 417
1973 489
1659 398
811 486
829 528
450 428
441 360
888 336
646 586
750 768
806 286
682 581
1210 426
783 548
430 407
455 226
486 486
744 347
2402 576
913 417
919 528
341 530
906 286
325 518
356 236
1659 398
393 889
570 237
370 237
543 416
1002 93
379 225
703 442
530 106
456 336
1000 556
559 206
2368 468
913 417
2068 468
2036 586
611 257
556 546
818 558
913 417
442 527
406 206
750 740
467 106
650 894
816 538
1646 406
818 558
320 296
1210 324
1290 576
781 486
1002 556
1040 616
856 356
888 336
587 56
1970 336
291 278
411 528
2126 546
291 278
316 392
356 206
470 530
919 556
781 556
1906 286
441 360
1565 561
1565 561
770 241
611 257
2382 556
769 555
283 612
565 386
341 93
715 516
835 93
856 356
781 486
745 318
570 256
806 286
606 336
320 258
320 258
348 403
470 286
663 506
2103 556
316 392
2190 406
448 468
1048 86
316 392
621 378
868 556
769 486
666 424
870 548
516 414
2226 556
1390 466
559 206
720 335
348 403
508 206
670 575
756 336
769 265
406 545
1071 285
1063 449
746 586
818 323
1355 386
695 93
420 336
2136 303
453 363
506 396
811 486
222 433
816 216
611 257
202 894
316 392
420 308
818 126
1570 93
680 474
1338 328
480 402
520 438
874 123
402 889
370 255
889 406
2106 86
429 468
952 746
286 136
937 287
453 398
420 306
798 453
1290 576
2402 576
455 206
470 306
406 156
906 356
341 530
371 508
356 558
421 66
798 449
540 206
1701 246
768 555
1555 372
516 391
797 328
1764 66
1788 356
667 536
783 308
981 56
520 438
379 225
856 356
770 61
1555 372
808 136
224 429
1000 556
695 556
420 308
761 486
1071 285
520 517
813 360
319 258
404 486
252 218
530 396
483 558
663 506
165 553
324 528
356 324
370 256
703 288
539 503
455 528
888 336
2326 556
448 468
888 336
810 428
406 106
320 296
703 442
1565 561
1390 466
818 586
853 428
750 730
887 203
429 307
1370 406
1088 326
224 429
430 407
720 335
320 303
1659 398
746 556
558 97
445 548
810 478
816 406
667 536
366 106
1659 398
1550 556
422 398
2326 768
420 308
497 66
745 318
651 528
919 556
445 576
291 278
366 556
788 307
370 256
890 781
420 308
370 356
756 556
356 206
884 370
1755 360
870 308
283 611
868 556
2368 468
703 442
819 356
666 556
543 416
906 356
531 66
492 558
437 528
2382 576
422 419
455 206
2348 536
2406 106
420 336
1340 256
436 458
686 506
530 396
448 468
667 556
516 306
1970 286
2326 556
1063 449
383 277
802 366
2382 556
695 528
458 406
429 307
650 894
328 256
486 486
1843 575
919 556
370 237
420 566
1010 307
393 889
606 336
356 286
430 421
1260 326
858 216
333 378
1210 545
1290 576
255 383
486 486
663 506
1376 256
320 258
1546 414
1289 406
1063 449
474 538
783 528
291 278
888 576
2036 566
868 556
429 307
430 407
568 206
530 406
330 436
783 548
456 436
663 506
356 286
2382 556
860 74
341 530
750 768
291 278
370 329
356 324
2048 336
803 170
448 468
667 556
406 545
1246 406
1289 406
516 278
556 546
2068 468
593 417
651 528
1752 336
621 378
483 558
667 536
656 256
406 206
703 442
833 309
875 465
1570 406
227 832
486 486
1150 236
761 486
829 556
506 396
570 237
1538 385
