800
1220 2440
539 503
1701 246
952 746
824 527
1788 48
1326 66
516 414
747 328
2316 56
1718 625
2216 256
770 241
744 347
409 251
379 225
2006 406
319 258
470 66
1593 106
927 256
444 137
429 468
1289 393
1462 306
2190 406
516 414
320 296
530 406
769 486
422 548
420 330
1565 561
895 86
682 581
471 66
875 465
406 116
438 436
448 468
534 61
887 203
2226 556
2216 256
780 197
2048 336
516 66
511 66
1293 86
474 61
2348 536
456 156
870 308
255 383
429 468
369 204
1063 453
348 403
406 106
990 586
870 308
256 970
449 528
221 389
870 126
1091 66
458 406
770 1110
429 468
158 285
174 553
816 216
348 403
570 256
324 56
436 486
406 126
779 66
1236 306
1289 406
1665 86
501 46
565 386
224 429
781 536
1020 306
1908 86
2216 106
2006 93
1063 449
341 530
480 402
890 781
1940 538
471 66
2316 56
960 566
767 137
970 567
320 258
1966 206
290 187
2056 93
770 241
256 136
1178 218
429 307
1970 336
320 258
902 360
470 286
328 238
570 237
326 66
2086 66
406 156
1470 106
452 86
1293 56
756 56
981 66
1289 402
501 66
1721 56
543 435
181 280
739 285
1390 466
390 137
383 277
882 93
371 66
1210 324
446 126
438 406
1506 342
453 363
835 556
573 326
393 889
2402 576
682 581
750 740
781 486
750 93
2226 106
458 406
663 156
1246 406
606 336
283 611
888 66
695 56
2292 472
842 137
356 116
593 417
422 419
429 307
406 156
830 433
1906 286
318 66
316 66
706 206
781 66
695 528
321 66
2036 586
1066 336
325 518
893 66
406 156
501 46
1063 449
445 576
429 307
470 377
321 66
770 556
1002 556
497 66
2106 56
1030 336
706 576
421 66
2382 556
408 106
829 528
891 66
2326 556
1398 600
420 308
370 237
1441 66
1506 420
324 528
339 126
785 76
320 88
666 424
343 156
445 576
1063 449
2106 56
682 66
769 486
656 256
470 286
746 586
341 530
769 126
1670 106
1071 285
471 66
700 318
570 256
320 258
221 389
2226 556
341 530
356 116
746 586
1210 426
2382 556
570 237
420 336
440 548
2326 768
666 146
420 308
869 86
1570 406
517 93
720 308
398 93
413 156
289 1172
1636 366
1236 306
829 93
252 218
1606 426
758 146
656 93
829 556
420 106
140 537
2326 126
891 576
784 179
2266 66
429 468
2402 576
868 556
768 93
320 286
455 206
2292 472
356 286
811 486
320 258
511 93
1598 246
2382 576
458 406
416 76
486 486
516 584
1289 393
366 458
1908 86
1404 468
758 72
1659 398
2016 151
806 56
606 586
838 176
573 326
2382 556
267 106
706 225
855 126
252 246
797 216
306 106
1040 616
1716 216
86 268
336 286
163 353
178 620
399 56
2070 556
496 92
2226 348
2326 126
798 449
289 1172
256 116
438 406
838 176
2216 336
406 206
374 126
455 226
378 225
804 406
856 126
480 452
441 360
747 318
1150 236
813 360
1701 246
458 66
1498 356
612 257
1659 398
291 278
474 538
990 558
2368 468
348 403
1088 326
1210 546
1598 246
868 93
686 506
1770 336
333 378
898 106
2316 56
835 556
629 356
1071 285
884 370
405 162
839 286
1210 426
467 106
406 56
480 402
1289 393
516 137
371 66
1703 66
1534 48
816 183
269 66
1066 336
1131 286
470 286
798 453
483 558
383 277
86 489
902 358
508 306
2068 468
1829 138
927 256
870 336
740 770
803 421
309 137
768 555
420 267
328 307
798 453
2216 336
746 556
910 467
2190 406
1406 93
706 225
818 586
870 308
769 126
269 66
715 516
486 486
456 336
1088 326
309 237
1210 426
1755 430
393 889
423 310
161 449
422 398
797 66
904 406
399 56
703 442
756 556
789 137
283 612
1404 468
810 428
348 403
888 126
429 307
241 575
1210 93
565 358
1290 576
386 121
703 442
324 528
231 76
1210 324
2382 556
1570 406
406 206
348 403
1258 106
553 489
455 226
870 93
530 396
746 56
256 136
2003 414
904 406
206 56
455 206
788 66
320 296
1131 286
449 106
667 536
816 538
309 137
66 802
306 336
530 396
1556 106
2406 93
320 258
666 86
868 556
1970 286
959 66
1843 575
778 486
356 286
447 106
448 468
745 318
252 218
406 116
1063 449
486 486
783 308
356 286
1210 545
406 96
696 56
667 556
739 285
565 358
422 398
606 239
1506 420
341 355
2402 576
797 188
855 66
325 136
436 458
406 116
625 377
870 336
1506 241
467 163
378 66
888 576
1066 336
2382 556
978 76
1246 406
520 517
491 93
348 403
957 456
391 76
678 66
319 258
756 556
1210 406
2190 406
290 187
406 206
417 116
383 277
1659 398
316 392
491 93
309 237
1006 93
1066 336
341 93
422 548
456 436
1210 545
406 156
888 336
1066 336
568 66
1025 453
429 307
486 486
770 241
809 86
406 126
1506 241
406 126
356 206
1398 620
570 237
415 309
325 518
777 203
706 206
491 93
393 889
2226 556
990 586
919 93
506 396
553 489
354 121
798 449
399 56
666 556
784 56
438 436
456 156
256 136
167 308
910 126
667 556
406 66
366 556
2321 152
2402 576
406 106
716 106
2326 556
957 456
651 528
516 391
406 56
356 324
1646 406
937 306
1556 586
720 335
919 556
417 116
202 894
516 414
2067 56
747 328
516 391
341 93
308 106
406 116
720 308
906 468
1251 61
952 746
251 93
667 536
680 76
343 156
2064 86
1040 616
1210 545
456 336
2036 566
1506 420
786 236
806 93
516 414
889 406
1755 430
844 123
420 336
990 66
769 486
449 528
232 406
534 61
421 66
625 377
406 126
910 66
730 236
818 558
543 416
783 179
406 136
383 277
326 66
695 528
600 93
2292 472
833 307
1104 576
870 336
356 558
429 307
1340 256
706 576
2326 768
421 66
888 336
324 528
420 336
1063 449
538 56
452 1206
1355 66
281 66
808 136
2402 48
455 528
771 137
453 363
406 126
341 93
480 793
906 456
830 433
1770 336
2382 556
446 151
406 186
756 556
252 218
391 97
346 535
86 268
309 137
320 258
881 781
300 267
930 56
1210 546
516 66
356 206
2348 66
232 824
310 236
2048 336
2382 556
422 419
406 86
1506 420
1210 426
904 406
906 468
891 556
384 456
743 86
1002 556
556 546
686 203
806 93
666 420
2066 506
1376 256
1550 420
1210 324
2266 66
356 176
259 377
480 56
455 206
341 530
486 66
333 378
378 87
438 406
667 528
419 528
404 486
811 56
320 258
404 486
818 586
449 93
446 386
406 136
663 506
771 137
872 61
356 206
529 469
1970 336
391 97
2402 56
2070 93
516 391
252 93
397 225
944 61
312 68
370 255
324 218
570 106
2382 556
371 66
829 528
445 548
181 280
543 416
486 486
756 556
666 424
310 236
781 508
756 56
703 446
740 770
348 403
486 486
706 56
1340 256
1210 324
2070 556
483 558
728 556
471 66
670 278
348 403
1048 106
812 421
818 558
910 576
938 381
778 486
328 256
1512 66
1210 324
888 307
256 970
606 336
480 56
491 93
1289 406
2382 556
406 545
393 889
539 503
812 421
438 406
1506 420
467 106
356 324
1340 256
1191 216
445 126
319 258
856 356
870 576
388 72
682 554
422 419
422 398
1068 286
1946 66
422 548
2402 576
480 452
420 278
320 296
1546 414
868 555
586 106
2079 66
224 429
1895 76
406 116
297 56
856 356
408 136
448 468
439 366
540 205
406 56
491 93
474 538
508 126
397 225
221 389
1210 426
798 449
