800
1220 2440
663 156
593 417
320 258
2382 556
406 106
1066 336
931 306
1802 76
761 486
348 403
2406 56
2382 556
404 66
2408 56
870 206
370 255
2216 256
456 336
1063 449
788 307
700 318
406 93
408 556
370 256
889 406
780 197
875 465
422 548
543 416
391 1047
1966 576
746 556
320 286
663 478
1550 420
378 225
745 346
606 239
409 76
320 107
767 137
1289 402
511 66
1063 449
343 156
429 468
1030 56
530 106
1066 336
356 116
327 318
746 586
746 586
1210 426
222 433
172 363
256 146
480 452
750 768
740 770
565 386
743 86
1063 453
870 576
732 137
2068 468
359 87
960 66
1260 156
570 256
300 267
1659 398
667 528
540 206
716 90
706 56
429 468
2326 768
477 126
811 66
530 158
406 156
404 486
783 548
1210 324
565 126
620 570
802 366
449 556
656 256
913 417
453 453
761 486
320 296
756 336
570 256
1290 576
406 106
406 156
706 225
620 106
2026 56
2292 427
220 86
516 391
809 86
424 136
2036 566
2116 56
896 203
842 137
436 66
182 338
1546 414
870 336
845 66
2121 581
328 256
570 256
291 66
651 528
402 889
1289 406
437 528
420 278
2026 56
1155 156
1246 406
620 93
310 236
422 398
853 385
1595 421
356 66
870 126
1406 93
456 146
1056 246
891 256
391 97
291 278
540 206
306 336
530 396
256 288
396 106
788 66
409 286
402 173
1380 66
744 347
1546 414
324 528
1770 66
611 257
1050 761
356 324
1770 1010
491 93
2070 126
686 506
543 435
1289 393
692 587
1063 449
271 93
553 489
408 136
1010 307
2404 906
470 287
937 287
356 324
829 528
1718 625
2402 56
306 179
325 518
720 308
256 136
283 87
625 377
2070 93
1506 420
406 206
350 179
750 138
813 360
818 558
1966 576
1966 576
651 528
241 66
470 286
255 383
406 156
870 56
270 106
1404 468
1556 386
1289 406
663 126
480 402
612 257
2216 256
839 251
474 61
453 398
804 406
888 307
406 116
420 278
1210 426
1770 1010
486 486
325 136
383 277
1000 93
516 584
366 458
1486 56
206 66
319 258
797 328
1206 61
1636 366
431 66
1290 576
783 528
252 218
445 548
408 136
830 76
508 306
570 256
851 137
1770 336
1966 576
453 398
406 206
656 196
797 126
1172 517
415 309
2402 48
1940 538
797 328
163 417
1030 336
1550 436
252 218
612 257
1131 306
797 356
456 436
741 61
750 768
256 136
1290 576
830 433
667 536
745 346
888 336
516 391
333 378
491 93
491 93
2402 576
2048 336
1071 285
888 307
611 257
565 358
306 126
746 586
1002 556
1556 586
716 206
1906 286
769 486
758 146
1718 625
1063 449
2226 556
474 538
1063 453
1172 517
706 225
396 91
970 567
990 66
348 403
769 56
2216 336
1076 66
300 1068
1546 414
565 358
1246 406
680 554
960 566
406 156
798 453
2402 576
1290 576
816 216
482 86
516 391
910 576
406 116
756 336
1048 86
553 433
1289 406
1167 76
453 398
813 360
1355 386
438 406
1210 426
438 406
1570 406
919 528
797 328
455 528
547 56
540 206
587 56
1040 616
422 398
2003 414
891 576
310 236
1290 93
811 486
2036 586
687 184
471 66
406 106
232 824
959 66
406 116
812 421
938 106
480 793
990 586
720 308
1970 286
309 237
2266 66
756 556
539 503
990 66
1570 406
450 428
1030 336
406 156
445 86
870 86
406 106
324 528
1895 86
1210 545
2048 336
370 197
320 296
783 308
2156 60
480 452
417 116
422 548
802 366
324 218
639 288
398 93
402 173
1826 66
666 424
455 226
848 453
370 256
1770 336
990 558
348 403
316 392
1040 616
870 548
2292 472
430 421
568 66
783 548
379 225
227 832
206 66
620 157
248 66
839 251
888 336
289 1172
1289 406
455 226
600 157
809 86
816 183
829 528
531 66
680 554
377 56
516 391
1289 402
534 61
620 570
1906 286
981 76
316 392
455 226
424 136
516 414
1441 66
320 258
702 353
406 136
366 66
874 123
906 286
927 256
687 184
781 486
2368 468
695 528
888 307
348 403
241 575
444 137
2326 556
876 86
819 356
327 318
310 236
516 584
1000 93
386 121
378 87
1210 545
629 356
370 356
271 93
256 136
396 106
481 93
324 528
540 206
747 328
1251 347
666 86
547 56
1135 76
356 558
336 286
750 768
806 286
499 56
975 86
306 93
2292 427
835 93
820 356
341 93
1088 326
252 218
706 225
491 93
1063 449
768 556
771 137
429 307
1170 66
420 336
438 406
456 336
441 360
165 553
717 126
1709 56
721 356
455 528
356 286
2048 336
391 97
2093 556
539 503
750 126
448 468
990 558
492 558
406 156
2326 556
870 126
1966 206
420 566
761 93
406 106
383 277
803 421
919 528
170 567
367 206
1170 66
2021 66
516 306
1659 398
2216 256
477 126
453 363
2370 106
565 66
448 468
1290 576
406 146
1091 66
486 486
438 436
639 288
1063 449
928 123
1000 556
1382 66
1906 286
1063 453
558 97
745 126
1500 56
818 586
913 417
511 93
2068 468
456 146
316 392
1701 246
384 456
828 66
906 66
423 310
383 277
1391 106
2048 336
1210 546
868 555
695 528
1419 56
324 528
2044 106
413 106
606 336
531 66
990 558
420 566
1752 93
1906 286
489 98
606 239
320 258
406 106
306 179
383 277
66 802
386 121
1210 545
639 288
868 93
324 528
588 256
1289 393
611 257
429 468
2070 126
281 66
785 66
2288 48
370 329
420 566
830 433
333 378
1289 406
467 106
185 503
356 206
856 356
356 206
1076 66
486 486
182 403
811 486
670 238
612 257
328 256
781 486
657 146
778 56
620 176
516 66
1340 256
781 486
565 93
733 600
1970 286
506 406
1546 414
339 68
747 318
787 86
324 218
341 530
1636 366
870 336
1172 517
345 535
376 60
1020 66
1550 420
882 86
486 486
224 429
682 581
312 68
369 356
370 237
406 156
888 548
888 76
421 66
506 396
256 136
310 236
256 970
356 206
2226 556
1266 81
593 417
570 256
1063 449
811 66
769 486
421 66
966 86
2226 556
486 486
646 586
770 356
770 241
898 106
2326 768
872 61
491 93
833 307
1063 449
745 318
429 468
813 360
406 106
406 146
682 581
682 474
2326 556
516 414
1040 616
1470 136
720 336
1546 414
480 452
471 93
845 126
966 106
781 606
2068 468
2070 556
259 377
870 66
1570 406
2048 336
1326 66
296 703
520 438
379 225
517 93
928 123
770 86
739 217
289 1172
316 392
600 93
341 93
296 703
422 126
779 545
422 419
283 612
480 402
706 206
1063 449
1246 406
808 136
756 556
356 93
420 308
1546 414
268 56
86 489
1770 336
1246 406
393 889
202 894
1103 465
1170 126
1040 616
516 391
420 306
1438 625
663 66
703 288
1251 347
1063 449
445 576
2216 336
328 66
471 66
1872 61
232 824
868 555
906 468
874 123
420 336
420 286
491 93
870 576
612 257
670 575
904 406
803 170
306 336
789 137
890 537
256 136
870 126
2326 556
778 66
486 56
406 136
733 620
2003 414
720 336
1025 453
183 397
438 406
348 403
422 126
703 288
226 196
783 548
930 61
2382 556
2423 93
453 398
913 417
593 417
656 256
1555 372
875 365
1010 307
348 403
573 326
657 146
320 296
392 87
420 308
1106 61
333 378
1970 156
1506 241
568 56
853 76
1020 306
406 326
888 307
2348 536
770 296
651 528
657 146
1056 246
769 66
453 398
746 56
406 156
700 336
2326 556
720 308
797 66
553 489
868 555
819 356
