800
1220 2440
788 66
769 486
1546 414
1290 93
1870 86
356 66
221 389
391 66
1556 586
1659 398
369 332
1210 546
889 406
456 356
497 66
891 86
1188 66
1506 342
163 417
252 246
347 506
148 535
294 156
781 486
333 378
781 536
1534 66
1659 398
769 555
745 126
1498 356
404 66
1970 336
733 600
436 66
282 66
781 486
676 82
241 575
2382 576
745 318
2068 468
783 528
306 198
1550 93
422 548
2066 506
316 66
1290 93
813 360
420 336
1881 56
2292 472
2266 66
497 66
422 398
768 93
441 360
703 288
491 93
183 743
829 528
666 341
429 307
565 358
720 308
474 538
538 66
283 611
1534 48
902 385
816 616
696 88
1906 286
786 88
570 256
770 253
1770 1010
860 56
620 570
816 216
320 258
1063 449
1636 366
178 620
232 824
888 336
370 237
835 123
1170 66
306 106
324 218
902 358
666 556
356 116
588 256
406 136
421 66
436 66
420 336
783 308
1289 402
910 66
480 452
1970 286
366 556
786 236
1906 286
520 517
1550 556
1556 586
445 548
2439 66
783 308
483 558
2091 56
291 278
386 121
291 278
1973 489
446 126
1802 76
543 435
370 255
783 548
1246 406
455 528
919 93
444 137
1506 420
1338 256
420 336
990 586
565 358
2368 468
521 93
320 296
458 406
532 86
2190 406
1210 545
310 236
913 417
397 225
1752 93
1716 216
2382 556
491 66
422 419
370 329
870 93
441 66
2406 581
316 392
770 296
710 76
565 126
1055 381
833 309
1550 93
384 456
829 556
882 86
781 486
430 421
695 556
910 467
2226 556
860 74
2190 406
1438 625
520 517
344 76
1020 66
1550 93
528 56
1210 324
573 326
458 406
808 136
422 548
740 770
828 66
797 66
856 356
806 856
570 256
882 86
695 556
696 56
588 256
769 555
556 546
739 217
370 66
163 417
553 489
474 457
1598 246
823 76
553 433
1007 86
2216 336
835 556
540 206
783 308
625 353
888 336
960 126
2068 468
1063 449
934 198
536 56
888 307
453 363
1210 324
256 106
469 106
348 403
2404 906
438 436
393 889
906 93
339 146
470 286
306 179
2091 66
375 527
452 1206
1966 576
785 76
1104 576
2006 93
781 556
887 203
830 56
386 66
470 106
477 126
470 106
1550 420
1601 381
319 258
428 96
453 398
319 258
1091 66
853 385
927 256
1788 48
202 894
370 255
1076 256
1288 126
848 453
2070 556
453 453
497 66
324 218
300 267
310 236
656 256
1770 1010
486 66
1565 561
1636 366
348 403
928 123
835 556
588 256
306 336
456 436
259 377
2116 56
2026 56
1570 406
431 66
320 258
2382 556
348 403
1338 256
1550 420
1236 306
186 285
745 318
448 468
830 76
408 136
413 136
1290 576
366 56
341 93
682 581
559 206
856 126
319 258
378 225
1210 546
2104 705
422 419
769 126
870 336
420 106
448 468
417 116
816 183
2016 151
267 106
2216 256
359 87
1179 76
468 206
1355 66
1550 436
341 353
1636 366
436 66
1598 246
779 545
612 257
806 286
232 824
1066 336
553 433
606 566
506 61
516 414
695 556
1376 256
206 870
2402 56
306 93
232 406
733 600
420 308
1289 393
746 586
1770 326
1066 336
666 424
383 277
252 218
376 60
1418 96
621 378
839 286
458 406
438 406
927 556
612 257
1326 66
290 187
2382 556
970 106
406 126
880 56
1506 241
556 546
829 93
829 528
508 306
356 556
779 545
402 173
1103 465
700 318
756 556
726 66
224 429
319 258
141 48
1040 616
348 403
2326 556
406 156
439 66
420 308
769 126
770 241
2382 556
306 106
384 456
666 424
990 586
333 378
835 123
438 406
593 417
480 452
370 255
420 278
798 449
418 66
1188 66
540 205
422 548
870 308
803 383
411 528
990 558
1506 241
319 258
960 566
2216 336
745 66
553 433
868 556
663 506
948 246
384 456
1210 426
770 241
1036 356
957 428
1055 126
343 156
2216 256
1336 241
256 116
1970 336
532 86
320 258
2006 406
829 528
768 555
1973 489
1598 246
296 156
720 335
430 407
458 406
458 66
1406 66
1402 86
1260 48
453 363
1565 561
1098 365
182 433
910 126
1002 93
1215 61
1055 66
1007 106
516 584
902 358
888 548
784 179
291 278
469 106
884 370
884 370
457 106
1906 286
818 323
553 165
913 417
756 556
769 265
553 433
835 556
324 528
359 87
320 258
1550 556
420 66
960 66
750 730
1788 66
330 66
406 206
1338 256
420 66
870 106
449 106
453 398
2316 56
960 566
880 66
856 356
348 403
402 173
547 56
798 453
818 66
348 403
421 66
2326 556
491 93
221 389
670 575
890 537
320 303
779 66
420 308
298 66
703 442
456 336
770 1110
910 576
1355 386
320 296
271 93
768 555
839 76
348 146
2106 56
565 358
330 436
406 156
406 186
938 386
703 442
453 453
319 258
456 206
356 176
720 308
330 66
888 336
823 183
2292 427
491 93
781 66
283 611
420 336
406 356
663 506
1007 106
2068 468
496 61
406 156
350 179
639 288
458 406
520 517
2116 61
456 206
891 256
486 486
888 548
2151 46
291 278
1340 256
458 406
1290 576
1063 449
870 308
1210 546
874 123
808 136
1586 63
422 419
1555 372
720 336
388 66
123 66
781 486
406 156
680 66
695 556
1606 506
406 156
468 206
2326 556
870 336
798 453
663 478
2226 556
366 56
356 116
316 66
663 478
1659 398
565 358
1755 360
487 186
429 307
806 286
420 306
343 156
888 336
761 486
2093 206
853 385
770 241
123 918
310 236
870 336
356 93
530 158
931 306
1556 586
170 196
2286 48
320 76
639 288
1616 106
1390 466
393 126
489 98
769 555
1206 93
663 506
453 398
1030 336
446 151
729 86
406 106
565 386
528 66
1770 1010
1040 616
281 66
1506 420
811 486
893 328
1826 449
1290 576
1251 347
516 414
565 386
2070 556
2011 556
1289 406
413 93
438 406
420 278
1555 372
436 458
667 536
882 86
486 486
256 136
1131 306
341 530
891 548
745 346
1770 336
818 558
508 306
2093 556
399 56
868 556
1895 76
1290 576
440 548
470 258
283 87
378 225
448 468
781 1170
356 286
321 93
2326 126
304 126
438 406
829 93
480 402
1770 336
639 288
500 66
433 156
809 86
140 537
1606 426
417 116
438 406
516 391
788 88
812 86
429 468
1236 306
506 406
806 286
2126 546
452 86
789 137
556 66
750 138
746 88
306 126
1236 306
288 246
1398 620
319 258
406 156
2326 556
695 56
232 824
378 225
309 87
480 452
1172 517
720 335
1210 324
1953 86
429 307
2406 66
445 173
2382 556
1404 468
480 402
1836 61
2402 576
818 558
870 308
486 56
2003 414
1970 286
565 358
409 251
516 414
1056 246
508 206
889 406
580 56
406 106
1546 414
1210 545
328 238
1755 360
448 468
1336 241
174 545
1289 393
750 768
1025 453
421 66
797 328
741 56
781 93
1606 66
429 307
1404 468
2190 406
988 106
1808 346
695 528
2382 556
1251 61
769 486
695 556
657 146
651 528
291 278
1030 336
1110 236
346 535
657 146
600 176
1289 393
420 308
2326 556
320 258
1063 453
898 66
667 528
888 307
1390 466
480 402
420 278
424 136
1595 421
182 403
486 486
417 116
919 528
558 97
291 93
606 586
666 556
1056 246
1480 728
449 556
406 206
2070 126
768 126
1071 285
813 360
181 280
298 66
180 453
621 378
392 87
1966 576
1570 406
1210 545
1020 56
1260 86
348 403
390 137
570 237
720 308
1066 336
383 277
576 239
252 246
2259 555
420 286
