800
1220 2440
948 126
606 566
376 206
881 467
829 556
388 106
870 336
338 66
639 288
359 87
990 558
706 86
453 453
750 768
370 255
453 398
364 68
1506 420
663 506
181 280
220 86
919 556
2093 556
2093 206
818 66
1406 93
1770 326
2402 576
1048 106
290 187
1030 336
406 106
746 586
309 237
990 586
663 66
480 452
2060 93
881 781
706 66
288 246
291 278
423 310
818 586
396 166
570 237
1402 86
534 61
1260 456
252 218
516 306
1752 336
436 66
750 768
438 406
768 555
2326 768
390 86
356 206
421 66
491 93
1063 449
516 391
770 241
356 324
397 87
1659 398
1241 131
1944 91
1246 406
804 406
745 318
2046 56
508 126
806 286
806 286
1063 449
2216 256
1970 336
396 106
928 123
733 600
346 535
318 508
539 503
853 403
397 225
667 528
779 545
913 417
255 383
1940 538
406 156
417 116
824 527
356 324
511 66
356 324
256 970
420 566
2292 472
366 486
465 156
819 356
420 278
1565 561
750 740
803 383
449 556
1506 420
720 336
600 93
816 216
888 307
856 126
412 528
1556 93
1970 286
224 429
1063 449
733 600
646 586
756 66
1063 453
252 218
1895 206
2066 506
1210 324
511 66
456 336
346 126
884 370
406 156
906 66
516 414
906 456
420 306
906 356
482 86
1036 356
570 891
452 1206
406 206
406 106
453 453
320 316
348 403
486 486
2044 106
319 258
516 391
1210 546
506 396
300 267
874 123
746 556
430 421
783 528
745 318
769 486
470 287
2026 66
1065 353
2348 536
1172 517
378 225
324 218
1843 575
396 91
437 86
516 414
324 528
568 66
1210 126
888 576
1556 586
291 66
474 457
383 277
2126 546
680 474
458 66
706 66
486 486
306 106
420 336
668 166
1636 366
420 106
745 318
2382 556
366 458
1030 336
764 176
371 66
1570 93
845 66
341 93
756 556
666 556
682 581
1498 356
785 66
424 136
700 318
420 336
870 106
1210 546
306 506
420 336
1970 286
256 146
336 286
391 97
506 61
621 378
779 545
529 469
366 486
844 123
1788 356
771 137
241 66
869 556
1570 406
506 406
906 356
1806 66
2326 556
2348 536
919 528
703 288
404 56
1659 398
486 486
348 403
470 106
319 258
306 336
1188 66
957 456
1104 576
419 528
611 257
2216 336
990 558
348 403
621 378
1002 556
1550 436
570 256
452 1206
417 393
452 1206
856 356
320 258
319 258
437 528
304 126
543 416
771 137
420 308
420 336
1506 241
2210 206
1063 449
348 403
516 414
406 156
746 556
663 506
455 226
406 136
1438 625
695 556
470 258
172 363
142 328
1966 576
306 126
2402 576
1659 398
913 417
333 378
343 156
818 323
516 414
366 556
870 548
884 370
818 323
858 76
256 136
388 72
816 616
298 66
2216 256
453 363
2388 86
812 421
743 337
2121 88
1970 156
406 56
556 546
656 256
1770 66
1598 246
2103 556
346 256
1055 353
606 239
870 93
131 1163
938 66
333 378
890 106
856 356
1056 246
409 251
185 503
680 581
829 556
430 421
818 558
1646 406
849 66
178 620
471 66
1808 346
758 146
745 318
333 378
1410 246
720 335
2406 106
429 307
770 241
2426 76
2402 576
875 66
681 106
241 575
1063 76
445 173
768 555
422 398
516 391
383 277
1188 86
784 179
1419 66
620 157
422 419
957 428
884 370
448 468
2104 705
356 116
612 257
768 556
870 93
404 486
666 424
1066 336
491 93
565 358
530 396
1512 66
870 206
811 66
458 406
913 417
2402 576
835 95
446 126
808 187
306 106
1506 420
1055 381
1570 158
888 336
902 358
1506 106
348 403
556 546
328 307
919 126
1611 859
2190 406
402 889
406 106
849 66
538 66
1172 517
1670 106
1570 93
182 403
892 123
835 556
319 556
570 891
813 360
798 453
1550 436
692 587
606 566
338 66
808 136
1210 93
930 56
981 286
769 66
657 146
429 468
2292 427
2216 336
480 793
870 106
783 528
1236 306
161 449
470 258
2206 56
1172 517
783 68
573 326
1210 426
833 307
614 218
309 137
747 318
86 489
1636 366
1071 285
2070 556
769 486
1973 489
779 545
960 566
430 407
258 106
306 166
1586 63
777 203
227 832
703 442
975 86
1289 393
506 66
429 468
1210 426
406 206
839 286
370 256
379 225
588 256
520 438
486 486
370 255
1172 517
440 548
1246 406
959 106
1506 241
835 76
1636 366
449 556
872 66
547 56
1508 56
646 66
1966 576
2068 468
421 66
825 86
906 356
838 176
990 66
1770 336
306 336
888 307
324 218
163 417
405 162
2121 581
990 586
1036 316
306 126
366 556
469 106
298 66
1970 336
750 768
506 158
309 137
220 66
406 106
420 566
721 356
888 76
2226 556
309 137
787 86
703 288
486 438
891 256
540 205
565 66
480 402
1398 600
420 106
406 356
420 93
356 206
370 237
474 538
406 156
420 336
938 381
2068 468
480 793
356 116
178 620
348 403
540 205
420 306
1550 86
720 308
348 403
910 467
856 356
406 206
612 257
781 356
990 586
255 383
913 417
420 306
1788 66
106 717
155 463
1570 406
456 436
2093 556
882 86
816 538
404 486
1550 556
1659 398
750 740
1550 436
325 518
368 66
409 76
842 137
348 403
458 66
568 66
206 66
913 417
221 389
856 356
2406 581
429 307
356 286
1733 66
612 257
449 528
1973 489
325 518
667 556
995 307
516 391
1526 606
1615 76
803 421
2190 406
370 197
1221 56
406 206
422 548
370 329
756 336
888 548
1666 61
344 126
1966 576
746 556
768 93
501 66
470 258
708 106
818 323
241 66
206 317
1416 176
812 421
1616 66
891 126
2103 556
706 206
1755 430
291 66
386 121
720 336
2226 556
888 548
420 66
888 336
811 486
769 486
509 76
370 255
449 556
310 236
612 257
706 225
540 205
1755 430
497 66
324 528
367 88
343 156
486 438
1966 206
950 51
348 403
835 93
570 237
538 66
1055 66
777 203
370 329
880 66
760 74
438 406
666 424
186 285
2326 768
606 239
491 93
319 258
2006 93
320 1150
1970 336
1826 449
810 66
848 453
1210 406
2348 536
2093 556
406 116
256 288
888 576
408 556
990 586
1210 545
629 148
556 546
829 528
2206 56
781 66
406 126
667 536
1063 449
1570 406
682 76
770 217
1390 466
491 66
870 106
420 330
320 296
783 528
2236 86
430 421
348 403
261 66
1546 414
437 86
663 478
1063 76
855 126
420 286
324 528
1356 306
336 286
322 97
534 61
336 286
471 66
651 528
66 846
904 406
1820 93
1210 546
341 530
1404 468
870 336
881 467
198 323
497 66
480 402
438 436
695 93
492 558
553 489
818 586
420 566
291 278
970 567
354 121
2216 256
450 66
2116 86
319 258
170 567
1788 356
1550 93
616 66
2439 93
781 556
1970 336
890 781
804 406
702 353
1755 430
1752 93
990 586
898 278
908 86
383 277
1306 66
408 556
417 116
448 468
558 97
2067 56
1260 956
508 306
812 407
1071 285
818 586
406 206
606 239
556 546
740 770
1289 406
869 86
2210 93
870 93
470 286
2003 414
1103 465
811 486
1418 96
1555 372
1739 66
453 398
406 136
339 146
761 93
471 66
1007 106
905 198
625 353
422 398
1063 449
1210 406
611 257
769 265
252 246
186 285
456 106
1586 56
593 417
669 86
797 328
341 93
819 332
330 436
741 56
1973 489
1566 66
1066 336
851 137
813 360
1036 356
783 548
453 453
1236 306
386 121
491 93
320 296
441 66
778 66
835 123
458 86
366 486
