800
1220 2440
356 556
781 356
606 239
1419 456
420 278
2259 555
1063 449
667 556
1555 372
283 612
1733 86
516 306
720 308
1071 285
910 576
255 383
489 86
1172 517
937 306
256 179
868 556
1055 381
106 106
620 570
320 258
174 553
931 271
448 468
2348 66
1550 556
2326 556
2048 336
2124 86
706 576
1218 76
761 486
516 306
291 278
422 398
1872 61
1843 575
1526 606
1688 106
366 458
436 458
565 358
406 156
1906 286
1606 426
769 126
1040 616
656 256
471 66
891 256
875 66
1404 468
884 338
695 528
417 116
506 396
783 528
870 420
356 324
1970 336
2348 536
448 468
406 126
206 317
1546 414
593 417
666 424
1206 106
771 137
919 556
380 76
396 106
516 414
376 60
452 86
199 356
2210 93
2106 56
1658 86
805 56
910 467
1390 466
778 486
2326 556
268 56
181 436
438 436
835 556
480 452
1210 426
402 889
321 66
743 86
420 336
1526 606
1143 198
887 203
255 383
306 146
170 567
721 356
390 137
928 123
267 106
1110 236
870 576
2226 556
906 356
1404 468
888 576
750 768
516 414
666 124
439 366
441 358
1498 820
812 421
309 87
666 556
570 891
696 176
1063 449
1526 606
620 176
419 528
2226 556
480 86
422 398
455 226
486 486
1002 93
406 545
612 257
570 891
695 93
2382 556
570 256
446 151
1555 372
1770 336
1546 414
746 556
298 66
2326 556
2382 556
1752 93
746 556
1601 381
448 468
756 556
251 66
420 330
687 184
858 66
449 556
320 107
890 781
1659 398
2086 66
2036 586
458 66
835 123
123 478
910 576
1289 393
366 106
288 66
180 453
1290 576
1506 420
445 548
406 116
530 158
1970 336
556 546
690 86
324 528
651 528
556 60
695 528
370 66
663 66
438 436
606 239
324 528
625 353
906 286
438 406
796 56
1755 360
1721 56
1289 402
956 66
1150 236
441 360
445 576
746 586
203 397
884 370
784 56
881 781
868 556
813 360
316 66
890 66
756 66
326 66
721 66
706 206
718 66
1770 326
366 458
470 287
1906 286
635 126
409 251
448 468
870 106
370 237
888 576
1406 66
406 146
2006 566
420 308
1030 76
86 268
420 278
445 66
324 528
1556 586
1289 406
1398 600
990 558
906 356
1506 66
860 74
716 106
858 106
1398 620
1290 576
486 56
1210 545
1556 586
713 86
2404 906
811 66
480 452
182 403
453 453
1289 393
256 136
174 566
343 156
406 206
553 433
1210 426
530 396
406 206
904 528
516 391
259 377
523 133
651 528
1063 449
190 453
2382 556
328 256
908 61
1506 420
470 286
409 86
606 278
1088 326
818 586
1506 420
829 93
356 286
1615 76
717 66
1553 465
306 106
593 417
506 396
384 456
528 66
1210 546
2382 556
1210 545
1290 576
538 56
506 406
206 426
776 241
870 308
422 398
441 358
516 391
324 528
739 285
1770 66
1210 546
453 398
778 486
446 126
302 126
370 255
1556 586
383 277
891 66
1906 286
336 286
682 581
256 136
320 258
393 889
1526 606
818 558
356 324
420 417
341 530
770 241
1703 66
224 429
523 187
402 889
1289 406
811 486
486 66
516 391
455 226
663 478
448 468
486 56
406 106
906 93
448 468
348 403
829 528
399 56
611 257
1210 324
371 126
406 106
446 151
791 66
406 545
406 106
470 287
256 136
2402 93
206 388
421 66
406 156
663 506
666 424
746 586
420 306
376 206
183 743
1755 430
663 66
812 421
891 390
446 126
508 306
2326 66
2048 336
370 255
1063 449
383 277
768 93
805 56
491 93
1065 353
2326 556
1040 616
868 556
252 246
798 453
848 453
521 66
549 97
374 126
420 308
252 218
870 336
1000 126
2301 186
813 360
2292 427
708 106
259 377
870 548
889 406
906 468
516 414
2116 56
415 307
565 358
682 581
406 156
1290 576
320 286
306 336
491 93
2210 206
553 489
491 93
538 66
491 93
781 93
280 93
419 528
420 278
1406 93
328 256
1606 426
703 288
540 205
1550 420
606 278
2402 56
339 66
324 528
682 581
383 277
2216 336
453 398
496 135
787 56
480 793
388 72
422 419
429 468
456 206
818 558
348 403
422 548
646 86
406 136
436 458
516 584
778 66
429 468
1266 66
321 66
409 251
2292 346
86 316
768 126
309 237
2006 406
1826 449
1406 66
438 436
733 600
1506 420
1370 406
2190 406
884 370
813 360
404 486
256 288
456 436
1131 306
1406 66
456 436
761 486
1290 576
1910 66
320 258
1289 406
1398 600
1659 398
370 256
703 288
420 306
1056 246
667 536
1406 66
430 407
888 336
406 156
333 378
565 66
2394 66
320 1150
1480 728
868 555
406 146
356 558
803 421
856 356
341 353
770 61
1002 556
491 93
606 586
2382 556
682 66
770 296
666 424
758 138
770 241
1598 246
1088 326
453 453
306 179
252 93
570 237
406 156
1538 385
252 246
446 126
291 278
906 66
2402 56
938 106
721 356
1528 86
328 256
2382 556
612 257
1068 286
255 383
163 417
2070 93
639 288
406 91
421 66
366 56
141 431
486 66
406 146
1356 306
758 146
206 426
824 527
1872 61
508 206
384 456
406 206
291 278
666 424
2070 556
769 66
456 156
950 106
937 66
393 86
1528 86
530 396
341 530
430 407
165 553
2326 556
663 506
1289 406
456 121
1966 206
288 66
1398 600
891 576
1550 436
433 156
386 121
1376 256
713 106
420 306
502 66
446 151
700 318
666 424
174 307
1006 93
1419 66
1598 246
2126 546
338 76
706 206
341 93
1063 453
430 407
306 506
629 356
406 116
1550 556
891 86
393 889
812 407
530 396
480 402
406 156
306 146
740 106
874 123
420 86
251 66
2382 556
913 417
1398 600
406 545
220 93
750 740
320 258
256 288
559 206
474 538
186 285
781 486
781 486
2210 206
1526 606
459 428
491 93
611 257
423 310
470 66
1289 393
521 66
324 528
770 556
1966 206
325 518
222 433
480 402
2151 46
306 126
206 56
1659 398
408 136
1718 625
2326 93
791 126
1770 336
356 556
919 528
456 121
1582 86
319 258
406 545
2055 66
356 93
870 66
1550 420
383 277
456 336
812 421
768 555
178 620
256 146
692 587
1336 241
910 126
769 265
341 93
769 555
853 937
733 600
888 66
474 538
404 66
417 116
761 486
511 93
804 406
2382 556
356 324
639 288
570 66
1179 76
703 288
2402 56
2121 56
455 206
570 237
1251 347
750 740
769 126
320 258
870 336
1550 420
2326 126
470 287
520 517
320 296
1506 241
948 456
870 576
806 93
421 66
516 391
2292 427
1063 453
1646 406
2348 536
812 421
470 106
271 93
868 93
769 486
2106 93
158 285
663 506
182 403
222 433
781 556
383 277
356 558
341 530
869 556
872 61
625 377
716 106
324 528
219 86
496 61
745 318
798 449
616 126
1289 393
178 620
746 556
2048 336
1270 66
570 256
1416 176
1030 56
486 486
1570 406
1030 56
1066 336
870 106
383 277
1255 56
316 392
890 537
456 436
1973 489
870 308
406 126
2070 556
406 156
456 336
941 56
158 305
202 894
356 206
1210 546
656 196
700 318
453 363
970 567
695 56
320 286
1550 556
1940 538
348 403
750 126
415 309
483 558
756 56
320 258
906 456
588 256
516 584
1701 246
703 442
769 555
291 278
733 620
1550 556
1210 546
224 76
1025 453
1210 406
2005 66
902 358
1040 616
663 478
740 770
874 123
1770 326
1718 625
1906 286
804 406
667 536
252 246
356 324
818 323
920 76
1246 406
440 548
588 256
370 255
1290 576
