800
1220 2440
891 576
796 124
1973 489
1755 430
769 56
324 528
448 468
1131 286
824 66
893 86
1570 406
449 556
960 566
784 56
882 93
348 146
1290 576
456 66
406 106
440 548
787 56
771 137
348 403
319 258
2326 556
767 68
300 267
562 66
2326 556
1251 347
482 86
306 179
181 436
220 66
420 336
324 528
888 307
391 66
256 116
1936 426
745 346
491 66
2016 151
1598 246
256 136
710 93
255 383
369 323
1210 546
868 556
2068 468
421 66
306 336
781 48
424 136
1881 56
1550 556
810 506
612 257
291 278
663 478
391 97
568 206
768 555
981 56
386 121
2104 705
2326 556
1050 761
420 308
888 307
1071 285
1356 306
891 576
781 536
2070 556
252 246
386 121
406 91
875 365
606 336
356 286
306 336
516 391
1398 600
1030 336
1550 93
393 889
639 288
356 324
2066 506
468 66
2005 66
2126 546
371 536
606 566
781 486
421 66
888 336
453 453
798 453
56 218
415 309
651 528
320 286
848 453
2226 556
620 570
835 56
506 158
241 66
756 556
480 793
798 449
783 548
406 206
420 336
606 586
530 396
455 226
370 237
565 386
952 746
888 548
639 56
356 558
1895 206
770 216
1068 286
346 278
600 157
325 518
2106 306
384 456
142 328
835 93
784 56
812 421
2402 576
606 566
639 288
283 87
952 746
449 528
875 365
695 56
290 187
2190 86
2104 705
888 336
320 286
186 285
356 236
281 66
768 556
420 566
806 286
2036 566
371 508
855 126
1570 93
458 406
185 503
516 414
1236 306
448 468
448 468
875 465
206 66
744 347
406 136
1010 307
371 66
1088 326
438 436
938 386
438 436
549 97
666 556
1556 66
1210 324
576 239
345 535
588 256
378 225
388 106
843 187
839 286
1210 545
769 66
797 188
2048 336
383 277
870 93
902 360
283 611
770 241
438 406
491 93
474 538
806 93
778 486
470 530
733 620
470 138
870 336
356 206
919 528
881 781
756 556
798 453
422 419
919 556
2382 556
798 453
570 237
2036 586
516 391
252 93
347 506
818 586
888 548
620 176
1210 426
829 556
823 76
570 237
516 391
413 93
771 137
291 278
291 278
309 137
471 66
990 66
780 197
422 398
1506 241
761 486
316 392
975 86
356 206
1966 576
506 396
770 217
2348 536
455 226
252 218
606 336
781 486
452 1206
941 66
423 310
621 378
1260 156
990 586
952 746
422 419
1210 426
492 558
639 288
406 126
438 436
291 278
325 518
422 419
1050 761
371 66
438 436
511 93
745 318
409 76
386 121
1289 393
813 360
1382 66
420 336
890 106
703 442
888 307
2216 66
803 383
406 156
408 556
2070 93
283 612
750 768
786 56
1770 93
1063 449
370 256
703 288
445 576
875 465
1063 449
611 257
2016 151
406 156
2206 51
937 66
486 438
1570 406
417 116
343 156
1030 336
419 528
2326 768
651 528
1210 545
612 68
1636 366
1906 286
448 468
496 92
420 278
703 446
456 336
369 66
429 307
640 56
388 66
824 66
453 453
453 363
703 442
813 360
781 556
474 61
312 68
839 286
858 106
289 1172
328 256
937 66
829 556
570 237
406 136
377 56
781 66
1391 406
906 93
1290 576
855 126
1470 106
667 536
666 146
802 93
391 66
406 116
163 586
778 66
1973 489
892 123
913 417
374 126
1570 406
1506 241
1546 414
663 66
1570 93
803 170
429 468
516 414
1206 106
888 336
667 536
399 56
2036 586
1970 336
1002 93
870 420
708 106
2005 106
1391 406
520 517
383 277
483 558
356 324
310 236
520 438
913 417
1441 66
1570 406
620 157
745 318
356 286
418 66
1826 449
838 176
556 64
1271 176
491 93
222 433
910 576
809 61
406 156
910 576
1506 241
680 554
413 156
769 66
808 136
1260 326
943 76
456 206
2011 556
491 93
300 267
835 123
530 396
343 156
261 66
445 576
1636 366
789 66
1606 426
419 86
406 206
1636 366
420 86
516 391
232 824
556 546
913 417
430 421
829 556
745 318
768 556
270 106
343 156
422 398
471 66
448 468
1606 426
338 66
1056 66
339 126
1438 625
1289 393
639 56
268 86
163 417
356 116
891 256
384 456
670 238
2326 556
565 358
202 894
919 556
1289 406
747 318
888 76
480 793
695 556
558 97
1210 545
224 429
181 280
798 453
1025 453
855 66
406 56
888 336
196 56
417 116
386 86
497 66
1210 324
2396 56
383 277
1550 420
747 328
170 196
970 567
486 66
420 306
570 256
952 746
829 556
348 403
1063 449
1002 556
888 336
406 66
703 442
927 556
2402 576
720 336
960 566
422 548
422 419
1973 489
470 126
870 336
1570 406
870 66
1338 256
888 336
943 76
486 486
370 255
252 246
388 76
1404 468
422 398
300 1068
667 556
872 86
1290 576
341 530
888 126
2326 556
515 56
474 457
1172 517
2286 48
1210 426
506 396
491 93
1030 336
356 176
1550 556
768 555
422 548
2406 56
1946 66
224 429
1110 236
667 528
1770 336
703 288
695 528
565 386
383 277
417 116
406 106
667 536
621 378
422 398
910 576
497 66
781 66
417 116
906 356
695 93
406 166
1970 336
593 417
1391 106
471 66
720 336
516 584
420 278
768 556
1206 106
785 76
2226 556
320 258
1843 575
2064 86
470 377
2066 506
222 433
870 336
700 336
703 446
521 66
319 258
2382 556
611 257
1289 406
770 253
818 558
491 93
2326 556
855 126
420 308
808 136
733 620
931 271
781 356
990 126
404 486
345 535
430 421
530 396
420 417
1066 336
408 556
2382 556
1296 166
829 556
333 378
750 768
650 894
568 216
408 136
745 126
876 86
858 66
489 98
798 453
256 136
1556 66
593 417
813 360
438 406
1246 406
406 66
680 581
806 56
516 391
330 436
1290 576
798 453
990 558
306 166
406 545
465 156
750 740
855 126
516 391
806 93
835 556
706 576
516 391
261 66
872 61
910 126
148 535
1338 328
606 586
170 196
341 530
163 417
509 76
771 137
1843 575
870 336
746 586
2048 336
1098 365
600 176
823 183
333 378
1210 426
412 528
356 206
1385 86
776 56
835 123
870 576
706 66
1550 436
2121 581
1636 366
420 308
663 187
393 889
721 66
2288 48
611 257
480 793
1526 56
453 398
756 56
396 91
1970 286
840 66
2190 406
320 296
1718 625
458 406
680 581
906 356
397 225
1906 106
392 87
553 433
778 56
345 535
1646 406
1498 820
2326 556
256 136
778 486
810 506
1172 517
726 96
439 366
856 356
600 157
625 353
319 258
328 256
406 156
726 96
1843 575
1236 306
142 328
839 86
812 421
348 403
2266 56
806 286
930 86
1306 66
1306 66
670 575
511 66
344 126
797 356
306 179
406 106
1246 406
2066 506
606 566
420 566
720 308
1606 426
406 126
1063 449
366 458
388 72
1246 406
870 308
745 346
300 1068
808 136
1688 106
516 414
306 93
1659 398
1170 88
518 56
430 421
420 308
1063 449
371 66
720 336
1370 406
320 258
975 86
1241 131
2216 336
316 392
356 116
888 576
706 576
224 429
356 116
345 535
760 156
889 406
869 86
1179 76
480 452
739 285
808 136
818 558
620 570
593 417
2068 468
1506 241
783 548
870 336
695 556
448 468
456 436
1063 453
870 576
453 398
625 377
516 391
422 419
829 556
406 156
486 486
906 456
959 106
540 205
839 76
811 486
182 403
486 486
875 465
288 66
1040 616
320 126
348 403
348 403
1818 86
798 449
430 407
769 555
781 486
320 217
516 391
1380 76
