800
1220 2440
406 156
491 93
2292 472
769 66
1506 241
438 406
420 278
252 218
270 98
1966 206
921 86
1290 576
1946 66
695 556
1500 56
870 106
319 258
803 106
1752 93
2066 506
990 558
256 970
812 421
445 548
406 86
695 528
2382 556
378 87
1391 106
919 556
593 417
1570 406
509 76
304 126
919 528
437 528
1293 56
778 486
890 781
324 528
667 536
1506 241
1020 66
1289 402
386 121
256 136
2126 546
256 970
142 328
448 468
2216 256
497 66
540 206
830 433
412 528
745 346
420 566
718 399
771 162
256 116
333 378
1506 420
889 406
656 196
798 453
549 97
497 66
870 66
491 93
543 435
573 326
422 398
449 126
2093 556
491 93
620 93
1818 86
347 506
808 136
320 296
1088 326
458 406
470 66
481 93
556 546
409 76
593 417
409 251
444 137
333 378
1025 453
306 336
516 391
770 253
1636 366
2216 336
870 308
106 106
397 87
651 528
913 417
788 307
422 398
1030 56
786 566
232 824
687 184
981 286
1770 1010
853 385
406 126
539 503
1808 346
356 286
553 165
549 97
333 378
1236 306
1391 406
778 66
565 93
785 76
406 156
745 318
576 239
543 435
802 366
891 126
406 126
484 576
1526 606
888 307
222 433
784 179
816 406
444 137
420 308
565 386
446 386
2126 546
370 197
158 468
1582 86
2190 406
818 126
291 66
806 286
370 256
2406 581
606 239
356 206
420 93
341 530
1260 66
1063 449
2259 555
670 238
802 366
720 336
1788 66
802 366
420 278
1752 126
703 442
470 286
271 93
1550 436
906 456
1910 66
2106 306
913 417
370 255
981 76
720 308
86 489
788 106
888 307
438 406
620 93
392 87
523 133
148 534
586 106
1598 246
891 66
338 66
455 86
2266 66
422 398
345 535
1063 449
2216 256
438 406
456 336
420 66
798 453
448 468
291 278
1556 586
2326 556
384 456
491 93
1140 76
706 225
2292 472
1056 246
406 86
1826 449
430 407
449 93
2070 93
241 575
1450 76
291 278
224 429
1438 625
990 558
706 206
804 406
700 318
1104 576
1550 420
491 66
1659 398
1390 466
910 126
480 402
666 420
2012 151
1246 406
593 417
470 287
348 403
476 126
1350 76
2326 768
2070 93
1970 286
2326 768
1056 246
906 468
710 241
797 66
370 255
420 566
291 93
1260 326
2326 556
747 318
206 317
437 528
453 398
1826 449
710 196
1716 216
1210 545
540 93
1063 449
2226 348
383 277
756 556
356 206
2006 93
1555 372
810 478
1416 176
370 256
1071 285
1966 206
221 389
448 468
838 176
221 389
319 341
406 156
1526 606
1556 586
1966 206
420 306
747 318
366 486
1404 468
553 489
818 558
406 545
678 66
1066 336
449 126
391 97
319 258
868 555
1970 286
458 406
2382 556
241 66
1210 406
663 478
1391 406
774 179
611 257
370 356
875 465
710 196
470 377
398 93
960 566
1390 466
1550 436
1355 386
508 206
540 205
1659 398
1375 700
797 66
198 323
692 587
2056 93
291 66
2326 556
860 74
700 318
906 356
161 449
898 66
1659 398
448 468
1063 449
1550 556
750 768
483 558
316 392
252 246
884 66
750 768
806 106
406 106
703 288
320 258
421 66
330 436
424 136
1210 426
408 556
356 116
720 335
356 206
222 433
651 528
824 527
990 66
181 436
356 206
348 403
1895 206
388 72
420 330
530 158
456 336
224 429
670 575
420 126
291 66
441 66
1063 453
449 556
600 157
300 1068
2406 66
756 556
516 391
651 528
1289 402
868 126
241 66
324 528
1970 336
892 123
438 406
255 383
338 66
172 363
1755 360
686 506
392 87
319 258
774 179
320 258
383 277
406 106
411 528
438 406
1752 336
1002 556
853 385
456 336
324 528
310 236
888 126
695 528
445 576
881 356
440 548
471 66
304 126
370 237
333 378
889 406
870 336
891 576
388 72
1179 76
1406 93
695 93
421 66
570 237
336 286
549 97
286 136
1066 336
2048 336
1550 436
1555 372
1418 96
458 406
1066 336
348 403
868 555
870 86
224 429
663 187
2402 56
686 506
913 417
445 66
1406 66
1071 285
1526 606
440 548
406 106
1755 360
420 308
539 503
2382 576
781 556
770 556
750 768
646 586
350 179
1178 218
406 156
2048 336
499 56
798 453
870 308
136 185
1206 48
348 403
377 56
770 241
516 306
2012 151
131 1163
758 146
1289 406
570 237
1063 449
1636 366
818 558
530 406
170 196
1241 131
252 246
680 581
1131 188
420 278
902 360
1470 106
2348 536
1063 453
952 106
1718 625
888 336
2126 546
769 66
1526 606
1390 466
921 86
396 166
539 503
450 428
341 93
252 218
745 346
830 76
2402 576
429 307
1770 66
375 66
2348 66
781 556
448 468
455 528
288 66
406 146
516 414
835 528
1944 91
422 548
506 66
2068 468
453 398
808 136
651 528
448 468
420 308
486 486
480 402
316 392
703 288
406 56
835 95
1636 366
811 66
639 288
812 407
1688 106
1550 93
402 126
1570 93
1555 372
516 584
565 358
721 66
2216 256
406 156
1550 436
835 528
370 66
1550 556
606 566
812 421
306 336
826 66
480 793
809 106
593 417
1416 176
835 528
458 406
422 419
1002 93
480 402
1385 76
316 392
651 528
328 307
829 556
327 96
1534 48
429 307
289 1172
1556 586
1570 406
1135 76
139 413
406 126
523 187
406 146
570 237
770 556
446 151
370 329
486 486
376 206
2070 93
818 558
2382 556
470 66
398 93
486 56
868 556
486 438
203 397
224 429
161 450
680 581
891 576
745 318
600 157
2316 56
891 548
1340 256
370 256
870 126
370 356
422 398
868 556
670 575
480 793
835 56
1701 246
482 86
231 76
1290 93
449 556
453 398
424 136
695 93
1546 414
470 286
696 176
1462 306
839 76
341 530
868 126
761 486
1870 86
1076 256
423 310
538 66
1066 336
746 586
667 536
666 424
2190 86
492 558
448 468
889 406
330 436
356 196
1570 406
1752 93
1406 66
1546 414
288 246
639 56
2216 336
959 106
348 403
1598 246
252 246
870 548
492 558
593 417
1306 66
1104 576
406 96
779 545
756 556
1570 93
320 258
1290 576
768 555
769 126
880 66
340 93
835 123
816 216
1246 406
356 236
767 137
798 453
1385 86
818 558
491 93
420 308
835 556
486 486
629 148
824 66
491 66
810 66
1110 236
1498 356
838 176
682 581
491 93
231 76
406 126
491 93
729 86
421 66
486 486
486 56
588 256
770 241
776 76
888 307
379 225
686 203
889 406
839 86
2121 581
2005 66
388 72
456 106
406 186
456 206
770 356
797 216
904 406
756 336
406 156
768 555
1659 398
399 56
480 793
356 206
456 336
1041 56
1290 576
811 56
1550 556
771 137
221 389
1598 246
2382 556
224 429
222 433
881 467
870 336
666 424
745 346
444 137
1636 61
568 216
769 486
970 567
2226 556
370 356
1246 406
320 76
870 336
710 93
910 576
826 66
1289 393
232 824
1788 66
2402 576
474 538
666 424
440 548
1210 426
178 115
406 206
761 486
2151 46
848 453
833 309
2216 336
824 527
2216 256
2216 336
870 106
508 206
927 556
639 288
913 88
1036 356
415 309
2326 556
486 486
875 365
1380 66
1946 66
1556 586
486 486
470 286
2292 346
356 324
528 66
733 620
811 486
367 206
798 453
2216 256
1055 381
252 218
553 489
812 421
875 465
348 403
621 378
680 581
990 126
445 66
256 970
919 528
446 126
2048 336
436 486
438 406
455 226
2161 66
181 280
781 486
2382 556
870 336
811 486
