800
1220 2440
1970 286
806 286
453 363
420 336
356 558
256 136
458 66
568 216
1063 449
804 406
538 66
720 335
289 1172
856 356
1033 93
547 56
456 106
406 156
480 402
860 74
766 93
455 206
2103 556
621 378
1210 324
1050 761
695 93
429 307
818 586
420 308
304 126
2368 468
511 66
888 576
1659 398
2292 472
422 419
306 179
445 173
259 377
1236 306
606 239
565 386
2292 346
420 566
458 406
570 237
450 428
744 347
829 556
420 566
1135 76
384 456
491 93
703 442
570 237
1002 556
404 486
667 536
306 336
420 286
931 306
959 66
1636 366
1063 449
2406 106
291 278
291 66
778 486
1926 56
600 157
1126 56
406 116
2070 556
367 88
758 146
283 612
429 468
796 124
1788 66
370 329
430 407
2402 576
2066 506
2048 336
320 286
378 225
516 414
616 66
406 106
913 417
1290 576
306 106
1636 366
1550 556
706 206
750 768
441 360
1289 393
306 336
254 76
492 558
126 427
682 581
1670 106
320 258
1788 66
341 93
758 146
820 337
559 206
797 126
333 378
806 286
2382 556
906 286
606 336
420 278
919 528
952 746
491 93
540 205
1063 453
429 307
1659 398
870 336
856 356
663 66
448 468
492 558
345 535
2106 86
406 545
565 358
706 141
606 336
306 198
816 216
142 328
770 241
2005 66
241 66
1290 576
406 126
480 793
2382 556
1770 93
1555 372
1546 414
1556 586
370 176
870 93
421 66
470 286
281 66
744 347
556 546
2121 581
818 586
1010 307
806 286
304 126
806 286
741 91
1526 606
783 548
438 406
379 225
420 278
1289 406
1071 285
343 156
1290 93
663 506
667 556
256 146
2226 348
163 417
1206 93
256 136
467 106
1338 328
888 336
345 535
811 486
2402 56
1506 241
876 106
1020 278
818 558
420 308
452 1206
556 546
1565 561
835 528
576 239
853 428
1659 398
540 206
1210 426
338 66
1802 76
420 336
1210 324
913 417
506 396
1210 324
829 556
758 72
438 406
811 486
528 66
430 421
252 218
1289 406
612 257
445 548
888 336
659 56
639 288
848 453
1000 126
306 179
769 265
438 406
437 528
695 93
516 278
783 528
549 97
995 307
666 424
806 93
1826 449
411 528
981 56
611 257
1338 328
1048 86
1981 106
1064 46
565 358
1068 286
422 419
1526 606
540 93
319 258
291 278
455 226
455 226
430 421
348 403
703 442
720 308
256 116
1758 76
791 126
1770 1010
2404 906
170 567
1788 356
458 406
267 106
835 528
600 93
163 417
1260 326
770 241
620 176
884 370
667 536
892 123
1701 246
663 506
291 278
356 324
565 386
874 123
123 66
853 428
1601 381
778 486
491 93
1538 385
406 106
835 556
803 170
2048 336
845 126
666 424
406 136
891 66
320 296
888 336
399 56
341 93
868 555
809 86
453 398
429 307
740 86
470 530
2068 468
549 97
798 449
612 257
406 106
348 403
808 136
1172 517
670 575
491 66
406 116
201 86
888 307
2131 56
348 403
588 256
330 436
1970 336
429 468
359 87
397 225
165 553
448 468
2196 66
370 237
470 286
1550 436
2436 56
1290 576
919 93
756 66
391 66
348 403
1659 398
248 66
761 486
348 403
668 166
1570 406
316 392
2402 576
206 287
1289 406
474 538
768 555
530 396
2406 93
1418 66
593 417
808 136
952 746
816 406
875 465
348 403
319 258
438 406
703 442
516 306
568 66
768 555
2326 556
573 326
402 889
769 555
856 356
700 336
420 336
756 556
682 66
806 93
420 308
348 403
316 392
320 296
516 391
356 286
441 358
496 138
639 48
1555 372
686 203
378 66
506 66
875 465
956 66
970 567
66 802
456 336
876 106
1498 356
319 258
295 97
1290 576
227 832
370 255
703 442
406 106
1030 336
813 360
1402 86
437 528
452 1206
856 356
306 93
906 468
420 278
406 545
769 66
528 56
666 86
338 146
420 106
1498 820
1040 616
291 278
406 156
319 258
453 398
291 278
1030 336
271 93
406 106
456 436
1172 517
456 336
818 323
1066 336
650 894
888 307
558 97
729 556
309 137
570 237
778 486
458 66
587 56
1406 93
639 288
1028 421
706 206
876 106
1526 606
419 528
756 556
406 206
531 66
808 136
383 277
406 136
567 93
1376 256
990 558
791 66
370 356
611 257
516 414
788 307
1290 576
600 157
667 536
781 508
370 256
884 370
818 558
747 328
406 186
422 548
611 257
540 206
224 429
440 548
241 66
291 278
1550 93
770 86
1802 76
666 556
1895 206
769 86
376 206
438 436
1355 386
356 324
420 308
224 429
445 576
1071 285
445 66
169 386
458 406
378 225
456 206
269 66
621 378
565 358
1010 307
902 385
316 392
420 267
131 1163
2382 556
715 516
853 428
306 106
456 156
441 360
409 86
975 86
1002 93
1940 538
486 486
288 66
870 56
491 93
970 567
990 66
252 218
448 468
420 306
1966 56
1870 86
449 106
1616 66
781 556
1570 93
888 548
2348 536
86 316
750 740
528 86
455 226
437 528
455 226
570 237
904 528
256 106
446 151
429 307
855 126
2011 556
420 306
756 336
770 61
202 894
356 116
474 457
348 403
758 66
811 486
1829 138
798 449
319 258
1056 246
550 770
2226 556
486 486
746 586
338 56
1752 336
1104 576
341 530
740 106
406 206
509 76
241 66
838 176
320 258
474 538
1646 406
1506 342
1526 88
531 66
818 558
346 535
565 66
937 287
429 307
318 66
919 556
870 548
316 392
474 538
2382 576
294 66
516 391
769 56
384 456
2326 768
1179 76
906 356
1290 576
1606 66
750 768
666 424
770 128
1970 286
2348 536
887 203
356 206
420 93
306 106
406 156
1752 93
420 566
745 318
180 453
2382 556
283 612
768 556
1870 86
2104 705
448 468
835 528
1998 86
747 328
441 360
1770 336
1010 307
1836 61
455 528
1659 398
256 970
338 66
179 176
746 556
1290 576
2036 586
2136 303
816 406
406 136
420 278
806 236
562 66
2093 556
406 206
1071 285
1063 449
286 86
370 256
252 246
1570 93
870 106
1556 586
1406 66
1970 336
1788 356
530 106
1150 236
621 378
876 86
646 586
802 366
1210 546
816 538
406 166
290 206
347 506
430 421
670 575
1210 545
1007 86
1570 406
449 556
470 286
1172 517
159 567
1764 66
2292 472
779 545
448 468
1385 86
306 106
1755 360
370 255
413 156
818 126
811 486
224 429
438 406
708 106
356 206
720 308
482 86
424 136
1055 381
2216 256
1376 256
441 358
291 66
1063 449
328 256
863 56
486 486
860 67
2103 556
539 503
1826 449
1646 406
441 66
422 398
391 97
370 256
1077 86
320 303
744 347
746 586
750 138
420 336
497 66
470 287
902 360
429 468
981 66
1390 466
797 216
769 66
456 336
350 179
123 936
870 308
502 66
703 446
1340 256
232 824
2126 546
891 256
224 429
1131 306
913 417
316 392
336 197
345 535
421 66
126 427
429 468
1066 336
178 620
896 203
448 468
406 156
406 106
768 556
356 324
339 66
391 97
458 406
1071 285
2368 468
606 336
447 56
611 257
1733 86
406 156
842 137
486 438
320 258
606 239
746 56
366 106
888 576
778 66
2106 306
465 156
178 620
650 894
835 93
651 528
625 377
695 528
771 137
438 436
813 360
1895 76
286 136
760 156
819 66
474 538
904 528
321 66
898 66
516 66
470 287
1103 465
442 527
448 468
445 173
726 66
913 417
570 256
406 106
1416 176
224 429
646 586
497 66
497 66
486 486
1565 561
291 278
