800
1220 2440
835 528
423 310
448 468
781 56
406 56
271 93
593 417
474 538
370 66
142 328
1210 426
424 136
1340 256
441 360
370 256
516 278
2286 48
256 126
570 66
787 56
516 584
309 87
336 286
356 558
1246 406
778 66
528 56
838 176
178 620
750 93
816 616
316 392
781 48
483 558
667 536
453 398
682 581
747 318
383 277
436 66
406 156
746 586
808 136
750 768
188 86
1871 56
818 558
482 86
1550 93
429 468
422 419
639 288
255 383
391 66
1048 66
2406 106
316 392
174 307
420 278
376 206
486 486
1131 286
565 386
378 87
1040 616
1251 347
438 406
895 86
470 286
455 226
1556 586
417 116
402 889
1210 406
486 486
341 530
1506 66
667 556
2396 56
232 824
420 330
446 151
781 66
348 146
356 286
663 506
306 146
183 743
1966 206
625 353
438 406
231 76
1000 93
868 93
858 106
874 123
482 86
1595 421
320 286
781 486
1512 66
695 93
268 56
736 107
1290 576
700 318
406 106
367 206
802 366
1973 489
797 328
458 406
327 96
1556 386
587 56
448 468
1598 246
320 296
643 884
406 206
781 486
676 106
818 586
252 246
812 421
853 937
397 225
393 889
206 870
960 566
1752 126
639 288
316 392
1068 286
769 66
1886 66
1385 86
1506 66
438 406
343 156
839 86
288 56
2266 66
713 86
888 307
540 205
1606 66
1556 586
1770 336
222 433
529 469
1210 546
158 468
870 126
429 468
888 576
422 398
1659 398
761 486
651 528
796 56
750 768
892 123
497 66
1970 336
348 403
706 206
1135 76
781 536
1340 256
256 146
666 556
856 356
392 87
2151 46
700 318
553 489
1218 76
1179 206
206 426
453 363
497 66
406 156
680 474
910 66
1506 342
1289 402
338 146
810 66
576 239
2216 336
511 66
888 307
1289 406
256 146
483 558
1103 465
404 486
612 257
921 86
1066 336
1550 436
913 417
663 506
516 391
1210 546
781 536
630 93
320 296
523 133
291 66
730 236
888 307
370 255
306 93
456 146
1040 616
2066 506
1636 366
2382 556
325 518
456 336
309 137
970 567
379 225
420 66
344 76
781 536
835 123
710 241
1056 246
2382 556
783 548
241 577
348 403
1071 285
781 556
324 218
771 137
770 86
420 86
356 93
470 306
913 417
740 770
606 336
420 308
811 486
1210 545
202 894
1546 414
539 503
406 146
870 86
868 93
768 555
853 428
384 456
458 406
366 66
369 332
415 309
910 126
948 246
297 56
706 576
606 278
1555 372
990 586
816 216
422 419
399 56
889 406
396 106
890 537
420 308
341 353
540 205
1210 545
1808 346
321 93
530 406
417 393
1737 56
422 398
356 176
913 417
1288 126
363 172
1926 66
824 106
448 468
1636 366
612 257
695 93
2190 406
345 535
319 258
1246 406
1770 336
532 86
370 255
406 166
1598 246
391 66
388 66
333 378
422 398
769 56
870 336
670 575
621 378
420 336
553 489
452 1206
990 66
455 226
346 278
872 86
383 277
283 87
646 586
241 66
1788 356
778 56
1210 546
411 528
2210 206
1289 406
283 612
449 556
1931 66
870 336
1404 468
891 556
396 106
746 556
348 403
397 87
651 528
319 258
371 536
835 95
420 417
913 417
319 258
1056 246
666 424
516 66
289 1172
2406 66
1788 66
839 251
1290 576
448 468
1066 336
321 66
729 556
2382 556
325 518
747 328
406 106
366 486
429 468
960 566
256 970
747 318
600 157
948 246
1210 546
489 98
791 126
422 398
938 386
745 318
408 106
1260 48
415 309
2136 303
1550 556
356 116
680 581
220 86
889 406
356 116
839 286
906 93
241 93
346 256
1104 576
868 556
309 137
268 56
320 258
1290 576
769 126
990 66
458 86
441 358
448 468
420 566
296 703
806 106
326 66
1336 241
559 206
803 421
420 278
422 398
2093 556
2206 56
224 429
455 528
348 403
321 66
348 403
621 378
338 66
2226 556
770 356
919 528
221 389
458 406
369 204
2382 556
224 429
774 86
700 318
756 66
1355 386
291 278
2326 556
453 363
356 558
371 66
491 66
256 136
565 358
406 206
769 66
744 347
420 278
420 417
811 66
306 106
906 93
56 566
2216 106
771 137
202 894
1236 306
442 527
913 417
1010 307
511 66
516 306
486 486
2292 346
783 308
320 286
779 545
471 93
306 146
769 486
781 486
783 308
663 66
319 258
521 66
621 378
298 66
906 356
2046 56
1398 620
422 398
367 206
853 937
2402 576
781 556
356 176
816 183
808 136
573 326
1550 436
703 442
1806 66
420 308
252 246
870 93
1906 286
835 528
1188 66
430 421
639 288
356 93
366 486
1570 406
516 391
1030 336
300 1068
756 556
2216 336
320 258
406 156
981 76
2070 556
511 66
1076 66
348 403
406 86
538 66
573 326
271 93
467 106
319 258
746 586
2036 586
733 620
756 61
600 176
2216 336
437 528
356 556
455 86
888 336
316 392
770 126
750 740
606 336
919 528
2121 581
458 406
960 566
453 398
812 421
1063 453
1570 406
2028 66
320 258
686 506
470 258
404 486
387 131
2048 336
283 612
781 66
769 265
1000 556
990 586
406 545
333 378
406 126
913 88
811 486
1546 414
2286 48
906 356
990 558
1506 420
388 66
344 76
639 288
606 239
356 131
768 556
497 66
620 157
470 287
402 889
682 581
306 126
206 870
2382 556
620 93
776 66
333 378
594 66
1826 449
2348 536
1606 426
429 307
1289 402
2382 576
606 336
639 48
356 116
319 258
750 740
678 66
720 335
1966 576
366 66
1041 56
888 307
406 156
621 378
558 97
422 419
870 336
960 126
565 358
870 308
747 328
528 66
553 489
406 136
1906 286
2426 56
496 61
758 146
406 136
429 468
1255 56
840 66
1659 398
868 556
646 586
830 433
348 403
1271 66
888 307
316 392
873 93
491 93
406 146
745 346
470 106
404 56
913 417
1556 586
818 558
839 251
2326 556
1404 468
447 106
448 468
995 307
306 106
853 385
1056 246
1866 61
1260 307
492 558
163 417
480 452
860 156
1063 453
516 391
508 306
1172 517
978 76
2326 556
378 225
271 93
370 256
1002 556
829 556
1063 449
423 310
565 66
845 393
1131 188
422 398
2216 256
319 258
491 93
356 286
1758 76
255 383
1063 449
703 288
330 436
680 76
1659 398
1056 246
320 258
448 468
384 456
766 93
750 768
2036 586
446 151
2216 256
393 889
393 889
516 414
423 310
611 257
726 66
1076 256
2382 556
906 468
760 74
666 556
919 528
728 556
406 206
520 438
1538 385
798 449
291 278
1371 66
306 336
606 278
486 486
783 528
1944 91
881 467
78 338
1020 278
2216 336
163 417
1659 398
309 137
421 56
606 336
1906 286
415 528
588 256
1506 241
1063 453
356 558
703 446
455 226
319 258
806 93
938 381
417 116
703 288
1870 86
2070 93
769 486
1391 106
1448 66
430 407
1290 576
1210 545
612 257
429 468
404 486
606 239
706 576
422 398
786 566
593 417
456 436
558 97
769 56
657 146
366 556
1788 356
823 76
420 267
316 392
406 156
269 66
206 408
420 278
1104 576
467 106
769 66
480 793
499 56
1251 347
811 66
1179 66
1290 576
1770 336
2003 414
559 206
433 156
2060 93
316 392
812 421
480 793
456 106
880 66
338 66
881 781
521 66
663 506
835 556
420 306
422 548
476 126
806 286
876 86
420 308
835 556
1098 365
346 256
2036 566
888 576
1636 366
429 307
1416 176
952 106
565 93
506 406
811 66
