800
1220 2440
2402 576
720 308
2226 348
556 60
2070 556
1656 66
1210 426
2216 336
1606 66
348 403
406 156
2326 768
491 93
421 66
1659 398
370 256
588 256
1788 356
692 587
791 66
1726 66
220 86
802 93
397 225
491 93
606 336
324 528
319 258
487 186
516 391
470 287
448 468
768 555
913 417
319 258
882 86
291 278
695 528
261 66
2126 546
919 528
346 256
333 378
2005 66
450 428
1808 346
2292 346
206 56
896 203
420 106
1506 241
420 417
620 157
453 453
453 453
1266 81
406 545
870 576
884 370
747 328
2292 427
356 324
420 330
889 406
480 402
758 146
406 106
2070 93
549 97
870 86
806 93
330 436
339 146
420 308
1956 191
1246 406
620 93
419 528
1172 517
1246 406
813 360
2103 556
429 307
797 328
870 336
677 68
320 258
860 74
1659 398
776 76
445 356
1236 306
492 558
289 1172
456 336
2326 93
178 620
422 419
255 383
356 93
1406 93
1103 465
1550 436
388 76
330 166
721 356
516 414
758 106
770 556
898 306
891 126
710 241
856 356
556 546
482 86
530 106
1906 286
2292 427
558 97
436 458
539 503
611 257
324 528
1260 956
471 66
839 251
370 256
1498 820
1586 63
1289 393
356 286
406 156
409 251
411 528
2292 427
344 126
486 486
420 308
438 406
888 307
870 548
436 458
1040 616
406 106
455 528
768 556
829 528
750 768
695 556
492 558
528 66
1246 406
1076 256
1210 545
508 306
501 66
1806 66
2326 556
429 307
829 556
1290 576
753 354
320 296
241 66
1881 56
206 388
397 87
286 156
1290 576
491 93
359 87
540 93
1646 406
486 66
819 356
2106 86
1970 286
453 398
1836 56
1063 449
771 137
453 363
1615 76
429 307
1056 246
531 66
429 468
835 528
681 106
333 378
888 336
291 66
406 106
835 528
366 486
306 336
750 768
2292 427
2382 556
2006 406
370 66
706 86
750 768
710 196
430 407
906 66
306 146
430 407
2068 468
656 93
456 336
556 546
328 256
798 449
86 489
1843 575
420 66
1150 236
1406 66
870 336
570 256
606 336
1506 106
406 156
2068 468
256 136
2048 336
455 226
406 106
1390 98
769 265
1550 436
333 378
1786 56
2216 256
666 556
499 56
406 183
309 87
406 186
379 225
346 535
319 258
600 157
700 318
768 555
342 166
920 76
392 87
1251 61
860 353
656 256
570 237
1246 406
2326 556
1441 66
780 197
320 286
856 356
2326 556
448 468
406 156
256 970
1586 56
682 581
797 328
291 278
818 323
798 449
1172 517
706 206
768 555
750 768
934 198
666 420
330 166
1770 66
620 93
422 419
811 486
978 76
2226 348
812 421
904 406
255 383
870 336
835 556
768 555
480 402
2259 555
785 76
695 556
774 179
516 391
221 389
1970 336
1063 449
291 278
868 556
420 336
231 76
1040 616
600 157
96 106
438 406
696 56
851 137
1931 66
1028 421
718 399
990 586
829 556
2382 576
202 894
333 378
1340 256
406 206
1210 126
1536 66
851 137
543 416
419 86
2006 93
252 246
593 417
666 556
255 383
1370 406
1028 421
1155 156
417 116
612 257
1290 576
667 536
396 166
706 206
480 452
348 403
448 468
919 528
420 566
1131 286
256 126
881 356
470 286
2104 705
2070 93
1025 453
872 61
470 286
486 486
1606 56
784 56
497 66
756 556
288 246
553 489
783 548
1906 286
390 86
700 318
1010 307
328 66
1390 466
1002 556
540 205
316 66
256 136
422 398
770 93
356 106
1326 66
820 356
306 93
750 740
898 66
781 536
2048 336
1170 126
456 146
1998 86
1040 616
422 548
530 396
2292 472
1210 545
745 66
256 136
1973 489
356 66
445 548
370 256
990 586
667 556
430 407
406 156
1498 820
1002 556
870 86
835 123
2036 566
733 620
1659 398
868 555
2326 556
656 196
856 126
706 576
509 76
2316 56
456 436
324 218
186 285
346 535
306 336
1755 430
990 56
1210 545
421 66
1546 414
306 146
856 356
2048 336
1556 586
420 336
1135 76
1172 517
906 286
884 370
1752 336
1404 468
891 390
818 558
446 386
1040 616
268 406
283 611
1380 66
420 278
356 286
625 377
430 407
816 616
808 136
470 287
781 556
781 66
2106 106
823 76
232 824
1266 81
2382 556
783 308
508 306
1970 336
682 554
568 206
1355 386
328 307
1103 465
266 106
856 356
1895 76
470 286
1210 546
2068 468
745 346
540 205
849 126
306 179
775 336
620 157
620 157
467 106
491 93
1550 436
703 288
1391 406
406 206
853 428
804 406
646 586
377 56
875 465
2026 56
835 528
1565 561
1506 241
1210 546
606 278
732 137
406 136
185 503
491 93
341 93
371 126
978 76
470 377
769 555
1659 398
1390 98
750 126
417 116
858 86
188 86
835 556
291 278
329 136
356 324
1755 430
888 336
356 324
1172 517
826 66
1752 126
453 398
516 306
616 126
413 106
320 258
881 467
756 556
761 486
426 93
420 66
291 278
1404 468
338 66
870 336
812 421
320 296
651 528
491 93
868 556
1966 206
111 395
803 421
798 449
559 206
543 435
206 66
491 93
568 216
2190 406
406 116
516 391
422 419
789 137
2326 556
508 206
943 76
420 336
499 56
2326 768
404 486
330 436
1598 246
506 396
458 66
516 306
449 556
824 66
1055 381
629 148
639 288
750 740
788 66
1210 426
470 287
222 433
420 278
1055 381
291 278
2348 536
906 356
256 288
816 216
808 136
829 556
736 107
1770 336
891 66
442 527
667 528
558 97
910 576
960 126
506 176
446 386
1063 449
420 308
404 486
913 417
835 528
778 56
756 336
348 403
826 66
1025 453
324 528
1550 420
646 66
2402 576
720 336
348 403
695 528
888 307
421 66
553 489
356 558
1210 426
391 97
430 421
320 286
2292 472
255 383
1950 46
206 408
320 258
343 156
1246 406
621 378
420 308
252 246
1006 126
291 278
330 66
232 824
1586 56
458 66
324 528
1131 188
406 106
655 184
306 336
770 271
453 398
1289 406
978 76
1480 728
486 486
848 453
2382 556
919 556
1498 356
420 66
409 251
1556 586
888 307
356 116
2226 556
2292 427
474 457
840 66
420 417
486 66
1390 466
960 566
1659 398
168 346
833 309
420 417
856 356
369 204
224 429
543 435
232 824
238 76
369 356
1770 66
1010 307
1210 545
849 66
1659 398
813 360
174 307
835 528
406 206
543 416
670 575
1546 86
453 398
328 256
927 556
2326 768
764 126
320 76
906 286
746 556
881 467
185 503
491 93
406 116
720 335
1356 86
306 336
406 126
2382 556
839 286
325 136
202 894
480 793
511 66
851 137
868 555
570 256
1006 86
227 832
1570 93
420 336
835 56
453 398
1843 575
626 126
703 288
1550 420
2190 406
870 206
1556 106
869 86
2006 406
506 396
1426 64
695 556
868 555
370 66
456 206
453 398
1788 66
1506 241
950 126
429 307
667 536
770 556
506 396
306 336
517 93
2404 906
421 66
770 216
181 436
891 556
797 328
283 611
406 156
491 93
516 391
370 256
321 66
439 56
746 556
181 280
288 246
420 566
888 336
161 449
320 303
486 66
829 556
516 584
783 548
221 389
1063 449
1338 328
2382 556
1000 556
667 536
406 136
252 487
497 66
1808 346
538 66
651 528
388 72
1336 241
391 97
1000 126
750 768
388 72
305 56
346 256
406 156
835 556
891 576
761 486
474 538
406 86
489 98
458 66
406 56
252 246
458 406
781 486
770 296
1566 66
238 76
406 186
232 406
570 891
256 136
