1200
1220 2440
491 93
470 530
1788 66
496 138
480 402
470 106
1206 93
703 288
406 156
629 356
781 486
406 96
666 420
1406 93
343 156
2286 48
1926 56
442 527
666 556
458 66
404 486
458 406
706 576
366 556
2226 556
1290 576
1836 61
291 93
720 308
341 530
474 457
696 56
811 486
306 106
338 66
756 336
406 206
1126 56
881 781
528 66
870 66
874 123
783 528
769 486
333 378
422 548
778 66
123 918
268 406
1526 606
86 316
1512 66
746 586
542 86
201 86
786 236
668 166
778 66
817 93
374 126
1970 286
283 612
1063 453
708 106
1088 326
511 66
179 176
396 91
1555 372
329 76
2292 472
329 76
436 486
348 403
148 739
1764 66
695 528
343 156
2064 86
406 106
570 891
1538 385
2036 586
146 466
2121 88
256 970
455 528
178 620
747 318
1975 64
540 206
2036 566
706 225
778 66
1385 86
310 236
791 66
123 66
811 486
333 378
516 584
816 216
851 137
406 56
797 126
1970 336
710 76
333 378
600 157
406 156
2196 66
2006 93
176 506
600 93
480 56
1906 106
344 126
406 156
721 356
978 76
445 173
474 538
842 137
1506 420
520 438
336 197
1906 286
356 324
399 56
421 66
506 406
835 93
898 66
868 126
726 134
252 218
769 56
341 93
406 116
600 157
2068 468
547 56
1289 402
306 336
399 56
420 336
391 97
417 116
783 528
271 93
487 86
268 76
271 66
306 93
441 66
421 66
343 156
286 136
406 106
123 66
868 555
412 528
783 308
431 66
906 93
818 558
2266 66
406 106
149 486
420 336
391 97
309 237
1218 76
2326 556
163 417
366 486
470 106
1636 366
420 86
1030 336
319 258
630 93
344 136
256 106
255 383
959 66
538 66
252 218
444 86
686 506
2406 93
600 157
422 398
639 288
406 156
406 116
480 793
666 420
406 106
206 317
406 116
838 176
2382 576
399 56
1870 86
528 86
159 567
452 1206
745 126
870 576
740 86
745 318
896 203
321 66
1406 66
740 770
888 66
2226 556
1752 93
682 66
356 116
806 93
406 136
481 66
406 56
267 106
309 137
406 106
726 66
456 156
445 173
1056 246
406 106
892 123
706 225
298 66
568 216
872 66
1135 76
170 226
975 86
456 66
300 1068
2216 256
656 126
252 246
203 397
406 86
930 86
778 486
123 936
2066 506
378 225
391 66
1036 356
497 66
556 546
593 417
415 309
898 66
256 136
1666 86
803 170
1290 93
123 918
620 157
421 66
547 56
286 86
708 106
420 93
1616 66
890 126
2406 93
2402 576
696 176
880 126
636 196
669 86
769 486
770 128
491 93
849 126
1416 176
446 151
703 442
2402 56
703 442
758 66
1546 414
659 56
1895 76
328 238
786 236
695 528
501 66
1520 76
2176 106
386 121
1970 336
606 586
621 378
906 93
960 66
891 66
818 586
1872 106
2070 93
328 307
726 134
341 93
348 403
2402 576
2382 556
163 417
1755 360
304 126
306 198
345 535
2006 93
1550 556
904 406
606 336
708 106
1048 86
1210 426
948 246
309 137
620 176
445 328
474 457
241 66
2382 556
1178 218
1802 76
695 93
1441 66
853 385
588 56
298 66
248 66
406 106
286 136
756 556
910 66
256 136
811 486
758 72
182 365
856 356
855 66
950 51
530 106
868 555
1390 466
338 56
904 406
288 66
320 258
781 536
486 486
288 66
258 106
501 66
406 146
853 385
1143 198
639 48
528 56
509 76
2006 93
1063 449
420 336
491 93
539 503
739 217
776 66
304 126
930 61
666 86
855 126
1010 307
835 93
424 136
943 76
766 93
286 136
456 106
781 48
220 86
1606 426
406 156
2402 576
341 530
1570 93
420 308
392 87
1550 556
206 287
456 121
497 66
695 93
241 66
406 156
2426 76
726 66
839 76
823 76
756 66
449 106
290 206
746 586
1636 61
1731 56
849 126
202 894
728 845
540 206
970 567
761 486
2402 56
516 414
567 93
1688 106
540 93
549 97
298 66
2326 556
448 468
530 158
341 530
1550 93
448 468
420 308
876 86
950 51
486 106
870 106
491 93
444 86
2423 93
429 307
446 386
482 86
806 286
746 56
568 66
549 97
1066 336
480 452
1406 66
888 307
1290 576
318 66
781 66
379 225
271 93
600 176
306 93
816 123
1380 66
2266 56
422 419
770 271
902 360
497 66
491 66
981 56
424 136
981 66
811 486
1826 449
1565 561
806 236
2406 106
1586 63
766 93
406 156
680 581
516 391
808 136
231 76
2402 48
270 98
406 156
509 76
511 66
470 106
446 151
1615 76
2402 576
491 93
769 486
406 66
1438 625
343 156
420 306
695 528
540 206
2326 126
406 156
471 66
743 86
449 93
810 428
1000 126
1140 76
370 197
406 156
1752 336
309 137
396 91
1056 246
406 126
446 151
818 558
990 66
2106 93
386 121
756 336
919 93
341 93
256 136
1665 86
1290 576
2068 468
306 336
378 225
415 307
447 106
2326 556
1210 426
321 66
447 56
320 303
406 146
1010 307
1033 93
436 458
445 66
338 66
397 225
2286 48
612 257
769 555
858 66
406 96
430 421
348 403
888 336
818 126
906 356
453 398
344 126
720 126
874 123
163 417
406 106
2036 586
330 436
300 267
1966 56
470 287
706 576
309 137
1506 241
324 528
870 336
570 256
378 87
165 553
990 558
406 116
2382 556
1659 398
66 802
870 308
667 536
356 206
549 97
403 66
593 417
1598 246
891 256
808 136
326 66
818 66
1870 76
651 528
180 453
1290 576
1570 93
298 66
1966 206
406 136
470 126
465 156
769 56
2216 336
439 56
320 258
1077 86
501 66
2016 151
174 545
856 126
700 336
588 256
818 586
500 126
716 206
283 611
455 528
356 116
371 536
1376 256
534 61
872 86
835 123
703 288
421 66
330 436
567 93
1025 453
241 66
781 556
421 66
611 257
776 241
803 383
740 106
1966 206
406 156
990 66
796 124
206 66
695 93
178 620
1733 86
587 56
990 586
406 136
695 93
471 66
876 106
835 528
2103 556
345 535
170 567
491 93
406 106
2126 546
594 66
1236 306
1506 420
320 86
474 538
448 468
1356 306
241 66
1555 372
516 66
350 179
1179 206
446 151
1206 106
1555 372
528 56
856 126
348 403
390 137
406 136
255 383
338 56
1010 307
310 236
306 106
1056 246
620 157
888 307
406 106
516 391
511 66
876 106
470 258
809 86
251 66
1512 66
86 268
500 126
506 48
453 398
588 66
456 121
872 64
1570 93
298 66
366 106
429 307
1770 93
486 56
868 555
406 116
406 206
1966 576
1546 414
884 338
706 206
446 151
320 286
456 156
2011 556
391 97
737 126
1426 71
758 72
359 87
356 556
1390 466
378 66
511 66
346 256
406 156
406 206
429 468
769 66
445 548
715 516
1616 106
667 528
927 556
489 86
616 66
1788 66
474 457
497 66
506 406
766 93
356 556
1131 306
482 86
306 106
1981 106
271 93
333 378
252 93
876 106
812 203
324 528
338 146
406 136
868 555
695 556
838 176
767 68
480 452
612 257
324 218
417 116
562 66
86 316
835 123
406 206
891 66
422 419
421 66
1506 241
750 93
558 97
341 93
174 566
818 558
256 288
819 66
1007 86
306 166
406 126
429 307
771 137
784 56
383 277
769 86
480 793
788 326
1998 86
502 66
511 66
456 121
338 66
487 186
706 141
341 93
126 427
1870 86
680 581
321 66
913 417
295 97
406 166
446 151
440 548
2236 86
169 386
406 126
775 166
422 398
656 256
770 556
769 66
1040 616
409 86
531 66
1071 285
804 406
256 136
271 93
620 570
241 66
408 106
769 555
188 86
420 308
516 391
543 435
2348 536
2402 576
856 356
760 156
570 66
511 93
770 217
456 106
441 358
406 156
1055 381
222 433
639 288
2064 86
769 486
695 56
1418 66
668 166
758 146
506 406
1788 66
818 323
169 386
975 86
881 467
206 287
1340 310
1788 356
281 66
391 1047
338 66
142 328
2106 86
429 468
291 66
320 258
406 106
491 93
420 106
870 308
1556 93
141 431
556 466
768 556
739 285
291 66
829 556
747 318
906 468
611 257
1290 576
750 138
680 581
339 66
1289 393
531 66
449 93
256 136
1829 138
1752 93
616 126
126 427
812 421
2226 556
896 203
304 126
1179 76
508 306
383 277
910 66
1246 406
288 246
1246 406
1758 76
1036 356
406 156
1126 56
123 66
1646 406
2068 468
306 106
338 66
422 398
389 87
1946 66
506 66
570 237
2411 58
1906 66
1108 57
254 76
131 1163
525 173
913 417
424 136
408 556
1260 48
870 56
458 66
2068 468
420 106
1419 56
758 146
480 793
876 106
904 406
378 225
868 556
388 72
990 66
294 156
1063 76
1036 316
791 126
770 556
316 392
491 93
496 61
306 179
663 478
895 86
868 93
456 146
420 267
386 121
706 206
829 556
1788 66
1030 56
455 86
858 106
769 66
406 126
1498 356
663 66
960 566
2216 336
784 179
1289 406
1402 86
779 545
423 310
798 453
1500 56
470 287
856 356
845 126
449 106
386 121
870 308
650 894
849 66
758 106
1391 406
396 166
2126 546
746 586
1210 545
606 336
1289 402
990 586
1659 398
663 478
356 116
319 258
241 66
870 93
409 286
486 486
294 66
430 421
371 508
956 66
456 156
420 267
356 176
880 56
238 76
568 66
808 136
291 93
606 278
730 236
863 56
306 106
703 288
1056 66
492 558
2131 56
2259 555
420 278
891 86
1886 66
1002 93
448 468
587 56
370 256
770 126
406 91
1739 64
593 417
413 156
402 173
370 176
256 116
423 310
180 453
506 106
565 66
2301 66
887 203
163 417
306 179
298 66
2436 56
1770 93
677 68
628 126
406 96
600 157
890 781
291 93
1670 106
870 548
990 558
2006 93
888 126
741 91
1556 586
1064 46
241 66
770 61
406 106
497 66
549 97
1210 546
1806 66
496 138
686 203
438 406
567 93
386 121
429 468
350 179
306 198
224 429
621 378
888 548
1606 66
406 156
806 93
888 307
1210 406
367 88
990 586
750 93
741 91
185 503
449 528
256 136
620 176
1528 86
906 56
406 186
770 86
255 383
421 66
2288 48
1406 93
1063 449
812 421
1770 336
202 894
1556 106
455 226
889 406
406 156
2382 556
309 87
2103 556
682 66
320 76
486 486
530 396
745 93
1770 336
429 307
740 86
2093 556
876 106
422 548
456 106
441 66
1601 381
319 258
356 558
370 256
768 126
2402 576
406 156
696 61
291 93
769 555
1406 93
2292 427
2216 256
1770 66
467 106
491 93
286 156
252 246
396 106
860 74
516 66
1290 93
306 179
2382 556
491 66
803 421
1843 575
283 612
256 146
1570 93
768 126
222 433
818 126
281 66
881 467
1802 76
860 67
1526 88
695 556
325 136
2005 66
291 278
808 136
420 106
1450 76
868 93
429 307
168 346
2006 93
2003 414
271 93
420 278
486 486
1338 328
415 66
549 97
516 66
141 48
1570 93
1752 336
853 428
310 236
1550 436
269 66
573 326
1063 449
356 206
1246 406
491 93
356 556
406 106
255 383
540 205
810 428
341 353
305 56
1246 406
838 176
756 556
1260 995
398 93
1290 576
1550 420
