1200
1220 2440
403 66
891 126
161 449
2371 66
370 255
888 307
286 136
338 66
1648 93
1210 426
1770 1010
990 66
898 306
1534 66
791 66
835 56
556 60
706 206
319 258
516 414
948 456
2070 126
720 308
1210 545
1606 56
516 391
2060 66
369 204
2126 546
823 76
406 206
620 176
666 124
181 436
788 88
516 414
306 146
455 226
356 176
448 468
482 86
732 137
383 277
766 93
1056 246
356 93
1066 336
241 66
419 86
1755 430
1538 385
453 398
680 581
769 126
384 456
325 136
891 126
141 431
960 126
491 93
802 366
1290 576
646 66
486 66
343 156
491 93
2106 106
491 93
919 528
86 268
291 278
497 66
393 126
179 176
1659 66
1426 64
625 377
406 156
568 66
776 76
1210 324
430 407
206 388
146 466
1870 86
870 66
570 256
455 226
453 398
203 397
1326 66
2216 336
506 176
835 123
820 356
1752 336
231 76
1770 66
1170 66
769 486
2402 93
1025 453
86 268
308 106
501 66
371 536
1586 56
491 93
549 97
874 123
1210 324
806 286
470 258
256 136
421 66
891 256
406 116
1966 206
1556 586
470 287
842 137
480 452
1870 86
902 385
388 72
606 586
106 106
778 56
920 86
406 146
806 61
1025 453
306 336
202 894
768 556
1606 56
286 136
185 503
540 93
921 86
406 156
1826 449
2382 556
888 336
356 176
934 198
165 553
783 179
445 548
181 280
843 187
261 66
359 87
789 137
829 528
486 486
449 556
839 286
758 72
1616 106
812 407
960 566
952 746
543 435
606 239
429 307
492 558
875 465
593 417
333 378
397 225
750 126
406 146
370 329
396 106
710 66
356 116
202 894
1404 468
406 156
455 226
439 126
1788 356
2210 206
453 453
666 424
750 768
1646 406
2288 66
769 486
489 98
325 518
453 398
540 205
1565 561
486 486
888 307
356 131
252 218
517 93
650 894
251 66
1550 436
489 98
906 76
391 97
384 456
406 86
1056 246
486 438
611 257
682 76
745 346
1218 76
406 56
422 419
2064 86
736 107
1290 576
348 403
422 548
419 528
682 66
767 137
812 56
1908 86
343 156
458 66
706 86
1251 61
1755 430
745 126
789 137
2382 556
855 66
330 166
2206 56
750 740
990 66
928 123
2406 106
1870 76
2382 556
406 126
626 126
406 156
406 116
2292 472
2006 93
422 126
333 378
1808 346
975 86
480 402
663 156
420 336
696 88
391 66
96 106
286 56
990 558
406 126
516 306
620 157
1881 56
271 93
938 106
421 66
1570 93
870 126
2370 106
420 308
906 66
397 225
853 385
784 179
1063 449
620 157
786 56
328 66
420 336
338 146
532 86
491 93
319 258
978 76
421 66
798 453
406 186
429 468
565 126
1970 336
1788 66
1970 286
356 66
948 246
769 265
703 288
720 308
978 76
870 576
155 463
1556 586
520 517
1565 561
816 183
333 378
2070 93
1403 66
220 86
2288 48
421 66
1550 93
534 61
1210 546
784 179
386 121
470 106
406 56
1210 545
344 126
420 278
366 66
853 428
887 203
224 429
948 428
470 106
348 403
1931 66
870 106
656 196
484 576
406 156
768 93
771 137
458 66
420 278
1266 81
758 106
406 106
386 121
404 66
1506 420
356 286
497 66
1040 616
370 255
913 417
784 56
390 86
2070 93
959 66
486 56
391 66
420 566
666 424
1007 106
174 553
891 66
499 56
667 536
306 93
739 285
849 126
141 431
1956 191
1135 76
429 468
437 528
2266 56
309 137
611 257
420 66
366 56
232 824
1290 576
1659 398
565 386
808 136
1966 206
291 278
420 66
406 156
422 419
439 56
406 156
565 358
1441 66
706 206
990 126
420 267
677 68
804 406
677 68
818 323
86 268
808 136
789 137
740 770
1726 66
703 442
948 66
420 566
835 93
480 793
491 93
791 66
406 106
720 308
341 93
944 61
768 93
1406 66
851 137
388 72
1266 66
770 93
486 56
1290 576
491 93
888 336
502 66
1006 86
745 318
321 66
438 436
421 66
430 421
770 241
768 93
2326 93
252 246
470 258
1659 398
829 528
706 206
2103 556
2056 93
2316 56
1006 86
491 93
745 93
320 286
422 419
252 218
1770 93
202 894
1210 324
570 237
325 518
1770 326
2226 556
377 56
849 66
919 556
288 66
491 93
798 453
558 97
486 486
898 66
808 136
56 566
656 93
785 76
238 76
359 87
406 106
1906 66
703 288
1290 93
2394 66
906 468
823 76
868 556
491 66
1546 86
568 216
2326 556
406 156
325 136
1752 126
829 93
1391 406
426 93
682 474
600 157
241 577
1236 306
943 76
523 133
320 296
681 106
486 486
1404 468
406 96
2326 126
232 824
745 318
888 336
538 66
808 136
646 66
422 398
1636 366
409 76
646 86
816 616
2126 546
733 600
186 285
356 176
870 106
471 66
370 66
791 126
178 620
421 66
720 335
1002 556
420 106
511 66
593 417
338 66
2406 93
1006 86
256 136
348 403
290 206
2316 56
576 239
768 556
745 318
438 406
199 356
1406 93
446 126
990 66
2070 126
771 162
1306 66
858 86
1390 466
429 468
2368 468
348 403
1155 156
2382 556
388 106
291 66
1172 517
785 76
746 556
840 66
291 66
902 358
406 86
819 93
978 76
768 555
1970 336
781 66
1210 126
2326 556
486 56
870 86
1546 414
256 288
224 429
509 76
491 93
1556 586
853 403
438 406
455 528
543 435
553 489
438 436
888 336
1910 66
182 397
486 66
2026 56
148 739
506 396
663 506
448 468
456 106
359 87
406 156
356 116
406 156
853 428
320 76
111 395
2301 176
1380 66
348 403
2093 556
1076 256
888 336
1598 246
1950 46
174 553
2382 556
238 76
710 241
248 66
629 148
281 66
781 93
884 356
185 503
491 93
726 56
1246 406
1570 93
2216 336
511 93
1340 310
422 548
487 86
528 66
528 86
406 186
388 76
456 206
788 66
620 93
556 466
1398 600
529 469
453 398
745 318
1416 176
2086 66
406 106
319 258
806 93
667 536
406 206
406 126
1480 728
990 66
1570 406
163 417
1006 126
978 76
456 336
406 116
990 56
870 106
390 86
540 93
908 61
1656 66
406 116
448 468
1716 216
438 406
1390 466
333 126
856 126
565 358
920 76
870 336
745 126
770 241
855 126
1659 66
1739 64
1246 406
2093 206
320 296
1570 93
499 56
1550 436
406 106
986 66
600 157
809 86
441 360
409 86
1178 218
741 56
420 86
818 66
1770 1010
540 205
406 146
776 241
1063 453
489 98
769 555
812 421
2106 86
1658 86
888 307
206 56
1402 86
1550 436
611 257
390 137
406 136
730 217
798 453
1506 420
884 338
811 56
326 66
1416 176
256 93
336 286
359 87
888 307
1659 398
824 66
188 86
1063 453
422 398
448 468
808 136
540 206
1881 56
366 458
891 86
870 336
1506 106
445 548
1836 61
369 204
770 216
406 106
203 397
206 56
703 288
868 555
330 166
756 556
2068 468
1170 126
1068 286
492 558
1002 93
452 1206
516 414
1870 86
1973 489
860 74
870 56
339 146
869 86
1000 93
576 239
458 66
659 56
220 86
309 87
1570 406
1390 98
436 66
1566 66
1550 93
1598 246
346 535
1356 116
420 417
768 556
370 256
480 452
406 156
430 421
703 446
1998 86
491 93
781 508
1056 61
1895 76
2005 66
174 76
476 126
829 556
1586 56
487 186
417 116
881 781
252 93
667 536
252 218
283 87
2316 56
438 436
612 257
612 257
1290 93
778 66
771 137
696 56
168 346
808 136
2326 126
266 106
438 436
938 386
835 556
480 452
1002 556
181 280
538 66
428 96
406 56
445 66
1788 356
553 489
1900 98
465 156
870 336
2156 61
808 136
620 176
872 61
1246 406
842 137
396 106
406 106
325 136
741 86
2402 576
570 256
826 66
819 332
746 556
620 157
870 126
1356 86
826 66
761 486
534 61
523 133
441 360
456 156
858 216
1406 66
700 318
511 66
1870 76
420 66
392 87
516 584
881 781
341 93
981 66
758 146
805 56
768 93
570 237
256 136
406 86
339 66
750 768
719 172
309 137
306 146
1786 56
66 506
456 336
651 528
155 463
870 86
904 528
391 97
1788 48
682 581
378 87
950 51
329 136
1289 393
539 503
990 66
695 528
306 179
620 93
1000 126
491 93
842 137
953 86
2402 576
882 86
703 288
446 151
528 66
356 106
206 66
256 136
106 106
1555 372
538 66
703 446
1391 106
811 66
202 894
391 97
456 146
406 136
148 535
1570 93
639 56
316 392
406 156
406 116
374 126
321 66
786 566
896 203
855 66
2012 151
788 106
406 106
419 86
1350 76
516 66
851 137
220 86
1606 66
789 137
919 126
422 548
2036 566
526 66
1088 326
256 136
450 66
1586 63
491 93
746 586
811 66
2259 555
491 93
838 176
1666 46
291 278
346 535
655 184
812 421
388 76
1995 106
492 558
1131 188
232 406
338 76
206 66
341 530
680 581
283 87
870 126
774 179
259 377
346 535
458 406
319 258
558 97
677 68
348 403
2423 93
593 417
530 106
1210 546
371 126
756 66
2190 406
570 891
764 126
720 336
761 486
620 157
906 456
406 106
417 116
830 86
392 87
502 66
1002 556
1512 66
324 528
491 93
558 97
386 106
458 66
370 66
396 166
201 86
666 556
367 88
406 156
506 176
695 528
321 66
802 93
491 93
620 93
397 87
169 386
1863 56
553 489
1826 449
458 66
1752 126
491 93
836 66
745 66
356 558
402 889
818 558
370 93
439 366
448 468
1070 106
957 428
952 746
950 126
902 385
521 93
746 56
224 429
446 151
2070 93
2106 56
329 76
370 66
441 360
756 336
1550 556
491 93
251 66
919 528
838 176
497 66
305 56
406 106
342 166
388 72
516 391
396 106
851 137
406 206
1131 188
740 86
803 421
580 56
1002 556
1063 449
1636 116
406 545
1536 66
1506 342
496 61
600 157
422 419
206 287
2036 566
990 66
1056 246
474 538
406 136
746 586
931 306
1266 81
356 558
450 428
406 156
470 530
2206 56
1338 256
616 126
403 163
419 528
367 206
406 56
501 93
2382 556
783 68
438 436
456 121
467 106
286 156
1615 76
700 336
343 156
356 93
667 556
316 66
406 186
531 66
491 93
891 86
429 307
356 558
1570 406
538 56
747 318
420 417
231 76
86 489
970 126
256 126
422 398
620 93
809 86
178 620
1416 106
1546 414
406 156
678 66
486 66
445 576
596 187
1806 66
421 66
455 528
1836 56
856 156
300 267
710 196
1028 421
1170 88
706 576
849 126
406 106
406 116
480 793
733 620
2068 468
732 137
570 237
1598 246
2026 56
1770 66
406 183
306 179
565 386
319 258
406 126
2288 48
453 398
436 458
703 446
774 86
420 417
406 106
870 336
471 66
663 66
761 66
845 126
439 56
487 186
1010 307
319 258
769 486
990 586
511 66
769 126
1556 106
768 556
345 535
2404 906
486 56
2292 427
780 197
565 358
420 278
241 66
531 66
656 256
813 360
421 66
1375 700
721 66
446 151
620 157
406 156
769 486
818 323
2048 336
663 478
321 93
1390 98
330 66
906 356
2156 61
558 97
413 106
174 307
651 528
448 468
808 136
890 66
948 428
420 308
