1200
1220 2440
420 336
309 97
593 417
570 237
888 76
300 267
739 285
760 156
155 463
666 420
412 528
419 86
320 258
565 66
456 121
1886 66
456 121
346 535
304 126
1063 453
728 556
1390 466
406 126
456 146
768 556
324 528
840 66
531 66
1526 56
1570 93
445 66
343 156
1206 106
420 308
919 556
491 93
455 528
486 486
343 156
798 453
538 56
471 66
868 556
830 56
320 258
516 391
719 172
667 536
320 296
1570 93
1306 66
2005 106
2003 414
813 360
251 93
978 76
420 106
811 66
422 398
170 567
470 258
708 106
855 126
743 337
706 225
521 66
406 156
2406 581
1713 116
780 197
378 225
663 187
612 257
771 137
1788 66
870 106
718 66
2402 93
356 116
2406 581
769 56
422 548
1556 586
750 768
338 278
206 287
406 106
506 176
769 126
549 97
446 151
779 545
2070 556
700 336
471 66
1289 402
397 87
206 870
781 66
456 66
1091 66
710 241
423 310
419 528
406 106
406 116
1236 306
781 93
491 93
421 66
1063 449
455 206
593 417
406 56
1210 324
441 360
600 93
1355 66
729 556
770 296
406 106
429 468
406 156
600 157
706 225
1550 436
1289 406
321 66
406 126
2348 536
1886 66
2026 66
501 66
356 116
423 310
2006 406
406 106
2288 48
306 106
2402 576
530 396
356 106
700 318
750 768
271 93
808 136
388 72
806 93
271 93
872 61
371 66
417 116
816 538
770 556
720 126
990 66
789 137
420 106
420 308
1178 218
906 456
1770 326
797 328
948 428
889 406
441 360
181 280
797 188
1375 700
990 66
2226 556
476 126
221 389
421 66
2286 48
716 206
291 278
406 156
882 93
319 258
283 87
858 106
2326 66
540 206
406 206
990 558
333 378
892 123
256 136
823 183
868 556
376 206
870 308
1746 66
406 545
199 356
872 86
241 93
769 486
392 87
1881 56
306 146
1271 176
2316 56
771 162
445 66
256 116
366 486
835 528
1210 545
872 61
131 1163
677 68
428 96
268 86
816 616
206 66
420 308
657 146
1296 166
888 66
666 424
420 267
2326 556
2326 556
669 86
2005 66
476 126
325 518
778 66
808 136
745 126
870 93
889 406
1755 360
880 66
960 126
319 258
480 452
2026 66
2216 336
1418 96
776 76
769 486
321 66
441 358
860 74
2064 86
406 91
769 126
2326 768
1260 956
437 528
771 137
256 136
943 76
783 528
639 56
413 156
506 66
811 486
778 66
812 421
906 468
343 156
325 518
767 137
386 121
995 307
2026 56
491 93
406 126
769 66
651 528
255 383
1066 336
809 61
445 576
1172 517
491 93
2026 66
1598 246
870 66
516 584
390 137
811 66
491 66
2190 86
853 385
893 86
745 318
2292 427
523 187
445 126
348 403
600 176
471 93
163 417
1002 93
600 157
298 66
1406 66
876 86
386 86
436 458
570 891
1071 285
2406 56
491 93
2216 336
913 417
981 56
1391 106
470 126
295 97
838 176
420 308
787 56
1946 66
567 93
836 66
188 86
255 383
1236 306
456 156
1946 66
1906 106
781 48
1520 76
270 106
417 116
2216 66
206 66
369 204
252 218
511 66
405 162
474 61
558 97
155 463
422 548
516 414
1895 76
1556 66
392 87
1550 93
181 436
636 196
2066 506
855 66
1066 336
406 156
518 56
471 66
810 506
766 93
306 179
474 61
881 781
417 116
888 307
1788 66
651 528
497 66
806 286
306 106
770 1110
797 328
2106 306
756 556
835 528
1752 336
496 135
1598 246
491 93
241 66
185 503
784 56
516 584
829 93
786 56
1306 66
406 106
910 126
290 187
710 76
370 255
588 56
1688 106
286 156
1391 66
501 66
489 98
429 307
835 56
887 203
1906 286
420 336
449 528
876 86
858 56
703 446
808 136
1098 365
606 278
720 308
56 218
769 66
406 86
1755 360
420 336
2073 66
1206 106
1290 93
406 136
388 86
1752 336
356 116
767 68
163 586
706 206
1755 360
824 66
448 468
453 398
2068 468
806 93
497 66
1350 76
457 106
881 781
480 402
870 308
888 336
1179 76
1000 556
600 157
783 308
745 126
371 66
316 392
1290 576
2011 556
420 336
471 66
406 86
178 620
391 66
348 403
506 158
521 66
663 187
670 238
868 93
651 528
309 137
502 66
280 93
1176 66
835 93
2326 556
756 336
880 56
625 377
300 267
409 76
990 126
746 556
390 86
635 126
456 436
370 197
1659 398
1962 106
319 258
198 323
941 66
596 187
1390 466
356 116
181 280
291 278
893 66
370 356
858 66
388 66
341 93
470 258
399 56
170 196
1601 381
261 66
888 548
1063 453
306 179
304 126
344 76
870 106
470 258
343 156
1063 449
417 116
1843 575
870 66
356 106
429 468
406 66
975 86
441 66
888 336
286 86
562 66
370 255
530 396
1063 449
406 56
843 187
320 86
781 536
241 66
333 126
369 66
469 106
406 106
906 468
182 403
695 56
1550 93
931 271
1355 66
142 328
960 566
1770 93
809 86
1135 76
769 66
486 486
643 884
540 206
2226 556
770 241
785 76
774 179
730 236
449 106
1002 93
1966 206
180 453
106 106
449 556
666 556
806 286
1170 88
839 251
430 407
456 121
651 528
756 56
2226 556
408 106
930 86
2259 555
1470 106
1556 586
2406 86
745 318
1966 576
1002 93
2382 556
870 126
321 66
806 286
676 82
516 414
543 435
325 518
309 87
798 453
890 537
232 824
960 566
421 66
2266 66
570 256
1508 56
1755 360
338 146
779 545
981 56
1066 336
570 237
816 216
281 66
682 581
406 56
750 768
163 417
1246 406
399 56
341 93
1895 76
424 136
1002 93
356 93
320 258
418 66
1636 116
86 970
343 156
406 146
470 66
1385 86
874 123
366 66
1380 76
768 556
806 56
937 66
298 66
2326 126
1241 131
316 392
429 468
406 206
760 156
356 176
2382 556
291 66
319 258
682 581
1906 286
310 236
1733 86
1758 76
316 392
1556 66
429 468
359 87
356 556
771 137
496 61
1290 93
646 586
330 436
86 288
320 258
868 555
356 206
769 66
2005 66
456 206
869 86
767 68
266 106
1441 66
370 356
66 846
906 456
1063 449
890 781
491 93
288 66
465 156
2106 93
1210 545
934 86
2396 56
2326 556
549 97
185 503
420 86
650 894
2326 556
386 121
333 378
406 116
785 76
413 93
781 66
2292 472
486 66
2280 66
769 486
906 468
406 126
1870 76
456 106
528 66
486 56
558 97
639 56
516 414
842 137
2104 705
516 56
338 66
813 360
1056 61
556 64
706 66
819 126
1646 406
2190 406
455 226
1752 336
453 453
663 66
420 66
1066 336
781 536
271 66
739 285
422 548
888 126
486 66
2382 556
888 336
784 179
320 258
325 518
406 56
745 318
975 86
540 206
1188 61
392 87
399 56
470 287
348 146
639 48
695 56
312 68
606 336
232 406
2003 414
838 176
448 468
288 66
1210 426
421 66
547 56
2048 336
600 176
1406 66
902 385
501 66
1066 336
813 360
491 93
906 66
606 336
491 93
271 93
891 390
329 76
855 126
388 66
620 176
2126 546
343 156
666 556
1382 66
1770 336
406 146
893 86
330 436
1755 430
491 93
553 433
333 126
1210 426
778 56
2070 93
813 360
241 66
320 286
2368 468
148 535
433 156
1288 86
333 378
420 336
203 397
521 66
540 205
408 556
386 121
1306 64
745 93
1758 66
682 581
888 576
470 287
960 66
406 56
306 179
2288 48
491 93
666 146
2104 705
422 548
300 1068
868 555
818 323
2016 151
702 355
406 206
2356 106
811 486
781 486
1586 56
889 406
186 285
86 316
846 66
628 126
818 66
2402 576
663 478
420 336
2206 51
406 156
155 463
855 126
808 136
802 93
797 66
845 126
470 306
835 123
529 469
2016 151
482 86
356 116
324 528
497 66
406 106
806 286
320 76
2036 586
808 136
640 56
1506 66
356 116
448 468
1355 386
176 506
868 93
448 468
491 93
2368 468
606 239
2382 556
508 306
666 420
785 126
379 225
306 179
1338 328
356 93
470 138
406 156
1260 156
2226 556
779 545
356 116
396 91
710 93
888 548
319 258
1210 545
391 97
516 391
377 56
2286 48
1550 93
367 206
1966 206
441 66
491 93
2190 406
296 156
456 106
174 307
540 206
639 56
388 66
1840 106
1290 576
388 76
1066 336
568 216
1553 465
181 436
406 206
888 307
343 156
1056 66
178 115
1870 86
170 196
2402 576
811 66
506 106
452 1206
1241 131
1040 616
406 146
706 576
417 116
682 581
470 138
506 406
291 278
593 417
791 126
568 66
206 56
220 66
509 76
620 157
406 86
1526 606
829 93
990 56
890 106
750 740
769 265
2406 93
477 126
1926 56
391 66
620 157
2382 556
421 66
1606 66
824 66
887 203
1390 466
543 416
423 310
2266 56
2190 406
858 106
465 156
202 894
196 56
1733 66
256 93
756 556
1550 556
1788 356
651 528
797 66
2068 468
1246 406
406 56
1055 66
826 66
928 123
499 56
467 106
635 126
2066 506
540 206
324 528
256 136
620 176
716 106
1659 398
320 126
521 93
420 66
811 56
2106 106
406 56
406 166
659 48
781 536
928 123
1406 93
176 307
256 136
2406 93
406 126
2402 576
421 66
1506 420
511 93
943 76
990 66
491 93
371 66
470 286
531 66
306 126
256 136
356 116
823 76
496 92
468 66
806 236
406 66
509 76
339 126
206 388
1906 286
1030 336
703 288
570 66
839 76
232 824
438 406
420 336
486 438
1070 106
806 56
812 421
726 96
756 556
2048 336
1260 156
842 137
1500 56
769 486
256 136
1659 398
703 288
1289 406
565 66
142 328
1755 360
482 86
786 56
990 586
1755 360
1818 86
256 136
316 392
818 558
770 217
374 126
1426 64
471 66
2190 406
320 258
482 86
1266 66
141 48
746 556
186 285
726 96
341 93
306 166
2016 151
818 558
320 296
612 68
556 546
224 429
1041 56
695 93
770 56
371 66
456 146
882 86
2286 48
446 151
839 86
750 740
1006 126
835 123
516 391
2382 556
364 68
895 86
842 137
1995 106
520 517
1106 61
521 66
261 66
1356 116
2106 306
440 548
783 528
224 429
888 307
776 56
348 403
906 93
1570 93
491 93
798 453
483 558
1659 66
1406 66
798 449
721 66
320 258
950 51
621 378
803 170
252 93
538 56
913 417
456 121
539 503
802 366
420 106
325 136
620 157
406 136
1555 372
420 318
406 146
421 66
139 413
86 239
448 468
756 556
420 566
937 66
406 545
835 56
420 286
789 66
534 61
491 93
959 106
756 556
406 56
470 530
1636 61
784 56
220 86
371 508
329 76
324 528
2216 336
808 136
456 436
1665 56
183 743
821 93
1260 995
1170 126
819 332
2402 56
732 137
2326 556
565 358
824 527
458 406
261 66
1966 576
737 66
796 124
686 203
391 97
406 156
452 1206
745 318
990 558
952 746
1040 616
1843 575
316 392
870 93
1289 393
1210 426
408 136
406 186
344 126
540 206
256 136
884 356
252 93
1526 606
2136 303
1570 93
453 398
692 587
406 106
855 126
453 398
388 106
306 93
1402 86
406 106
468 206
798 453
344 126
646 86
1419 56
593 417
515 56
2226 348
406 136
271 93
