1200
1220 2440
420 308
1172 517
1167 76
256 136
406 146
805 56
170 567
716 106
948 126
1170 126
870 126
343 156
181 280
320 296
516 391
843 187
2073 66
2326 556
471 66
511 66
456 146
471 66
2406 93
383 277
663 66
845 126
452 1206
811 486
1260 66
341 355
1416 176
680 66
2044 106
470 530
491 93
388 72
656 196
1063 449
1406 93
1170 66
770 556
458 66
1170 126
870 336
695 93
406 136
532 158
340 93
370 256
835 528
163 417
1030 56
870 308
768 556
981 56
482 86
420 286
732 137
767 137
868 556
306 146
1582 86
830 86
758 146
343 156
376 60
768 555
491 93
227 832
870 126
406 56
456 146
747 328
860 156
420 417
406 206
950 126
291 278
1555 372
2012 151
348 403
747 318
889 406
891 390
721 356
810 66
1002 93
1356 306
348 403
86 489
182 338
419 528
429 307
415 66
406 136
343 156
1550 556
2070 93
990 66
819 66
306 126
470 530
1556 66
356 556
1612 93
1076 256
2116 61
420 106
319 258
1055 381
325 136
1010 307
823 76
937 66
1406 66
547 56
950 106
1480 728
474 457
2406 56
406 156
470 66
1820 66
491 93
429 468
320 296
666 146
1526 606
786 56
966 86
406 106
482 86
1556 586
319 258
891 256
1398 620
2021 66
811 66
422 126
458 406
808 136
391 66
747 328
1206 61
393 126
1030 56
393 889
663 66
406 106
746 586
446 151
1289 393
798 449
356 206
1895 86
445 66
2382 576
256 146
202 894
888 336
750 138
449 93
2404 906
891 390
506 66
508 306
687 184
1966 576
516 391
667 536
789 137
565 358
558 97
232 824
470 286
408 136
1940 538
2026 56
406 156
896 203
1326 66
818 558
818 586
927 256
808 187
267 106
406 106
2426 56
486 56
220 66
706 576
768 555
341 530
350 179
565 386
456 106
506 94
549 97
458 66
438 406
829 528
496 76
1508 56
455 206
449 556
891 66
328 256
165 553
1106 61
2216 336
1091 66
417 116
256 136
600 93
732 137
808 136
489 98
348 403
783 548
232 824
889 406
1266 81
718 399
620 157
330 436
409 86
206 66
1659 398
1526 606
771 137
321 66
324 218
371 126
289 1172
1008 46
990 66
326 66
1030 336
356 556
2423 93
224 429
716 106
532 158
470 76
477 126
271 93
809 86
1030 86
1236 306
1418 66
859 86
640 56
1002 556
639 288
386 121
1718 625
1808 346
442 527
1246 406
853 385
2116 61
320 258
1260 156
406 156
990 56
746 56
562 66
481 93
386 121
421 66
891 576
182 397
420 278
540 206
328 66
676 106
928 123
2326 556
2070 126
1895 86
1556 586
491 93
445 66
721 356
874 123
870 66
453 363
252 93
690 86
2116 56
720 308
818 586
406 116
868 93
406 86
663 506
356 286
392 87
419 528
981 56
1398 620
663 478
406 545
321 93
876 86
392 87
491 93
2402 576
486 56
1826 66
409 76
202 894
624 175
470 287
791 126
640 87
687 184
470 377
791 126
480 793
530 396
835 528
486 486
780 197
959 66
2382 556
406 106
1206 48
421 66
1906 106
2326 556
2368 468
663 66
696 156
519 56
710 66
420 308
406 156
713 86
345 535
174 307
482 86
1826 449
378 87
756 56
938 106
406 156
406 106
703 442
531 66
316 392
746 586
2402 56
338 146
1659 398
639 288
395 93
769 66
1950 46
816 538
420 566
1770 336
406 206
467 106
491 93
341 93
420 278
2003 414
2382 556
620 157
406 183
808 136
818 558
797 216
452 1206
1140 76
720 336
341 530
1701 246
906 456
2070 126
508 206
339 66
1241 131
516 391
919 556
388 86
1870 86
388 106
760 156
892 123
66 802
1770 1010
456 436
906 356
663 156
2402 48
309 137
391 97
286 56
1755 360
1071 285
2326 126
1970 156
2161 56
921 86
252 246
620 176
446 151
824 106
170 567
471 66
758 72
2190 406
839 86
706 56
538 66
785 76
163 417
667 536
556 546
1966 206
720 335
778 56
706 576
1808 346
769 56
480 452
452 86
1056 246
255 383
341 530
531 66
516 391
406 116
888 307
491 93
402 173
1486 56
1210 545
172 363
256 136
2406 88
870 86
2286 48
206 66
393 889
1966 206
441 66
424 136
1288 86
937 158
1752 93
1419 56
558 97
809 86
703 288
413 156
565 93
271 93
439 56
376 97
666 556
516 391
224 429
516 414
406 136
1041 56
471 93
1550 556
2368 468
268 406
341 93
1140 76
2036 566
798 453
286 56
870 126
1616 66
1608 106
2070 93
1251 347
540 205
406 116
990 66
2190 86
540 206
920 76
830 86
803 170
1895 206
2382 556
486 56
547 56
408 136
343 156
565 66
366 458
417 116
406 156
838 176
842 137
486 486
1210 324
406 186
222 433
458 406
816 406
1752 93
556 546
406 156
2006 406
158 305
256 146
565 126
785 76
224 429
341 93
1770 93
429 307
469 106
181 436
2044 106
2288 48
480 402
1370 93
888 336
170 567
1241 131
406 106
845 66
2411 58
268 56
870 336
975 86
341 93
882 86
540 206
383 277
329 76
406 116
695 56
829 93
530 396
870 126
1426 71
281 66
1973 489
1000 93
538 66
1659 398
1210 426
614 218
2070 126
259 377
874 123
745 126
367 86
405 162
781 556
1843 575
370 255
721 356
523 133
768 126
324 218
990 558
1701 246
2068 468
1426 64
422 126
651 528
906 66
586 106
1135 76
396 106
384 456
320 88
870 56
1550 436
456 356
713 86
587 56
346 256
396 106
970 567
783 528
397 87
818 558
139 413
758 146
1526 606
420 336
316 392
818 558
781 486
1802 76
286 156
2036 566
682 581
2406 106
870 106
1970 286
812 421
491 93
289 1172
499 56
870 206
1382 66
370 197
356 206
770 126
1020 66
558 97
2068 468
666 424
406 106
732 137
1556 106
769 555
516 66
172 469
2266 66
2326 556
1063 449
1326 66
2348 536
835 93
319 258
870 308
835 93
1906 286
1063 449
1956 191
319 258
806 286
1028 421
937 158
470 286
1906 286
990 66
319 258
716 90
667 536
1033 93
491 93
420 306
2056 93
769 265
366 66
778 486
1380 66
920 76
770 556
318 106
470 106
356 558
158 285
960 66
319 258
456 106
966 106
2370 106
1010 307
1651 106
123 936
593 417
1659 398
383 277
324 218
808 136
440 548
1506 342
565 66
1290 93
406 156
320 258
1470 136
406 93
600 157
870 66
420 336
406 126
419 528
1385 86
458 406
489 98
406 186
1076 66
816 216
530 106
663 66
746 56
706 576
501 66
799 76
396 106
860 67
406 146
1135 76
680 581
717 126
811 486
769 265
391 97
1000 126
876 106
506 396
1820 93
906 468
370 255
536 56
447 56
271 93
531 66
895 86
1390 466
291 278
695 528
2382 556
248 66
981 76
818 558
226 196
255 383
1260 66
511 66
806 206
2210 206
703 288
316 392
540 206
1829 138
2402 576
455 206
471 66
1002 206
695 556
1910 66
256 126
534 61
851 137
842 137
816 183
413 106
530 396
620 106
1000 93
798 453
446 151
348 403
1002 556
1665 86
2226 556
406 146
781 93
356 206
445 66
703 442
540 206
1000 556
556 60
868 555
455 226
2048 336
406 156
606 566
421 66
326 66
1940 538
768 93
339 66
835 93
860 358
930 61
798 449
256 136
1709 56
868 555
371 66
856 356
948 428
720 308
291 66
445 86
1210 546
406 136
1406 66
1872 61
720 126
339 68
220 86
185 503
402 889
657 146
406 156
2006 406
620 176
845 126
818 558
750 93
509 76
306 126
392 183
783 179
158 468
835 93
408 136
324 528
304 126
787 86
2136 303
528 66
530 158
1306 64
406 106
1441 66
1570 93
480 452
2226 348
888 76
324 218
811 66
1210 426
532 406
656 126
501 66
344 136
906 468
853 76
516 56
808 187
161 450
549 97
785 66
185 503
1210 93
386 121
663 126
1536 66
359 87
2210 206
396 91
438 406
182 403
1770 66
553 489
1210 546
328 256
406 136
803 170
565 126
456 106
298 66
158 468
542 86
491 66
1970 286
202 894
770 86
891 576
928 123
820 356
202 894
1550 420
706 225
444 137
620 157
309 137
290 206
775 336
620 93
486 486
1908 86
833 309
422 548
747 318
743 86
406 156
1556 586
1500 56
706 576
816 183
981 286
320 107
870 106
791 126
842 137
306 179
320 296
1755 360
268 406
319 258
1210 324
452 1206
1555 372
770 241
356 66
1713 116
148 535
283 612
639 56
469 106
224 429
758 146
2402 576
486 486
422 126
855 126
906 286
406 156
241 66
1290 576
606 239
788 66
888 307
408 556
1843 575
872 64
420 106
1646 406
421 66
2071 46
884 338
406 156
2093 556
1007 106
406 136
398 93
718 66
950 66
1076 66
778 66
750 126
1048 86
1020 56
657 146
270 106
2070 93
429 468
484 576
241 66
1646 406
816 216
868 556
471 66
797 126
2382 556
874 123
1306 66
620 570
1598 246
256 136
703 446
456 436
1025 453
455 86
396 106
553 489
853 385
745 346
594 66
420 308
252 218
568 66
511 93
359 87
1172 517
769 66
919 556
791 126
2156 60
565 358
1170 66
206 66
1289 402
692 587
1391 406
467 163
1210 546
316 392
716 206
761 93
2266 66
251 66
870 576
420 336
456 121
802 366
1055 353
1289 402
1048 86
781 66
409 251
386 121
868 126
1556 386
486 56
540 206
325 518
312 68
721 356
600 176
408 136
306 179
547 56
449 556
844 123
406 136
422 548
620 93
1210 545
567 93
1550 436
346 535
470 287
516 414
491 93
906 66
356 206
2396 56
438 436
406 106
511 66
797 66
471 66
666 420
456 206
1246 406
448 468
397 225
1155 156
386 121
470 287
1406 93
316 392
383 277
431 66
2064 86
1131 286
306 93
830 86
256 146
556 66
828 66
1966 576
429 468
798 449
750 740
404 66
251 66
290 206
420 278
2060 66
320 296
870 93
456 156
436 66
1210 324
165 553
491 93
781 486
256 136
356 93
406 186
178 620
252 218
695 556
657 146
1167 76
1966 576
813 360
341 93
692 587
406 156
491 93
406 93
830 433
1770 336
444 137
2402 576
306 179
348 403
771 137
872 61
446 126
252 487
1290 576
747 318
620 157
1382 66
420 308
706 86
356 206
336 286
404 486
695 556
420 330
924 66
378 225
283 87
486 486
430 421
906 468
891 576
406 156
320 258
356 106
1055 126
319 258
1416 176
453 398
1836 56
424 136
486 486
389 87
291 278
377 56
770 241
2070 93
420 308
1506 420
1155 156
700 318
666 86
855 66
306 106
692 587
703 442
639 48
830 76
356 106
183 397
486 56
1041 56
356 116
809 156
456 156
470 286
778 66
2026 66
1770 93
325 136
568 56
1402 86
588 256
306 106
783 308
621 378
2026 56
1007 106
1410 126
474 61
898 106
251 66
1555 372
845 126
420 308
1066 336
798 453
383 277
391 97
741 61
2408 56
1506 241
477 126
842 137
695 528
1826 449
930 86
496 135
419 528
402 173
906 156
456 106
600 157
306 93
406 106
415 66
406 106
291 66
1056 246
710 93
471 66
408 106
2348 536
343 156
438 406
388 76
1246 406
1210 126
1391 106
720 336
456 106
516 391
420 278
517 93
736 107
888 126
532 406
