1200
1220 2440
593 417
429 307
406 156
406 56
570 256
2396 56
306 126
891 548
383 277
913 417
682 581
158 468
676 106
298 66
1066 336
482 86
860 67
309 137
540 205
388 66
406 156
769 56
486 438
553 489
620 157
1843 575
1788 356
420 566
1764 66
1404 468
682 581
486 438
1131 306
438 406
1636 61
1063 449
606 586
439 366
703 442
86 239
406 136
816 123
325 518
1002 93
806 236
681 106
491 93
420 336
703 446
620 93
2382 576
366 486
875 66
188 86
219 86
497 66
858 106
186 285
420 308
769 486
891 556
1520 76
2316 56
222 433
456 121
818 323
2382 556
406 106
1701 246
893 356
528 66
506 406
1550 93
496 61
2104 705
629 148
516 391
86 239
593 417
268 86
2292 427
163 417
781 66
720 336
717 126
283 87
818 558
1260 48
420 306
2272 91
523 133
978 76
904 406
309 87
429 468
770 356
338 66
756 66
113 928
829 93
391 66
558 97
913 417
739 285
396 91
756 556
511 93
306 93
600 157
470 106
422 548
1000 93
1266 66
766 93
868 93
913 417
445 173
681 106
881 781
256 136
2151 46
2061 556
384 456
491 93
806 286
406 156
458 86
182 403
438 406
486 486
356 236
2006 93
378 87
387 131
406 66
2226 106
404 56
1506 342
306 166
874 123
2106 306
990 66
570 66
220 86
736 107
1528 86
596 187
2068 468
232 824
356 196
408 136
406 86
553 489
848 453
448 468
769 66
1215 106
420 306
453 398
1246 406
491 93
1570 406
1410 246
206 56
620 157
302 126
406 166
744 347
406 186
453 453
880 66
853 385
1871 56
370 329
758 146
404 66
556 546
1556 106
778 66
420 278
1288 126
1246 406
1701 246
348 403
392 87
470 286
696 176
695 528
2006 406
391 97
320 258
491 93
356 93
687 184
1636 366
710 196
1210 426
1289 402
482 86
1380 76
321 66
453 398
770 216
446 151
520 517
142 328
370 66
761 486
1976 86
521 66
919 556
845 126
156 788
356 116
1506 66
766 93
937 306
420 566
420 86
502 66
356 116
406 116
480 402
829 93
1731 56
2382 556
784 56
565 386
819 93
406 156
440 548
406 156
2136 303
1512 66
448 468
818 558
750 126
321 93
436 66
593 417
456 156
2106 106
910 126
309 87
741 86
1206 93
406 126
1246 406
600 176
421 56
682 474
417 116
439 66
406 116
181 436
781 486
348 403
356 116
406 136
343 156
796 56
1870 76
291 66
888 576
491 93
501 66
680 66
720 308
770 86
406 146
565 93
446 151
798 449
1870 86
421 66
406 156
271 93
2126 546
256 136
1066 336
530 61
486 106
406 56
870 66
990 66
1076 66
406 166
471 93
271 93
306 146
1056 86
1416 106
420 336
238 76
456 146
797 328
906 93
1403 66
406 156
356 176
1041 56
797 356
406 156
482 86
406 156
2068 468
521 93
320 303
786 566
913 417
397 225
706 576
1606 66
2028 66
720 308
797 188
543 416
746 56
422 419
456 106
1659 398
880 66
255 383
1271 66
516 66
1391 106
291 93
890 537
769 56
423 310
348 403
474 538
420 308
341 530
516 306
56 218
306 93
2382 556
516 391
480 793
881 467
356 324
718 399
320 296
818 126
770 1110
1030 336
853 385
2402 576
2216 336
2226 556
420 306
288 66
756 61
1843 575
256 136
770 1110
420 308
526 66
783 548
2368 468
2406 66
870 86
366 66
768 555
341 530
1398 620
406 156
532 86
491 66
198 323
174 566
412 528
338 146
1770 336
511 66
256 288
2190 86
406 106
876 86
306 146
870 576
528 56
430 407
1340 310
306 106
587 56
2326 556
884 370
1438 625
371 536
316 392
328 238
568 56
325 518
388 66
796 106
760 74
306 106
874 123
600 157
350 179
417 116
692 587
511 66
2402 576
1466 88
1755 430
511 93
384 456
1895 206
796 56
446 126
818 586
1770 336
756 61
458 106
1406 66
1538 385
511 66
508 206
453 398
1658 86
406 66
347 86
437 528
1966 576
455 86
391 66
232 824
521 93
639 288
181 280
1289 393
420 278
612 257
406 106
1656 56
356 93
1314 93
1646 406
1752 93
343 156
1350 76
319 258
532 158
406 93
348 403
860 74
568 206
1608 106
695 528
1550 556
778 56
424 136
870 93
438 406
781 66
420 566
420 278
297 56
356 206
1188 86
606 336
421 66
224 429
489 86
465 156
316 392
646 586
1940 538
367 206
446 151
406 156
844 123
420 278
868 556
182 338
474 538
444 86
2382 556
1546 414
2036 566
904 406
568 56
888 126
446 386
486 486
1289 393
486 486
811 66
530 158
321 66
906 468
449 93
695 528
2406 581
486 486
400 86
1025 453
663 66
1806 66
1382 66
2402 576
1135 76
764 126
446 151
306 336
870 66
388 72
888 336
778 66
919 528
306 126
2226 556
188 86
1064 46
2068 468
424 136
2093 206
700 318
1931 66
870 336
891 576
870 420
155 463
920 76
600 93
354 121
161 450
783 308
406 156
651 528
356 324
1406 66
1218 76
1179 66
491 93
713 86
1048 66
538 66
449 126
570 237
298 66
726 66
776 66
269 66
785 126
497 66
1709 56
657 146
906 456
750 768
528 56
2226 556
1063 76
123 66
550 770
511 66
206 56
521 66
1758 76
1131 188
283 611
870 106
913 417
319 258
771 137
630 93
1398 620
406 116
429 307
185 503
402 126
356 116
1028 421
870 336
402 889
123 66
769 66
1040 616
2368 468
521 93
2006 406
406 136
835 556
845 126
1255 56
2316 56
978 76
797 126
771 137
606 336
56 566
330 66
199 356
565 93
700 336
1416 176
1066 336
1550 556
851 137
348 146
910 66
406 66
453 398
480 452
423 310
787 56
600 157
338 56
686 203
981 76
348 403
558 97
356 206
593 417
406 146
612 257
391 97
1076 256
422 419
178 115
288 66
429 468
771 137
540 205
732 137
553 489
1886 66
2068 468
328 66
769 486
491 93
446 151
696 196
481 93
417 116
346 256
320 107
810 66
406 136
369 204
553 433
549 97
309 137
406 96
420 66
388 66
268 76
1555 372
745 346
532 86
447 106
470 377
486 56
406 206
326 66
828 93
344 76
436 66
540 206
1289 393
421 66
2326 556
288 56
811 66
621 378
2402 56
325 136
367 206
319 258
2070 556
453 363
346 535
2216 336
467 106
919 93
455 528
481 93
2067 56
280 93
2402 56
2060 93
779 545
2292 427
486 56
480 402
476 126
344 136
1550 93
283 87
202 894
256 136
990 586
872 86
359 217
420 330
441 358
913 417
420 278
835 123
516 414
1752 336
1002 556
2402 576
268 56
256 126
421 66
921 86
406 156
594 66
1448 66
700 336
252 246
2106 56
703 442
851 137
556 466
870 106
456 146
859 86
343 156
839 86
1140 76
420 93
1920 91
1030 336
1721 56
417 116
682 76
768 556
377 56
1788 356
620 157
446 151
769 126
621 378
1030 56
1355 386
1063 449
750 93
406 146
456 106
304 126
436 286
466 126
348 403
666 424
629 356
470 258
1170 66
667 536
888 307
422 398
283 611
680 76
811 66
320 296
746 556
1210 324
2326 556
1755 360
1788 356
1755 430
449 106
371 508
771 137
437 528
678 66
753 354
1371 66
356 116
356 116
805 56
96 106
913 88
1048 86
480 402
702 355
891 66
928 123
395 93
291 278
1076 66
421 66
840 66
486 56
396 106
366 66
888 66
810 428
341 530
356 116
1356 306
1370 406
1788 66
496 61
471 66
2070 556
1752 93
406 116
856 356
1926 66
868 93
406 136
429 307
806 93
819 356
327 96
320 258
767 137
833 307
422 398
1030 86
2426 56
1260 956
952 746
2286 48
529 469
891 66
2406 106
706 576
1289 406
931 271
2321 152
808 136
845 126
957 66
1970 336
288 66
1406 66
695 93
543 416
843 187
206 56
406 56
406 146
319 258
282 66
182 403
482 86
873 93
770 126
824 106
174 307
356 176
533 61
1340 256
406 156
397 87
600 157
417 116
1598 246
339 146
252 487
269 66
452 1206
1271 176
906 76
646 66
202 894
621 378
2070 93
720 308
1040 616
321 66
1737 56
710 196
1406 93
778 56
919 126
455 226
376 206
776 56
812 421
1406 93
1246 406
2103 556
467 106
2348 536
252 93
268 56
366 66
170 567
1556 66
733 600
1170 88
344 76
769 486
491 93
695 556
470 287
2046 56
1526 56
388 72
1770 93
823 76
388 66
2106 86
835 556
356 558
1752 126
781 556
863 56
763 76
356 324
813 360
769 66
453 398
1646 406
2036 586
813 360
406 156
283 611
2070 126
480 86
872 86
391 76
651 528
556 546
471 66
516 391
1546 414
726 56
306 93
629 148
888 336
439 366
446 151
319 258
448 468
2406 66
182 403
848 453
445 66
888 336
406 126
256 136
366 66
406 156
328 256
565 66
1506 66
508 206
431 66
1063 449
806 286
500 66
406 156
376 60
482 86
399 56
666 86
952 106
663 478
188 86
806 61
252 246
895 86
2216 106
713 86
78 338
816 183
1390 466
1716 216
639 48
1755 360
811 486
1906 106
774 86
440 548
256 146
406 106
456 206
256 136
516 391
480 452
950 106
291 278
892 123
316 392
756 336
1050 761
420 308
333 378
906 456
2382 556
271 93
1764 66
898 278
1246 406
452 1206
491 93
756 336
758 146
808 136
868 93
470 530
1659 398
809 156
1900 98
178 620
1210 546
680 581
247 93
835 93
1758 76
706 576
1788 66
1251 61
870 126
1606 506
703 288
486 486
1615 76
445 66
477 126
430 407
1210 324
1416 176
1063 449
511 66
781 66
1002 206
745 66
743 337
737 66
1370 93
330 166
406 106
178 620
241 66
321 66
455 226
363 172
429 468
781 48
256 106
2226 348
1944 91
1040 616
2216 256
499 56
151 56
906 468
1210 406
356 106
489 98
309 137
338 66
1966 206
718 399
1055 381
224 429
830 433
703 288
251 66
1290 576
750 126
309 137
450 66
422 398
536 66
502 66
346 278
383 277
1890 61
881 467
1041 56
706 86
1802 76
370 256
306 336
2241 61
769 126
906 93
155 463
456 436
413 156
396 106
889 406
771 137
406 146
480 793
470 258
781 486
888 336
744 347
1598 246
663 126
271 93
356 131
438 406
540 206
744 347
721 356
761 93
406 106
680 76
1210 546
639 56
829 93
392 87
835 95
348 403
960 126
835 93
2226 556
497 66
491 93
1188 66
165 553
838 176
516 66
806 286
309 137
820 93
802 366
396 91
399 56
1178 218
348 403
1385 86
406 126
406 106
870 126
521 66
224 429
364 68
791 66
1826 449
183 743
2292 427
1601 381
491 93
521 66
433 156
706 86
406 186
408 106
769 486
1593 106
348 403
808 136
1260 326
406 106
516 391
446 151
256 136
720 308
828 93
448 468
341 93
291 278
746 586
202 894
2266 66
1210 324
497 66
791 126
2436 56
695 93
491 93
486 56
86 489
981 66
163 417
806 106
870 106
1866 61
241 93
1210 546
371 66
491 93
1040 616
860 156
501 66
231 76
781 56
256 146
348 403
421 66
390 137
2206 56
1303 106
1550 420
2286 48
1210 93
1140 76
1553 465
506 158
1659 398
252 246
521 66
770 86
1289 406
392 87
1000 93
356 131
