1200
1220 2440
480 793
823 76
1755 430
1788 48
356 66
521 66
1191 216
2348 66
799 76
818 586
406 545
771 137
486 66
1251 61
888 576
1108 57
480 56
1506 66
769 486
869 86
715 516
2439 93
2012 151
282 66
2368 468
829 93
1565 561
178 620
458 106
600 93
1289 393
2402 576
483 558
283 611
511 93
870 126
348 403
359 87
420 336
348 146
540 206
621 378
710 76
455 226
906 93
1716 93
291 278
345 535
390 137
283 611
1070 106
1566 66
388 66
880 56
389 87
376 60
746 586
386 121
290 187
306 106
823 183
910 126
2026 56
298 66
2011 66
558 97
1962 61
813 360
291 278
271 93
406 116
1895 76
1666 46
995 307
436 66
418 66
521 93
746 586
346 535
849 126
370 237
842 137
330 66
429 307
1091 66
481 93
1701 246
770 128
506 406
2006 93
421 66
960 66
170 226
291 278
163 417
565 358
1570 93
268 56
1188 66
158 468
281 66
882 86
1088 326
2286 48
868 556
480 452
474 457
306 106
406 126
838 176
874 123
420 66
406 156
256 179
838 176
785 76
406 106
491 93
764 136
818 323
2382 556
2406 66
768 93
938 386
421 66
1356 306
530 158
404 66
449 106
1688 106
256 106
1066 336
342 166
786 236
296 156
516 414
829 93
1056 66
880 66
320 303
596 187
474 538
1550 93
356 116
779 66
406 86
2005 66
420 66
1002 556
1020 56
356 116
906 456
553 489
430 421
356 324
756 556
776 66
388 72
528 56
298 66
798 453
540 205
444 137
970 106
816 616
667 556
1406 66
703 288
611 257
406 186
446 151
556 546
2190 86
320 296
1659 398
420 308
2106 56
1508 56
420 66
538 66
516 391
181 280
663 506
420 336
2070 126
720 278
319 258
809 86
406 156
1659 398
321 93
620 157
856 126
791 66
536 56
420 336
252 246
2292 427
345 535
860 156
797 328
2382 556
446 126
695 56
1260 48
486 56
306 336
887 203
695 56
480 56
1956 56
750 740
784 179
123 66
741 56
2116 56
798 453
1906 66
769 56
540 205
870 336
868 126
1289 393
1843 575
2266 66
626 126
421 66
406 186
343 156
2402 56
497 66
530 396
811 486
1966 206
471 66
1290 93
367 206
436 66
1612 93
470 106
836 66
306 106
1836 61
446 151
271 93
888 336
875 465
586 106
492 558
445 173
1606 66
325 518
570 86
438 436
2067 56
1007 86
1546 414
2104 705
835 123
247 93
298 66
930 61
420 66
729 86
320 258
733 620
538 66
406 146
770 56
370 356
1595 421
718 399
539 503
818 586
420 306
1973 489
1550 93
2288 66
256 116
838 176
456 436
241 66
271 93
888 307
309 137
806 286
2326 66
2091 56
306 198
906 66
502 66
181 280
453 398
359 87
761 486
356 286
570 86
449 528
448 468
413 93
549 97
1970 156
366 56
1498 356
887 203
568 216
659 48
1355 66
341 530
1289 406
818 66
356 93
1390 466
835 528
420 330
456 121
2286 48
768 93
853 385
700 318
470 286
431 66
588 66
491 93
2044 106
696 88
2048 336
430 421
706 86
540 206
1210 406
1290 576
828 66
663 506
657 146
1020 66
746 88
726 66
1326 66
620 157
1556 386
769 486
570 237
2326 126
476 126
449 528
2126 546
682 76
320 258
811 56
344 76
2236 86
835 93
430 421
1966 576
341 93
392 87
181 280
783 179
769 265
433 156
383 277
480 452
491 93
646 586
338 146
224 429
2236 86
481 66
2126 46
1598 246
420 278
533 61
491 93
1956 191
383 277
66 846
491 93
784 56
957 456
750 138
1290 93
324 528
2131 56
511 93
1007 106
328 238
2216 336
587 56
306 336
406 106
345 535
456 336
600 157
1055 66
1598 246
453 398
306 336
823 76
695 528
1179 66
813 360
1110 236
391 66
1404 468
1391 66
406 156
140 537
891 86
489 98
906 66
1206 93
370 256
348 403
455 528
348 403
330 66
529 469
406 106
931 93
268 406
356 206
720 308
396 91
891 576
516 306
163 417
2116 61
891 256
324 218
819 356
960 566
440 548
448 468
1953 86
329 76
406 146
306 106
341 530
747 328
808 136
781 48
390 137
818 558
775 166
789 66
891 576
86 970
2226 348
232 824
480 402
657 146
1355 66
2036 586
406 156
406 156
950 106
600 176
2068 468
501 66
570 237
797 328
497 66
452 86
797 216
1390 466
1659 66
570 256
506 48
531 66
884 370
1236 306
458 66
470 286
884 370
406 156
670 238
406 106
341 93
1966 576
532 86
1506 241
409 76
480 402
1210 546
988 106
680 66
366 66
1210 546
919 93
366 56
1659 398
808 136
491 66
470 138
706 576
1418 96
393 889
406 116
406 545
556 61
2382 556
306 106
1406 93
636 196
1970 286
2104 705
491 93
1843 575
880 126
420 106
142 328
341 93
770 253
682 581
1546 414
406 156
341 93
252 218
611 257
420 566
881 781
884 370
639 288
346 256
419 528
163 417
206 56
420 306
366 56
1066 336
553 433
406 56
1306 56
202 894
1506 106
420 336
558 97
422 398
733 620
356 116
1636 366
696 56
430 407
1288 126
1665 86
716 126
2402 576
446 151
325 518
415 307
1338 328
532 86
417 116
348 403
1390 98
158 305
565 358
528 66
482 86
1326 66
769 126
178 115
783 548
530 406
406 116
2070 126
328 256
1802 76
406 136
465 156
508 126
399 56
449 556
663 478
937 158
409 251
406 116
294 156
356 116
406 56
457 106
1041 56
1390 98
556 66
767 137
1025 453
255 383
306 126
406 66
181 436
802 366
406 166
1973 489
449 528
870 106
706 206
811 486
804 406
282 66
155 463
855 66
570 237
663 156
406 156
2292 472
429 468
2226 556
547 56
316 66
797 216
855 126
1788 66
1906 286
1970 336
480 402
750 768
580 56
185 503
717 126
570 256
202 894
676 82
1260 156
516 414
612 257
745 66
283 611
421 66
1881 56
818 586
170 196
316 66
880 66
1172 517
768 556
538 66
402 173
990 66
386 66
639 288
422 419
823 183
348 403
612 257
256 136
322 97
321 93
406 106
1606 426
2326 126
469 106
1056 246
441 66
745 126
330 66
356 286
1606 426
547 56
370 66
341 530
703 442
491 93
1770 336
232 406
420 66
666 86
768 126
778 66
818 323
783 308
2439 66
180 453
695 93
348 403
255 383
486 56
789 137
888 307
391 97
829 556
1926 56
174 545
439 66
770 271
882 86
890 106
781 486
456 121
842 137
356 93
750 740
316 66
500 66
511 93
2176 106
1534 48
2048 336
2382 556
306 126
812 421
888 336
696 88
1289 406
1755 430
417 116
422 398
486 486
417 116
248 66
446 151
882 86
565 126
1550 436
491 93
1556 586
1970 336
2091 66
320 258
830 76
1290 93
487 186
509 76
2210 206
291 66
491 93
1326 66
491 93
172 469
1755 360
470 286
455 226
482 86
1066 336
1260 156
343 156
910 576
406 186
480 452
819 332
797 328
457 106
470 106
1406 56
2006 93
429 307
356 558
1289 402
320 258
1063 453
770 216
745 346
788 66
186 285
1218 76
1055 126
553 489
1338 256
2216 336
990 586
1416 176
620 157
745 346
399 56
943 76
898 66
321 66
2016 151
910 66
379 225
386 121
1970 286
1506 241
720 335
1586 63
771 137
1385 76
1716 216
518 66
1788 66
682 581
721 356
957 456
1450 76
306 179
456 121
806 286
760 156
356 176
797 66
600 176
2190 406
2066 506
808 136
342 166
469 106
256 288
1246 406
1646 406
2316 56
378 87
391 97
570 256
506 61
839 76
1206 106
406 156
2292 427
870 93
870 548
2070 93
666 424
839 76
830 56
797 328
406 106
174 76
1498 356
428 96
870 336
1755 430
568 56
1550 93
806 56
829 556
1416 176
682 554
533 61
842 66
283 611
324 528
429 307
291 93
788 328
2259 555
448 468
874 123
456 336
445 66
283 87
508 306
1007 106
281 66
906 286
593 417
256 136
487 186
540 206
593 417
438 66
424 136
458 406
480 793
1570 406
298 66
1733 86
853 428
889 406
66 578
496 61
186 285
366 66
1895 86
769 126
486 486
123 918
906 356
870 106
816 216
370 66
496 135
393 126
1770 336
1870 86
750 126
291 66
1104 576
1788 66
818 558
2226 348
186 285
2382 556
1406 66
2226 556
449 106
1970 336
344 126
406 106
761 486
469 106
320 258
388 72
1450 76
778 66
678 66
391 66
818 586
526 66
406 126
1416 176
402 889
1188 66
934 198
703 288
413 136
406 56
706 576
364 68
888 336
780 197
438 406
2426 56
1606 426
891 390
812 421
666 86
788 88
429 307
390 137
370 66
2106 86
406 126
458 66
928 123
860 74
148 535
348 403
356 286
1906 286
206 317
406 86
703 288
506 176
296 703
651 528
2070 126
449 93
199 356
182 403
808 136
639 288
781 93
1555 372
960 126
1210 324
337 106
304 126
539 503
291 278
888 336
1534 66
1550 93
1289 402
906 456
870 126
497 66
486 486
1179 76
241 66
391 97
436 66
516 584
406 156
222 433
1020 278
516 414
797 66
388 72
528 66
420 308
268 86
449 106
406 206
1406 56
474 61
667 528
185 503
829 528
931 306
2272 91
695 56
438 406
309 87
391 97
221 389
702 355
779 545
898 66
1210 545
1500 56
1755 360
420 336
1534 66
812 407
420 66
417 116
139 413
388 76
421 66
252 218
256 146
913 417
670 575
483 558
420 86
306 93
809 86
497 66
350 179
406 136
893 356
66 536
540 93
86 316
320 296
600 157
769 56
1606 426
182 433
393 889
397 225
356 116
422 419
163 417
808 136
740 86
549 97
990 586
781 66
471 93
406 116
881 467
1088 326
2286 48
391 66
606 566
491 93
146 466
1752 93
396 91
700 318
1570 406
1970 336
406 126
406 56
356 116
829 528
818 66
426 93
366 556
860 56
805 56
764 126
1210 546
919 556
2406 56
547 56
406 156
811 486
1966 56
1550 436
1970 336
733 600
123 66
1534 66
2070 126
402 173
1900 98
320 76
812 86
1556 586
587 56
1556 586
726 66
420 308
860 353
786 566
487 186
163 417
870 308
268 56
1271 176
267 106
829 556
422 548
471 66
2121 56
818 586
747 328
695 528
1071 285
663 66
1066 336
491 93
855 126
448 468
835 123
1179 206
424 136
2151 46
783 548
406 106
1550 93
1260 86
1167 76
458 406
745 66
508 206
392 87
252 93
1076 66
870 336
708 106
270 106
2388 86
185 503
1402 86
471 93
663 506
347 66
848 453
1616 106
840 66
320 258
620 570
408 136
446 126
1088 326
474 538
2382 556
1406 93
319 258
816 183
320 258
1068 286
480 86
202 894
870 126
2326 556
113 427
419 528
486 486
406 56
183 743
710 241
1048 66
1002 93
808 136
271 93
868 555
328 256
1215 61
2406 86
406 156
1170 66
2226 348
477 126
319 258
481 93
141 48
456 336
2382 556
123 66
758 138
808 136
1716 93
390 137
806 93
406 545
766 93
390 97
718 66
553 165
695 93
829 93
429 307
771 137
2402 48
511 66
1755 360
829 93
536 66
417 116
892 123
1826 449
2226 556
2216 336
1733 66
1376 256
206 56
1188 66
1870 76
910 576
811 486
420 267
422 419
406 106
339 146
327 318
786 88
