1200
1220 2440
501 66
486 56
1246 406
919 556
256 288
490 66
420 308
2190 406
884 370
453 398
538 56
908 86
747 328
306 146
1055 381
180 453
650 894
806 286
1218 76
86 268
383 277
784 56
406 116
811 66
502 66
890 126
402 173
271 93
2068 468
823 76
1028 421
193 66
174 307
261 66
232 406
316 66
421 66
736 107
170 226
356 116
320 258
1210 545
540 93
758 146
1020 56
181 436
732 137
651 528
396 106
183 743
2406 86
2426 56
2361 46
523 187
706 141
1002 556
2070 93
346 535
288 66
446 151
2326 93
486 56
178 620
919 528
417 116
606 239
158 468
438 406
756 56
420 267
1526 606
799 76
1808 346
682 66
556 60
845 66
486 486
486 486
860 56
106 106
286 56
767 137
420 336
356 324
436 458
2151 46
570 891
170 567
758 72
1391 106
1390 466
1260 326
438 406
491 93
2226 348
413 156
870 308
970 567
509 76
868 93
341 93
441 360
803 421
775 166
446 151
408 136
2206 56
506 48
409 286
396 106
474 538
281 66
1241 131
721 356
2408 56
252 93
420 308
1266 66
721 356
1506 420
882 86
406 106
348 403
170 567
1246 406
86 316
906 468
406 156
703 442
289 1172
853 76
390 137
1836 61
888 307
635 126
406 206
908 61
1528 86
441 66
798 449
868 556
456 336
174 545
750 768
151 56
769 56
1055 66
565 358
937 158
298 66
1063 449
320 258
1002 93
348 146
904 406
888 307
341 93
1029 76
620 176
1808 346
457 106
406 126
891 66
452 86
172 469
506 106
729 556
756 66
141 431
332 68
2121 56
470 138
399 56
458 106
744 347
1288 86
369 66
948 456
491 66
320 258
492 558
441 360
224 76
241 575
343 156
1293 56
1526 606
406 91
778 66
816 183
536 56
817 93
1755 430
818 323
456 146
1940 538
612 257
1076 256
165 553
1770 336
271 93
908 86
325 136
870 106
406 86
406 136
888 66
319 294
392 183
1659 66
185 503
448 468
316 66
406 156
888 307
716 106
663 187
695 556
324 528
1406 66
570 891
2259 555
486 56
870 336
174 553
444 137
835 556
491 93
219 86
703 288
161 449
491 93
756 556
422 548
470 286
870 66
384 456
706 576
453 363
252 93
2316 56
796 56
1665 86
1140 76
341 530
123 918
798 453
1406 93
797 188
1970 336
526 66
348 403
620 93
406 156
553 489
611 257
2086 66
2301 176
1270 66
325 518
830 86
1550 556
2106 56
406 126
350 179
423 310
690 76
506 396
758 72
1586 56
383 277
366 556
486 66
596 187
178 620
920 86
456 121
441 66
2326 556
429 468
713 106
516 391
363 172
491 93
1131 188
429 468
348 403
511 66
2402 56
506 396
458 66
528 66
163 417
1770 1010
446 151
870 336
491 93
456 436
667 536
616 126
1376 256
341 93
1030 56
446 126
1340 310
2026 66
1646 406
356 558
1179 76
348 403
406 156
1808 346
178 620
747 318
713 86
870 336
2210 93
580 56
1770 66
778 66
1550 436
818 586
406 116
199 356
1966 206
553 489
174 307
343 156
990 558
530 406
820 337
1520 76
320 107
1550 556
268 56
1088 326
1438 625
663 126
516 414
178 620
809 86
521 66
539 503
491 93
448 468
455 226
111 395
1406 66
511 93
470 258
666 424
324 218
256 146
1895 206
422 419
406 106
392 87
567 93
366 106
870 336
898 278
470 377
937 66
1340 256
320 258
768 126
417 116
906 286
1718 625
791 66
2190 86
663 506
1236 306
928 123
489 86
406 56
306 106
870 308
420 308
497 66
1066 336
1172 517
422 548
1290 576
2216 256
695 93
396 91
720 308
706 206
844 123
1131 286
356 116
2226 556
420 336
304 126
178 620
1236 306
1688 106
1770 336
356 286
406 156
1701 246
747 318
409 76
2280 66
366 56
2402 48
391 66
860 353
489 98
420 308
740 106
486 486
1416 176
1210 426
927 256
1416 176
771 137
182 403
1398 600
600 176
480 793
888 307
756 88
256 136
1382 66
874 123
906 66
271 93
657 146
1404 468
1550 556
2162 106
456 146
1270 66
408 556
858 106
1688 106
456 106
325 136
1788 356
1906 286
870 576
2402 93
888 336
858 66
803 383
436 486
2026 66
870 308
818 323
986 66
1703 66
2394 66
139 413
806 93
898 66
1210 406
875 465
497 66
458 106
721 66
1179 76
1002 206
532 158
538 66
384 456
919 528
872 61
770 61
163 417
356 324
453 453
706 225
399 56
496 135
1498 356
717 66
781 93
271 93
422 126
383 277
687 184
366 556
406 146
347 86
766 93
386 66
453 398
783 308
549 97
747 318
370 66
568 216
2071 46
2326 66
420 336
501 66
170 567
1002 93
2266 66
1068 286
252 246
456 156
1398 600
417 116
1606 506
803 421
1210 324
1506 241
818 66
409 86
990 66
565 66
771 162
348 403
706 576
158 285
506 396
320 296
420 306
771 162
819 356
420 336
1608 106
370 329
474 538
1007 106
2288 66
1260 156
2226 556
2206 51
491 66
458 66
182 403
990 586
406 156
436 458
906 93
741 91
808 136
450 428
565 386
606 336
2066 506
1534 48
812 56
406 156
1598 106
1000 126
706 576
445 548
941 56
829 528
386 121
890 66
540 93
924 66
706 576
1721 56
338 76
348 403
838 176
406 126
891 86
324 218
540 206
232 824
325 518
1068 286
1002 556
920 76
906 93
1658 86
251 66
931 306
224 429
1006 93
388 72
1289 393
306 166
183 743
185 503
482 86
202 894
458 66
256 136
2402 56
422 398
1410 126
406 146
521 66
186 285
429 307
406 146
703 288
1255 56
1391 106
181 280
169 386
1615 76
486 56
1091 66
956 66
356 93
620 106
845 126
465 156
348 403
516 137
1191 216
565 358
869 86
696 176
808 136
663 126
835 93
286 156
695 56
2070 93
486 486
868 556
1030 56
558 97
1752 336
429 307
471 66
338 66
321 66
806 56
480 402
501 93
1788 66
835 528
868 556
326 66
402 889
818 586
417 116
221 389
330 436
186 285
465 156
380 76
888 336
1260 456
182 397
180 453
656 256
370 66
736 107
770 126
666 124
306 146
420 106
1506 66
539 503
942 86
309 87
470 286
406 156
558 97
1210 546
718 66
1900 98
553 433
420 106
2061 556
429 468
2292 427
417 116
1000 126
706 576
1656 66
471 93
913 417
393 889
938 386
1210 546
406 116
1406 66
421 66
768 556
2048 336
784 56
291 278
786 566
374 126
797 216
523 133
321 66
2406 93
336 286
1210 546
320 296
190 453
330 66
1770 93
348 403
386 121
888 548
343 156
456 106
325 518
370 66
429 307
356 558
346 535
791 126
456 121
406 156
1066 336
781 486
1002 93
1206 106
1071 285
406 136
1786 56
2259 555
1659 398
726 134
429 468
1063 449
2382 556
819 356
746 556
670 238
291 278
756 556
2066 506
174 566
2326 66
220 86
1210 406
256 136
363 172
261 66
2348 536
870 126
206 56
1895 76
447 56
2216 256
1029 76
491 93
409 286
158 468
549 97
666 171
378 225
393 889
489 86
429 307
938 106
802 366
540 205
2068 468
404 486
1582 86
356 324
428 96
950 106
810 428
256 136
356 206
1260 995
453 398
756 556
1910 66
396 106
888 307
1565 561
1210 545
990 66
251 66
433 156
718 66
256 146
695 528
406 186
1030 76
396 106
1528 86
163 417
421 66
747 328
366 486
406 186
869 86
419 86
870 548
856 356
356 176
181 436
420 417
990 56
486 66
547 56
646 586
397 225
833 309
371 66
2226 556
2104 705
420 566
1289 393
540 206
341 93
797 188
271 93
202 894
553 489
1550 436
521 66
248 66
420 106
1752 93
812 421
345 535
406 116
320 126
2266 66
321 66
1646 406
733 620
2026 66
306 126
402 173
406 106
681 106
470 106
656 196
771 137
1140 76
708 106
516 391
530 61
384 456
474 457
371 508
367 106
667 536
456 436
855 126
516 584
1636 61
108 427
842 137
271 93
1030 56
1036 356
2086 66
593 417
404 486
2402 56
836 66
816 616
422 419
606 586
703 288
802 366
888 307
325 136
470 66
368 86
663 66
870 66
769 66
371 126
238 76
960 566
860 74
446 126
227 832
421 66
487 86
203 397
461 86
420 106
224 76
678 66
870 106
695 93
588 66
770 241
206 66
1290 93
553 433
288 66
256 136
1416 176
320 296
2116 56
1210 546
1611 859
466 126
516 391
680 581
1570 93
690 86
220 93
695 556
875 66
491 93
639 56
806 56
1659 398
663 506
406 156
337 106
429 468
1995 106
491 93
651 528
874 123
570 66
290 187
421 66
172 469
1210 546
511 93
306 106
568 66
1406 66
797 328
805 56
743 86
520 517
835 123
810 66
420 566
376 60
888 307
452 1206
306 179
2124 86
480 86
111 395
2326 556
716 106
206 56
606 278
981 76
1498 356
321 66
868 93
853 76
429 468
155 463
409 86
1402 86
1406 66
839 286
687 184
805 56
341 530
881 467
540 205
429 468
496 61
320 258
339 66
406 156
400 76
1570 93
320 258
491 93
178 620
468 66
1872 61
2036 586
280 93
356 93
343 156
769 126
455 528
123 478
491 93
835 556
2426 66
1260 66
1872 61
695 93
302 126
666 124
781 93
438 406
530 158
769 126
450 56
2226 106
655 66
393 86
696 66
420 86
1236 306
2368 468
255 383
981 66
1752 93
378 87
306 93
663 506
565 93
406 146
646 86
746 586
329 76
325 518
870 86
346 256
745 318
1970 336
415 528
870 106
787 56
390 86
523 133
232 824
319 258
406 136
446 151
298 66
1246 406
486 56
2121 56
568 206
413 156
506 406
695 528
1550 93
256 179
256 288
439 56
868 93
393 86
888 576
651 528
391 97
341 93
422 126
680 581
540 205
2301 186
2301 66
1755 430
1143 198
491 93
438 406
758 138
768 93
408 556
406 136
441 66
2382 556
506 176
952 746
620 157
406 86
1480 728
913 417
342 166
220 93
2368 468
2326 126
889 406
453 453
565 386
1636 61
1973 489
750 126
422 419
2348 66
471 66
470 66
420 336
789 137
388 72
876 66
2106 93
406 206
283 611
486 56
421 56
516 391
1582 86
663 66
1970 336
158 305
406 146
870 126
458 406
2005 66
720 336
1820 93
797 188
2055 66
1910 66
521 93
2316 56
823 76
870 106
446 126
906 93
1290 576
806 236
703 446
286 136
319 258
338 76
750 740
872 86
420 278
438 406
798 453
174 553
1063 453
1752 93
1419 66
1210 426
2016 151
783 68
768 555
406 106
818 586
1441 66
346 278
1251 347
491 93
438 436
516 391
696 176
806 236
1553 465
306 106
429 307
1419 66
441 358
829 93
1733 86
708 106
406 156
919 126
453 398
420 286
300 1068
404 66
438 406
267 106
845 126
808 136
333 378
390 137
848 453
206 408
910 126
620 157
423 310
406 156
474 538
2348 536
310 236
420 306
2103 556
696 61
2292 427
449 556
406 156
970 567
420 126
491 93
2292 472
406 106
286 136
2402 56
756 66
1970 286
1646 406
887 203
437 528
1246 406
656 256
326 66
1659 398
2216 336
289 1172
870 420
445 66
732 137
898 278
706 86
341 93
1752 336
491 93
376 206
970 567
458 406
530 406
306 106
316 392
