1200
1220 2440
558 97
406 96
950 126
835 556
990 66
868 556
271 93
1326 66
174 553
1470 106
281 66
2216 256
456 336
934 198
883 66
1068 286
1091 401
458 406
456 436
356 93
406 156
140 537
297 56
1556 386
558 97
306 336
306 106
718 126
2396 56
309 137
453 398
2326 126
2382 576
391 76
453 398
848 453
640 87
406 116
1788 48
241 577
908 61
2026 66
1441 66
370 256
371 508
568 66
1251 61
456 336
2326 126
966 106
448 468
336 286
1006 86
1055 66
470 287
343 156
1646 406
2190 86
2016 151
1066 336
890 537
506 406
356 176
538 66
271 93
944 86
818 558
256 136
523 187
441 358
806 93
811 56
406 106
1659 398
324 218
384 456
2402 56
1063 449
486 486
1210 406
818 558
455 86
2216 106
449 528
870 308
291 66
406 116
771 137
268 86
779 545
706 56
2126 546
818 586
842 137
1906 286
611 257
327 96
888 576
86 288
913 417
341 93
1646 406
308 106
835 95
406 126
839 76
366 66
422 419
851 137
823 76
391 97
324 56
290 187
161 450
397 225
781 66
703 442
397 225
1236 306
356 556
319 258
666 424
371 66
758 72
606 278
1506 420
398 93
1030 86
1076 66
420 106
990 558
565 358
788 66
142 328
429 307
484 576
769 486
422 419
2106 56
746 556
406 156
438 436
491 93
872 61
366 66
781 356
356 66
356 116
356 324
471 66
1970 336
320 258
444 137
746 56
906 468
1056 246
855 66
480 793
501 46
677 68
142 328
2070 93
429 307
491 93
740 770
283 611
486 56
703 446
163 417
1210 324
611 257
325 136
406 106
227 832
330 436
1131 286
486 66
663 66
556 546
456 106
383 277
259 377
1188 66
420 308
944 61
1006 86
750 93
386 121
1008 46
480 452
491 93
839 251
2292 472
1210 93
666 146
856 356
1406 93
806 56
420 278
448 468
343 156
501 66
2266 66
256 136
769 555
430 421
2136 303
328 256
422 398
146 466
606 336
400 76
456 146
420 278
181 280
221 389
534 61
625 353
408 556
345 535
270 106
182 403
1556 66
406 156
667 556
778 486
1374 66
646 86
895 86
356 116
375 527
781 356
366 66
828 66
990 558
1586 63
761 486
390 137
959 66
819 332
770 241
1752 336
1550 436
338 66
163 353
391 97
720 308
1091 66
437 528
406 126
1210 546
1895 76
470 76
789 66
2216 336
620 176
1293 56
1106 61
549 97
656 126
1651 66
1593 106
448 468
1172 517
880 66
452 86
1966 576
1172 517
870 576
341 93
186 285
797 66
283 611
611 257
839 251
159 567
182 338
516 391
1565 561
406 136
948 246
288 66
420 126
467 163
540 93
158 285
1788 356
1290 576
520 517
1970 286
829 93
809 86
491 93
291 66
259 377
720 126
224 429
256 179
559 206
482 86
1355 386
480 56
1556 586
2382 556
838 176
406 156
302 126
891 66
870 93
695 93
316 392
320 296
1659 398
656 256
1070 61
1258 106
1063 449
2402 576
497 66
453 398
769 86
1289 402
1506 106
499 56
306 93
600 157
829 93
678 66
406 106
796 106
436 458
320 88
386 121
2266 66
930 56
870 126
438 436
887 203
283 87
870 106
198 323
890 66
570 106
271 93
838 176
849 66
406 56
788 88
487 86
471 66
558 97
341 93
406 156
553 433
720 336
446 151
271 93
1733 86
981 76
306 93
1172 517
629 356
374 126
471 66
465 156
720 308
316 392
1206 48
456 146
417 116
1550 556
540 205
695 528
2106 106
667 536
758 72
1289 402
2056 93
891 66
855 126
529 469
456 106
651 528
1770 1010
667 528
325 518
474 61
1398 620
789 137
172 469
383 277
818 586
744 347
356 324
1555 372
1908 86
256 116
2402 576
521 66
181 436
252 93
343 156
421 66
870 106
845 126
811 486
769 486
869 86
1770 1010
406 156
415 309
386 121
86 268
2103 556
309 137
2236 86
324 528
913 417
348 403
2116 86
330 436
1382 66
474 61
1064 46
870 126
553 489
1210 324
421 66
663 156
2093 206
888 336
248 66
824 106
183 743
1066 336
316 392
1498 356
470 530
420 566
378 66
339 126
486 486
146 466
703 442
1556 106
517 93
248 66
1606 426
863 56
163 417
981 66
2048 336
226 196
776 66
888 66
456 156
338 56
593 417
1006 93
420 330
839 251
777 203
508 86
1970 156
406 116
406 156
415 66
556 546
1293 86
553 433
1665 86
668 166
784 56
1755 360
306 106
686 203
497 66
458 66
816 216
835 556
838 176
2326 556
491 93
756 56
406 156
888 336
256 136
770 356
706 206
168 353
268 56
1636 366
2026 66
406 86
256 136
2068 468
803 421
467 106
666 86
453 398
783 528
806 856
1063 449
881 467
453 398
326 66
356 116
409 251
870 126
2402 48
666 424
906 456
413 156
1595 421
990 66
471 66
406 186
339 66
842 137
421 66
356 93
1340 256
844 123
2036 586
670 575
396 91
364 68
818 586
526 66
678 66
1534 48
1646 406
477 126
778 486
508 126
422 398
1556 586
438 406
586 106
2156 60
445 66
422 398
1570 93
161 450
422 398
181 280
565 358
1210 545
1055 66
783 179
1260 325
768 126
696 56
1512 66
1970 336
2070 93
565 358
221 389
438 436
784 179
798 449
252 93
1506 420
420 308
808 136
1870 76
1040 616
1131 188
540 93
2406 581
2174 66
1210 324
231 76
456 106
231 76
910 66
1066 336
406 66
1975 64
682 66
445 126
458 66
1843 575
356 116
1666 86
286 86
320 258
439 66
406 116
399 56
666 424
747 318
906 56
750 93
251 66
1326 66
406 136
891 66
416 76
1546 86
2196 66
1290 93
1402 86
326 66
449 93
695 93
528 66
692 587
781 556
306 146
2321 152
1418 96
203 397
1210 324
341 530
404 486
1616 66
256 146
819 66
680 581
1970 286
391 66
406 56
438 406
882 93
506 66
139 413
667 528
888 336
1108 57
429 468
889 406
506 396
768 556
408 106
1534 66
888 307
2104 705
269 66
449 93
321 66
376 206
531 66
716 106
291 278
508 86
186 285
1210 426
516 137
251 93
486 106
1908 86
320 86
181 280
720 335
919 93
779 66
1416 176
1970 286
990 558
1030 336
516 66
406 545
406 116
802 93
532 406
1770 1010
803 383
1406 93
258 106
1659 398
420 286
2070 93
783 308
706 576
1953 86
1441 66
1470 136
324 56
1829 138
695 56
356 286
612 68
2241 106
486 56
336 286
808 136
486 486
406 106
306 106
309 137
470 286
1289 393
419 528
281 66
255 383
446 386
388 72
565 358
1188 86
378 87
2259 555
868 93
429 307
438 436
868 93
1063 449
2226 556
439 56
224 429
321 66
625 384
341 93
2382 556
888 126
1410 246
710 93
511 66
2382 556
318 66
780 197
406 126
820 337
429 468
491 93
369 204
829 93
2216 256
784 179
300 267
2406 93
306 106
1506 420
417 116
760 56
1206 106
1403 66
1962 61
346 535
769 486
1056 66
309 137
1289 402
904 406
556 546
1606 426
423 310
446 126
528 66
906 286
420 336
781 606
913 417
783 68
406 116
148 535
1290 576
480 56
496 86
255 383
356 176
408 136
870 106
944 61
491 93
180 453
286 156
341 93
1071 285
906 468
318 106
399 56
718 399
740 770
812 407
540 205
359 217
2104 705
470 286
406 56
436 486
480 793
870 336
2382 556
1191 216
406 96
390 137
509 76
406 136
663 187
1416 176
1970 286
2104 705
399 56
406 126
251 93
1895 76
875 365
816 123
785 76
386 121
328 238
491 93
538 66
439 366
491 93
611 257
816 183
1002 93
470 258
781 66
2048 336
345 535
818 586
341 530
256 136
516 66
667 528
391 97
2005 66
768 556
346 256
359 87
600 93
506 406
824 527
1550 556
486 486
2226 106
388 72
2003 414
370 255
247 93
1370 93
1306 66
870 308
797 66
913 417
371 66
970 89
892 123
1289 393
916 66
1007 86
785 76
767 137
1289 393
869 86
1826 449
56 506
417 116
341 93
1895 76
391 1046
703 446
406 126
868 93
1260 325
540 93
1659 398
813 360
769 66
474 538
470 286
1376 256
2316 56
858 86
1398 620
2326 126
1963 66
269 66
570 66
2316 56
893 328
123 478
378 87
1703 66
785 76
919 528
809 106
1770 66
1906 286
2104 705
290 187
324 528
613 86
836 66
206 56
1716 216
377 56
2326 768
1303 106
306 126
2006 93
256 136
919 126
746 556
421 66
405 162
291 93
406 156
445 548
1210 545
888 336
1398 600
406 116
856 126
1063 453
1570 406
778 486
848 453
241 66
849 126
2016 151
774 86
898 106
312 68
391 97
290 206
1966 576
456 156
486 486
860 56
893 66
1063 449
779 545
719 172
420 308
420 306
565 358
797 126
158 305
1290 576
348 403
445 66
366 458
629 148
768 93
326 66
396 106
408 556
565 386
547 56
845 393
750 740
2079 66
952 746
439 366
663 156
1063 453
497 66
745 346
797 188
1755 430
829 528
406 106
606 86
769 126
1385 86
511 93
1973 489
343 156
2402 576
892 123
656 93
726 66
290 187
1140 76
348 403
905 198
1752 126
421 66
406 106
404 486
291 278
406 106
758 146
1670 106
106 106
558 97
2226 556
320 296
86 489
1721 56
1498 820
1826 449
406 136
1355 66
421 66
785 76
167 308
269 66
620 176
2326 93
726 96
630 93
283 612
1826 449
1546 414
429 468
565 358
530 158
178 620
2048 336
565 66
486 486
371 66
870 86
66 802
783 528
516 66
2005 106
756 56
743 86
1048 106
771 137
534 61
798 449
910 126
406 545
447 106
497 66
1636 366
1770 66
1246 406
811 66
402 173
813 360
710 196
726 134
2382 556
526 66
288 66
1010 307
393 889
470 66
1188 66
2066 506
855 126
2064 86
2266 56
409 86
86 489
778 66
406 126
811 486
2326 66
424 136
158 285
1582 86
858 106
491 93
872 86
872 61
486 486
1555 372
1966 206
354 121
1236 306
978 76
516 306
818 558
2086 66
1066 336
501 46
1030 56
1210 546
1404 468
870 93
256 288
2346 66
256 116
769 126
2348 66
680 76
163 417
1246 406
449 106
348 403
960 566
399 56
471 66
803 383
806 286
2012 86
467 106
1565 561
756 336
960 126
406 206
1210 546
1406 93
568 216
348 403
948 126
378 87
406 116
501 66
1000 93
829 93
745 318
789 126
496 92
343 156
161 449
491 93
824 527
1203 66
206 66
343 156
666 424
429 468
839 86
530 406
931 93
304 126
391 66
267 106
403 163
528 56
651 528
888 307
516 584
818 66
86 268
256 136
1340 310
449 556
333 378
383 277
501 66
421 66
538 56
457 106
809 86
612 257
356 558
990 66
811 56
319 556
456 106
744 347
141 508
728 556
2067 56
289 1172
455 226
682 581
429 468
486 486
491 93
888 336
1418 66
467 106
491 93
651 528
445 66
818 558
769 555
511 66
406 156
388 76
770 556
267 106
406 126
2316 56
343 156
659 56
316 392
769 265
406 156
420 336
811 486
586 106
316 66
108 427
2048 336
806 93
928 123
1030 56
870 308
2106 56
309 137
327 318
440 548
600 157
202 894
1290 576
1946 66
398 93
252 246
339 146
406 93
1355 66
409 286
844 123
471 66
321 66
341 530
783 68
