1200
1220 2440
486 56
420 126
906 456
745 346
492 558
123 936
182 403
1110 236
455 226
908 61
1470 106
338 66
809 106
1570 93
377 56
506 406
663 506
756 336
420 106
1385 76
406 106
811 66
1140 76
718 399
445 126
1966 576
710 196
2226 556
306 146
1131 188
670 575
1210 546
769 126
186 285
336 197
798 449
838 176
682 76
1550 436
343 156
2402 576
480 452
419 528
975 86
818 586
438 436
806 856
811 66
206 66
1818 86
651 528
620 157
456 106
2292 427
391 97
1755 430
391 97
291 278
324 528
521 66
784 179
835 95
489 86
682 581
1506 420
2055 66
1002 93
906 356
398 93
2286 48
320 296
875 365
446 126
370 66
491 93
304 126
870 336
441 360
1416 176
960 566
898 66
830 76
720 335
136 185
703 288
621 378
952 106
271 93
392 87
338 66
448 468
390 86
1210 93
471 93
2048 336
835 56
231 76
356 116
1091 66
695 528
650 894
830 433
444 137
553 489
703 442
1406 66
1659 398
388 72
556 60
491 93
2216 336
874 123
406 106
540 206
1659 398
2402 56
663 187
729 86
491 93
256 116
86 268
406 126
420 336
509 76
1260 956
663 187
529 469
409 76
780 197
573 326
170 226
346 535
386 121
829 93
1550 436
746 556
509 76
391 66
251 66
406 56
839 76
438 436
530 158
1340 310
2036 566
521 93
231 76
1206 48
406 106
450 56
718 399
393 126
370 356
870 93
820 356
511 66
995 307
482 86
470 287
356 286
1770 1010
1289 393
931 271
1570 93
241 66
356 93
726 66
848 453
406 156
421 66
1970 336
182 403
695 93
470 66
506 406
870 336
629 148
2368 468
1406 93
291 66
492 558
891 576
489 98
429 307
1416 176
406 86
86 268
2326 93
808 136
540 205
2003 414
774 179
670 575
549 97
516 306
306 93
406 106
1000 126
695 93
406 126
2216 336
404 486
456 336
397 225
455 86
406 156
123 918
839 76
2402 93
506 76
720 336
758 146
746 556
290 206
870 126
359 87
2048 336
356 196
1752 126
1260 156
420 278
354 121
784 179
706 206
178 620
931 306
812 407
565 93
708 106
406 86
396 106
2011 66
695 93
356 324
1900 98
580 56
2070 93
663 478
776 241
1570 93
2006 406
1550 93
781 66
2056 93
981 76
746 556
455 528
406 126
2106 106
1770 66
2348 66
491 93
414 173
824 66
919 528
491 66
248 66
268 86
288 246
371 66
1076 256
937 287
370 329
391 1046
1010 307
470 258
553 165
506 106
600 157
769 126
446 151
813 360
913 417
516 414
888 307
656 256
686 203
2266 66
444 137
406 126
422 548
491 93
1966 576
1441 66
620 93
540 93
2368 468
1966 206
396 166
950 106
771 162
706 576
2126 546
1063 453
870 86
891 126
506 106
1546 414
458 66
2190 406
370 255
148 534
384 456
256 136
456 436
383 277
530 396
990 66
1970 336
366 56
835 123
2006 93
406 156
756 556
486 56
516 414
746 556
1843 575
420 306
1404 468
919 556
540 205
888 576
320 258
640 87
745 318
388 66
1438 625
990 56
304 126
1966 56
366 556
721 66
770 128
1382 66
549 97
695 528
639 288
990 558
330 66
398 93
491 66
838 176
586 106
370 66
606 336
169 386
870 66
268 56
1289 406
453 398
406 56
816 183
856 356
2402 576
868 93
424 136
1338 256
990 66
806 236
393 126
1752 93
1350 76
687 184
406 106
870 66
480 402
406 146
1418 66
2316 56
1179 66
252 218
1820 93
1391 406
808 136
803 106
56 218
678 66
1570 93
370 256
256 116
1636 366
580 56
823 76
829 556
829 528
798 449
706 206
181 280
343 156
809 86
406 156
178 115
392 87
540 206
370 66
455 226
271 93
406 156
149 486
428 96
393 889
2382 556
161 450
2070 93
809 86
333 378
325 518
746 556
797 66
2326 126
1406 66
445 576
406 206
356 324
453 363
429 468
406 106
356 286
764 126
511 93
486 438
370 237
1506 342
2226 556
446 151
449 126
422 419
670 238
131 1163
491 93
1289 393
600 93
429 468
506 158
906 286
449 106
406 146
1570 93
306 93
1500 56
420 308
868 556
406 326
261 66
621 378
491 93
406 156
516 66
844 123
232 824
1398 600
2190 86
431 66
516 391
420 66
776 76
818 586
291 66
392 87
429 307
420 93
853 428
356 206
406 106
839 86
429 307
806 286
888 336
553 433
271 93
453 398
158 305
774 179
695 93
528 66
696 176
371 66
818 558
758 106
86 352
506 66
1010 307
486 56
884 66
320 126
826 66
406 156
1385 86
423 310
329 136
2005 66
1788 66
1556 386
333 126
1251 347
406 126
870 93
1410 126
806 286
806 56
547 56
406 146
348 403
746 556
706 225
928 123
343 156
746 556
718 196
2071 46
422 398
1550 436
1970 286
1550 93
491 93
621 378
720 335
341 93
388 72
370 197
448 468
781 93
710 93
921 86
570 66
178 115
1380 66
740 86
413 156
252 218
1326 66
528 66
1970 286
430 407
860 67
898 106
406 156
420 566
186 285
706 576
2326 556
406 126
78 338
470 106
729 86
403 163
1290 576
456 206
870 106
758 146
1290 93
288 246
319 258
429 468
874 123
740 106
1418 96
1020 66
306 336
588 56
2259 555
259 377
458 406
767 137
406 116
291 278
849 126
486 486
439 366
467 106
606 586
388 72
1266 66
1040 616
406 106
549 97
408 556
990 586
1946 66
491 93
2006 93
2266 66
811 56
252 218
420 417
2326 93
808 136
203 397
424 136
2012 151
1688 106
1006 86
1556 586
1251 347
656 256
1002 556
2368 468
378 66
406 56
853 385
523 133
870 126
429 468
565 386
1595 421
629 356
813 360
540 93
320 258
402 126
482 86
719 172
291 93
891 66
1966 206
1028 421
343 156
1030 76
1251 347
2006 406
836 66
1462 306
481 93
393 889
826 66
910 126
540 205
1418 66
621 378
888 86
937 306
497 66
833 309
1388 66
902 358
906 76
816 538
1000 93
818 126
406 126
198 323
291 66
341 355
768 556
325 518
2190 406
499 56
429 307
718 126
2326 556
960 566
291 66
340 93
913 88
888 336
406 186
1088 326
880 66
508 206
252 218
888 336
421 66
66 802
855 66
2382 556
172 363
680 554
406 156
1391 106
1910 66
396 166
486 56
406 106
456 106
406 156
1770 93
2226 556
706 576
1390 466
429 307
392 87
391 97
348 403
174 545
158 468
348 403
482 86
767 68
1598 246
455 226
740 770
516 584
990 66
406 206
2064 86
810 66
241 66
868 126
483 558
656 196
453 398
456 436
771 137
320 286
620 93
139 413
1944 91
539 503
526 66
2241 106
788 106
291 66
446 151
474 538
469 106
888 336
420 126
306 336
781 486
860 74
1906 286
943 76
703 288
706 576
803 383
781 93
429 307
497 66
990 558
2070 556
439 56
420 336
406 156
429 307
818 558
449 556
486 486
629 356
876 86
445 548
888 336
959 106
336 286
588 256
290 187
445 66
497 66
1582 86
710 196
868 126
348 403
758 138
390 86
1970 286
1550 420
366 56
238 76
420 336
1260 995
447 106
356 558
770 86
356 286
768 556
875 465
753 354
666 86
2176 106
1066 336
406 156
86 489
491 93
611 257
1056 246
420 66
422 398
530 158
506 406
2402 576
770 66
2005 66
881 781
703 442
1688 106
491 93
391 97
310 236
944 61
835 93
1376 256
2406 88
1546 414
283 611
227 832
892 123
2070 93
1063 449
1508 56
1030 56
666 420
768 556
562 66
2116 56
203 397
309 87
158 285
1946 66
870 308
839 86
502 66
695 556
1188 66
316 66
309 137
781 508
870 106
406 146
756 556
404 66
1550 436
482 86
1546 414
467 163
420 336
1595 421
288 66
540 206
870 106
888 307
421 66
718 66
370 356
142 328
377 56
1055 381
620 570
1306 66
838 176
1752 336
838 176
370 256
650 894
413 156
1733 106
1276 166
888 336
516 306
556 466
1260 307
341 93
769 66
785 76
1260 48
320 76
447 106
1215 106
532 158
1646 406
468 206
870 126
768 126
1290 576
511 66
406 56
509 76
320 296
421 66
421 66
406 106
412 528
606 586
1430 64
1701 86
1636 61
370 255
771 137
1770 336
682 76
376 206
2104 705
86 288
506 48
910 126
491 66
420 86
2382 556
321 66
856 356
2316 56
703 288
256 126
343 156
650 894
695 556
1570 406
1355 66
302 126
221 389
960 126
344 76
620 157
255 383
251 66
797 66
1546 414
651 528
471 93
1210 545
327 96
990 66
283 612
142 328
1030 56
768 555
1770 336
256 970
1970 286
220 66
820 356
819 356
667 536
420 86
397 225
356 106
695 93
2161 66
342 166
891 548
746 556
406 166
540 205
497 66
1002 556
1076 66
2216 336
406 206
921 86
769 66
695 556
736 107
302 126
1450 76
181 436
1251 347
746 556
781 536
830 433
341 93
453 398
1135 76
806 106
796 95
1210 426
441 66
491 93
743 337
528 56
406 136
639 56
913 417
2259 555
786 566
2316 56
2382 556
868 126
408 136
758 72
470 258
1221 56
884 66
420 93
448 468
161 449
384 456
2093 556
458 66
438 436
1826 449
721 356
2326 556
241 66
620 570
224 429
1870 86
279 68
366 486
904 528
470 377
271 93
86 489
594 66
888 336
802 366
359 87
406 146
170 196
990 126
532 406
396 106
468 206
339 68
959 66
750 768
2402 56
818 558
891 256
172 389
456 336
682 581
356 286
447 56
338 66
379 225
676 106
620 176
570 237
1406 93
1755 430
455 226
256 146
446 126
286 156
746 556
1646 406
2402 576
778 66
406 106
888 126
788 66
1063 76
406 106
424 136
399 56
393 889
881 467
743 86
880 66
1260 66
298 66
446 151
870 106
756 336
1041 56
835 556
2210 206
2206 56
470 66
770 253
290 187
530 158
367 86
326 66
1025 453
438 406
268 406
316 392
1733 66
1063 449
256 116
470 106
366 66
420 306
818 586
375 66
2406 93
231 76
904 406
756 336
806 286
497 66
2291 56
528 56
565 358
388 72
449 93
835 528
286 156
870 126
297 56
970 567
745 318
1055 66
106 106
797 188
629 148
397 87
612 68
2404 906
523 187
1293 56
600 157
310 236
1064 46
797 216
231 76
438 66
2012 151
421 66
667 536
441 66
441 66
491 93
388 72
818 558
286 156
348 403
1390 466
1380 66
1534 48
1179 76
1659 398
417 116
768 126
1070 61
1241 131
920 76
491 66
356 206
286 156
417 116
884 338
1752 93
888 307
457 106
406 146
497 66
686 203
758 72
491 93
750 148
1788 66
2406 66
291 66
803 421
1066 336
378 87
1406 93
667 528
445 66
338 66
423 310
388 76
663 66
798 453
350 179
441 360
666 424
356 206
172 363
625 384
268 76
726 96
1126 56
870 308
270 98
811 66
444 137
66 578
921 86
1350 76
771 137
516 66
746 586
2048 336
290 187
2406 106
1210 546
252 218
354 121
1426 64
1306 66
283 611
449 126
781 93
406 96
2216 336
744 347
491 93
409 251
256 136
406 156
471 66
538 66
670 238
476 126
797 188
1733 66
2151 46
161 449
468 206
506 66
839 76
1179 76
480 402
356 116
286 136
620 93
491 93
486 486
