1200
1220 2440
420 336
1246 406
706 576
872 66
437 86
501 66
106 717
516 391
320 258
2064 86
629 148
528 66
420 278
506 106
290 187
2190 406
2382 556
667 536
568 206
366 486
288 66
516 391
1172 517
333 378
350 179
406 126
806 93
1508 56
538 66
256 116
1870 76
670 575
870 576
913 417
913 417
2103 556
730 217
666 171
620 93
806 56
829 556
835 556
482 86
808 136
1606 66
774 86
1441 66
620 157
957 456
606 586
436 66
339 146
1430 88
336 286
202 894
491 66
491 93
320 296
2382 576
948 126
959 106
283 87
2216 256
816 216
80 338
1570 158
429 307
1970 156
356 558
422 419
276 106
870 106
356 206
802 366
1976 86
1906 286
328 256
486 56
474 457
336 197
406 136
938 106
482 86
745 346
868 556
256 116
131 1163
651 528
420 336
960 566
880 66
2036 566
406 156
1000 528
1570 93
750 768
818 66
306 126
1550 86
888 336
80 338
884 370
506 396
2426 76
316 392
855 126
771 137
783 548
288 246
960 566
1025 453
1586 56
356 206
486 486
808 136
829 93
745 318
320 286
818 558
341 530
872 86
869 556
291 66
530 396
1091 401
2382 556
421 66
439 366
838 176
422 126
376 60
1606 506
136 185
770 241
663 66
836 66
429 307
256 146
306 106
220 86
506 66
2104 705
745 318
338 66
1970 286
1402 86
453 398
703 288
319 556
720 308
441 358
364 68
2382 556
851 137
420 106
741 56
1555 372
448 468
1953 86
304 126
406 116
812 421
256 136
420 308
465 156
1659 398
565 386
1666 61
706 576
760 74
1338 256
776 241
893 356
870 93
1966 206
891 576
378 66
1826 449
320 258
320 286
1290 576
565 93
1135 76
356 324
2048 336
252 487
819 126
1651 66
480 452
905 198
415 66
1733 86
570 237
732 137
430 407
320 258
186 285
797 328
506 66
442 527
386 121
391 97
1419 66
232 824
682 76
870 336
558 97
309 87
612 257
356 176
1770 66
344 126
1380 76
496 86
2368 468
270 106
366 66
746 556
2060 93
291 66
811 66
695 93
920 76
761 93
356 116
835 95
858 66
458 66
406 56
1733 106
356 116
429 307
856 356
420 93
1526 88
356 93
677 68
343 156
406 116
771 137
808 136
398 93
341 93
491 93
256 146
606 336
453 363
406 156
391 97
695 528
506 158
252 246
1010 307
406 156
516 391
386 121
406 136
471 66
870 106
745 318
870 93
1808 346
1872 106
593 417
406 106
553 433
397 225
422 419
1570 406
811 66
726 96
808 136
406 156
482 86
913 417
332 68
747 328
180 453
2070 93
1002 93
338 56
449 556
770 126
892 123
756 66
839 86
606 336
430 407
155 463
835 528
540 205
182 403
516 414
420 417
406 106
835 93
300 267
1356 116
516 306
476 126
855 66
721 66
838 176
1872 106
406 106
356 93
870 576
844 123
1056 246
858 76
2206 56
391 97
1556 93
348 403
366 486
406 106
224 429
306 126
405 162
470 66
539 503
849 66
825 86
539 503
251 66
422 548
818 66
1556 386
1210 324
491 93
106 106
681 106
271 93
172 363
406 66
185 503
1390 466
497 66
356 556
882 86
1755 360
824 106
421 66
1508 56
770 556
123 936
1172 517
378 225
761 93
2406 106
695 556
430 407
471 66
186 285
2226 556
2382 576
406 93
1598 246
445 576
420 93
511 66
406 116
703 288
768 555
2226 556
374 126
420 336
1390 466
1526 606
446 151
781 556
2382 556
570 66
255 383
420 306
367 106
596 187
1416 176
256 970
370 237
781 1170
568 66
2070 556
163 417
241 66
406 206
1788 356
1028 421
756 556
324 528
811 486
2382 556
186 285
319 258
456 66
746 556
919 126
406 116
1179 206
481 93
251 66
476 126
417 116
511 66
441 66
1088 326
1150 236
2210 206
588 56
568 66
682 581
650 894
891 548
448 468
761 486
1289 406
309 237
1737 56
170 567
1290 576
447 56
406 106
777 203
1826 66
1030 336
870 93
1326 66
185 503
343 156
695 93
534 61
406 206
2368 468
516 391
417 116
371 66
1820 93
703 446
811 56
224 429
778 66
606 336
745 346
666 86
1306 56
781 66
1512 66
367 88
206 66
383 277
565 66
406 106
746 556
695 556
1398 600
2316 56
818 586
818 66
2190 86
639 288
819 93
870 308
1314 93
341 530
669 86
470 66
938 66
406 106
388 86
888 307
1221 56
406 156
594 66
540 205
252 246
668 166
438 406
784 179
1701 246
721 356
975 86
158 305
816 183
406 86
2316 56
501 66
199 356
406 126
1966 206
2210 93
356 236
565 386
1108 57
424 136
163 417
919 556
835 528
338 56
2070 93
768 556
777 203
251 93
319 258
2439 93
2005 66
562 66
1666 46
348 403
1843 575
436 286
258 106
163 417
600 93
370 256
1406 66
802 366
252 218
1752 93
406 106
319 258
747 328
1063 449
406 156
520 438
458 66
309 137
378 87
842 137
406 146
1733 66
1616 66
1601 381
396 91
875 66
942 86
450 66
1385 76
348 403
680 581
509 76
667 536
241 66
446 151
868 126
396 106
356 106
182 403
1615 76
1260 307
309 137
880 66
445 548
890 537
1966 206
456 436
761 486
430 421
516 391
496 61
486 486
1565 561
397 87
1041 56
1338 256
908 86
491 93
406 126
470 106
423 310
1506 106
383 277
1306 66
1063 449
620 176
556 546
344 126
1056 61
1752 93
769 486
620 106
888 76
606 586
835 76
486 486
787 86
406 106
1416 176
188 86
808 136
339 66
959 106
321 66
2104 705
870 336
406 156
342 166
716 90
406 156
2366 66
565 358
1962 106
1290 576
419 528
343 156
441 66
796 56
845 66
2402 576
1210 93
456 106
474 538
356 206
437 86
2070 126
420 93
868 556
1188 86
870 336
797 66
2012 151
220 66
891 86
808 187
1063 76
570 237
354 121
406 156
568 56
2012 86
161 449
1418 96
224 429
1210 126
506 66
421 56
1709 56
970 567
406 106
470 126
316 392
368 66
2006 93
2190 406
170 567
666 424
990 558
238 76
406 183
930 56
676 106
2116 86
651 528
409 76
456 156
565 93
950 86
870 93
417 116
491 93
805 56
549 97
1406 66
2026 66
803 170
990 558
406 156
1066 336
962 126
835 556
338 66
2068 468
828 66
376 206
445 173
1550 436
486 66
1002 556
320 258
2396 56
390 86
367 106
1716 93
975 86
486 486
745 318
556 66
182 403
1550 436
990 66
356 286
406 136
406 206
870 106
491 93
1731 66
1556 586
469 106
785 76
325 518
789 137
516 391
486 486
851 137
744 347
241 575
1636 366
370 197
2406 581
811 486
747 328
404 56
745 346
1970 286
777 203
785 66
1040 616
178 620
1289 406
1973 489
803 383
853 385
791 126
874 123
771 137
406 136
826 66
1063 449
928 123
386 121
1210 546
86 489
379 225
422 419
2236 86
760 56
1055 66
2402 576
471 66
888 126
856 126
702 353
565 93
1806 66
516 414
990 586
417 116
547 56
2068 468
2070 93
811 66
937 287
881 467
710 196
1406 66
2326 556
446 126
524 173
767 137
768 555
2121 88
540 205
570 256
406 56
2012 151
2326 768
889 406
540 205
163 417
1550 436
798 453
2216 256
606 66
756 556
181 280
481 93
769 265
906 93
875 465
2226 348
1326 66
325 518
1659 398
486 66
2146 93
1063 76
746 586
252 246
768 555
785 76
449 556
819 66
497 66
142 328
471 66
890 106
420 566
875 66
842 137
501 66
1041 56
888 336
858 86
768 93
657 146
1752 336
1066 336
198 323
2368 468
528 86
371 126
501 66
1260 325
406 146
746 556
396 106
406 116
370 86
870 106
491 93
409 286
181 436
747 328
516 391
1566 66
870 106
402 889
458 66
420 336
538 66
769 66
320 126
906 93
406 106
1556 586
370 66
330 436
556 546
261 66
251 93
779 545
455 226
682 581
291 66
692 587
304 126
781 486
491 93
2064 86
860 358
456 106
170 567
470 377
491 93
870 106
700 336
1206 93
2006 93
511 93
383 277
446 126
458 66
768 126
2016 151
549 97
758 106
456 206
344 76
421 66
817 93
1406 93
422 419
497 66
1966 206
2124 86
1970 286
356 116
428 96
868 555
482 86
876 86
406 156
1246 406
726 134
741 61
1739 66
816 406
201 86
1944 91
1110 236
741 56
1506 342
1716 216
826 66
706 86
420 267
809 106
1670 106
406 166
783 179
771 137
620 93
1770 1010
1788 66
670 575
309 137
492 558
1236 306
298 66
430 421
651 528
356 93
406 206
1550 420
329 136
1570 93
530 158
808 136
1241 131
430 421
316 392
2326 556
567 93
1215 61
1355 66
456 336
429 468
743 337
354 121
66 846
906 66
2388 86
417 393
835 123
337 106
388 106
319 294
736 107
291 66
2382 556
1616 66
891 548
491 93
796 124
310 236
868 93
420 278
2206 56
806 93
455 528
611 257
844 123
639 48
1586 63
417 116
383 277
767 137
390 86
420 336
797 188
1920 91
2044 106
306 106
1970 336
1066 336
388 72
199 356
888 576
570 237
781 93
788 66
406 156
316 392
492 558
1066 336
1210 545
816 406
919 528
420 106
600 176
966 106
252 246
706 66
833 307
928 123
341 93
456 106
1688 106
948 66
281 66
2036 586
1048 106
656 93
1755 430
700 126
2026 66
783 528
328 256
950 51
406 106
770 216
1739 66
818 558
1506 241
1110 236
764 176
219 86
783 308
888 336
508 126
839 251
456 436
369 356
1550 93
467 163
252 246
206 870
758 146
753 354
306 126
710 241
2067 56
256 136
870 106
870 126
456 336
320 258
441 358
1550 556
845 126
415 309
910 467
2266 66
487 186
422 398
66 536
320 258
870 106
646 66
306 179
1550 556
1646 406
471 66
1973 489
520 517
406 156
808 136
491 66
708 106
348 403
549 97
1007 106
1063 449
680 581
680 581
348 403
1526 606
616 66
486 56
766 93
1419 66
904 406
868 556
465 156
931 271
1210 545
1260 346
328 238
2292 472
611 257
781 48
2046 56
516 66
870 548
181 436
655 66
306 166
366 66
123 936
406 126
406 156
1063 449
496 61
859 86
620 570
639 56
756 336
745 318
458 86
359 87
870 93
1066 336
842 137
356 556
441 66
356 116
406 56
959 106
830 86
1648 93
346 126
453 398
783 68
906 468
906 456
437 86
420 66
156 788
538 66
369 323
511 66
808 136
306 93
810 66
990 586
306 166
808 136
420 308
258 106
491 93
1752 93
678 66
420 278
809 156
706 66
905 198
2121 56
558 97
835 528
1289 393
856 356
927 256
1246 406
745 318
884 370
1276 166
534 61
511 66
756 66
471 66
810 428
783 528
798 453
420 336
1306 66
406 56
835 93
320 217
1056 246
1966 576
1406 93
470 76
567 93
869 86
565 358
1289 393
808 136
322 97
298 66
1002 93
370 86
849 66
436 66
456 106
870 576
220 66
620 176
732 137
1030 336
1659 398
306 126
532 86
446 151
835 528
406 156
396 166
420 93
406 66
663 156
990 586
458 406
746 586
348 403
406 166
511 66
406 156
289 1172
891 126
1188 66
178 620
370 66
1306 56
812 421
227 832
241 66
830 86
1946 66
1385 86
1520 76
396 106
506 61
