2000
1220 2440
1406 66
808 136
486 56
438 406
1406 93
456 66
342 166
406 86
898 278
406 116
388 72
406 126
2426 66
374 126
930 86
758 106
491 93
620 176
399 56
813 360
1870 86
2206 56
406 126
710 93
141 48
990 558
446 151
496 61
458 66
306 106
516 391
639 48
339 146
496 138
330 166
677 68
241 66
740 86
957 66
491 93
783 548
868 93
1802 76
501 66
333 378
1002 93
778 66
875 465
406 126
456 121
538 66
163 586
835 123
356 66
812 86
2288 66
309 137
2106 106
406 136
826 66
835 93
86 316
547 56
161 450
853 428
480 56
538 56
163 417
256 136
570 256
449 93
370 256
769 86
256 146
256 136
2216 336
420 66
811 66
170 567
540 206
506 66
1170 66
960 126
449 93
829 556
456 336
325 136
870 106
2012 151
201 86
600 157
887 203
406 156
745 66
330 166
521 93
726 66
788 66
406 156
1636 366
600 157
220 86
2070 126
570 237
298 66
745 93
491 93
1188 86
888 548
1030 86
406 156
845 126
123 66
756 66
356 176
888 307
978 76
271 93
1355 66
540 205
2190 86
449 93
1380 66
887 203
368 66
2406 66
386 121
1131 306
839 86
562 66
486 486
2106 86
406 106
458 66
406 156
446 151
887 203
471 66
497 66
2411 58
720 308
506 48
1486 56
2070 93
406 106
406 136
421 66
1076 66
446 151
393 126
567 93
511 66
756 556
666 424
266 106
256 116
530 406
2103 556
406 136
2436 56
56 506
501 66
663 66
2070 126
528 66
863 56
2104 705
516 306
743 86
406 206
1167 76
1556 66
1582 86
540 93
2402 48
86 288
309 137
1526 88
316 66
2286 48
625 377
406 136
415 66
1570 93
356 324
744 347
1356 116
252 93
406 96
456 121
413 156
387 131
256 136
600 93
306 106
406 156
891 576
1872 106
784 56
1520 76
367 206
568 66
842 137
2196 66
290 187
920 76
523 187
2067 56
482 86
1382 66
289 1172
1606 66
1370 406
1063 453
2044 106
343 156
146 466
531 66
465 156
406 146
1441 66
876 86
482 86
421 66
111 395
600 93
1648 93
717 66
1140 76
1659 398
406 156
666 86
1666 86
291 93
288 66
887 203
797 328
178 620
328 256
420 93
1418 66
769 126
467 106
855 126
1528 86
406 156
785 76
1426 71
182 397
163 417
1721 56
570 891
344 126
182 487
2206 56
769 555
891 86
771 137
745 126
1025 453
321 66
526 66
1006 86
1713 116
888 76
406 56
393 126
440 548
666 86
1731 56
422 548
406 106
306 106
159 567
776 56
172 389
819 66
818 66
769 56
391 66
758 146
453 398
1721 56
975 86
784 179
620 176
376 97
341 93
791 126
587 56
870 308
567 93
170 226
2206 56
870 56
860 56
876 106
202 894
366 106
356 131
449 106
324 528
185 503
406 206
420 278
491 66
696 56
291 278
1215 61
1570 93
270 98
1135 76
445 173
406 156
696 88
1056 66
620 157
1870 76
706 206
320 56
733 600
740 86
1506 420
760 156
165 553
298 66
252 218
825 86
256 146
540 205
695 56
446 151
341 93
206 66
986 66
185 503
770 296
341 93
408 106
1000 126
1788 66
371 66
750 138
202 894
356 93
261 66
319 258
421 66
326 66
2162 106
1733 86
839 76
406 91
1033 93
695 93
413 106
781 66
872 86
248 66
406 136
376 97
2176 106
770 241
1063 453
2068 468
910 126
776 66
650 894
254 76
409 86
406 156
429 307
406 116
930 61
347 506
1836 61
528 86
306 126
486 56
888 66
501 46
347 86
870 93
876 106
406 156
470 287
290 206
856 126
417 116
446 151
1871 66
456 156
402 173
170 567
298 66
309 137
511 93
892 123
2291 56
298 66
857 86
892 123
356 116
2064 86
870 106
803 421
2026 66
1450 76
1786 56
910 66
516 414
930 106
393 126
756 66
1210 406
956 106
86 239
327 96
290 206
422 398
806 93
456 121
1188 66
528 86
420 106
449 106
663 66
482 86
816 123
818 126
758 138
1290 93
421 66
806 93
378 87
1370 93
1419 56
606 86
2091 56
703 442
920 76
406 156
1418 96
320 296
441 66
860 74
820 93
409 76
1056 246
491 93
471 66
406 106
406 136
568 66
620 93
467 106
558 97
606 66
1981 106
220 66
406 56
356 116
333 378
789 66
666 424
606 239
891 86
860 74
2236 86
686 203
844 123
764 176
448 468
471 66
816 406
565 66
356 116
339 66
888 336
378 66
1241 131
422 548
185 503
347 66
561 141
768 126
406 106
803 170
872 86
470 530
450 66
399 56
927 556
1586 63
530 158
824 527
657 146
1870 86
568 56
1210 93
406 86
428 96
320 126
824 106
870 126
406 156
421 66
838 176
2368 468
231 76
342 166
2016 151
952 746
770 61
294 156
2116 86
1758 76
306 93
1006 93
516 66
2326 556
797 126
858 106
791 126
783 308
256 146
420 66
409 86
771 137
509 76
406 106
271 93
859 126
256 136
389 87
341 93
417 116
183 397
1940 538
220 66
445 548
1975 64
970 567
870 336
325 136
356 116
406 186
891 66
796 124
444 86
771 137
895 86
596 187
406 156
491 93
406 106
421 66
1385 86
848 453
2406 106
248 66
667 528
872 61
470 106
1426 71
880 56
375 527
1391 106
489 86
202 894
256 146
696 66
1290 576
406 96
558 97
290 187
386 121
446 151
616 126
784 56
668 166
700 126
366 66
2286 48
2423 93
414 173
663 187
1606 66
1206 48
291 93
760 74
123 66
256 146
456 121
1406 93
511 66
281 66
406 56
338 146
406 156
491 93
549 97
1106 61
501 66
1430 56
338 56
86 288
181 436
797 66
1701 86
406 156
480 402
420 308
202 894
406 156
2003 414
146 466
2406 93
1733 86
371 508
1556 93
740 106
417 116
1770 66
1802 76
424 136
491 93
620 93
1670 106
396 106
486 486
470 126
2005 66
148 534
163 417
106 106
393 889
1926 56
256 136
338 146
808 136
452 1206
2286 48
386 121
860 156
449 106
531 66
420 93
990 66
533 61
389 87
726 134
876 106
950 51
256 136
446 86
829 528
870 86
491 93
406 106
2402 56
406 136
898 66
570 256
528 66
406 116
620 176
1550 420
252 246
406 96
596 187
809 86
406 91
663 66
421 66
458 66
858 76
354 121
202 894
241 66
881 781
449 106
937 66
950 51
470 106
325 518
888 66
306 179
1419 56
768 555
370 256
390 137
286 136
706 86
1236 306
511 66
491 93
2121 581
409 86
853 385
870 576
185 503
406 156
268 56
330 66
338 66
439 56
880 56
406 126
370 197
338 56
1486 56
444 137
489 98
445 66
547 56
252 218
981 66
329 76
420 336
421 66
232 824
482 86
356 131
366 106
570 86
888 307
2056 93
746 56
766 56
781 48
497 66
1126 56
1236 306
1002 556
808 136
778 486
770 128
1170 66
1688 106
391 97
286 136
908 86
2382 556
330 436
695 93
356 116
309 137
338 146
797 126
860 67
2068 468
470 306
413 156
906 56
446 151
506 48
778 66
975 86
188 86
1615 76
491 93
778 56
325 136
206 66
238 76
600 93
471 66
1802 76
842 137
433 156
663 506
241 66
374 126
251 66
1462 306
370 176
56 218
726 134
2406 93
896 203
835 93
456 66
849 66
421 66
1508 56
783 179
170 567
842 137
341 93
849 126
286 156
338 66
2162 106
123 918
835 123
339 146
2326 126
808 136
784 179
797 66
1393 88
981 56
1030 56
959 106
370 86
256 136
419 528
2012 86
2005 66
680 76
256 136
256 126
406 156
447 56
256 93
406 106
1788 66
306 336
449 126
456 156
149 486
570 237
438 406
466 126
745 93
366 66
185 503
829 93
1665 86
783 179
896 203
486 56
406 156
424 136
2216 66
424 136
2190 86
486 66
149 486
182 365
788 66
470 106
733 620
616 66
826 66
729 86
1070 106
163 417
295 97
326 66
516 66
1820 93
453 398
1000 93
768 93
1788 66
456 121
1303 106
516 306
775 166
1406 93
835 123
370 93
906 66
2070 93
202 894
1326 66
891 66
169 386
1906 106
501 66
467 106
271 66
403 66
168 346
389 87
919 126
812 421
422 398
888 307
882 93
786 56
141 508
515 56
808 136
1966 576
1570 93
606 336
857 86
600 157
638 93
445 126
291 278
415 66
2402 56
1448 66
480 56
1506 66
2277 86
1255 56
288 66
708 106
406 116
1210 546
708 106
391 66
950 51
329 76
796 95
812 421
406 66
206 66
1179 76
131 1163
66 802
1410 126
196 56
359 87
833 309
990 66
491 66
1030 174
467 106
1752 93
456 66
258 106
486 106
1716 93
456 106
556 66
491 93
306 106
1713 116
336 197
870 126
300 267
256 136
269 66
975 86
456 106
803 170
241 66
870 126
420 86
406 136
174 545
309 137
835 93
745 318
902 360
470 76
1172 517
636 196
256 126
1104 576
406 126
506 66
497 66
1570 93
445 66
1528 86
344 76
1063 449
421 66
501 66
386 121
446 151
663 506
224 429
406 116
781 606
808 136
388 106
356 236
456 156
256 106
1993 66
408 136
456 106
811 486
202 894
710 196
1886 66
2011 66
411 528
1829 138
860 353
1020 66
304 126
556 466
1606 66
1701 246
420 66
2316 56
758 146
306 198
338 66
370 66
1385 76
378 87
2131 56
1636 366
402 889
396 91
448 468
298 66
252 93
350 179
528 66
142 328
1703 66
1906 106
975 86
1064 46
2070 126
876 106
893 66
588 256
740 106
568 66
1802 76
839 86
368 86
455 528
769 486
1108 57
491 93
343 156
2006 93
741 91
811 66
291 278
445 66
741 56
404 56
868 555
156 788
990 126
588 56
456 436
950 66
406 106
477 126
248 66
1326 66
491 66
1788 66
720 308
412 528
930 86
456 106
343 156
446 151
1406 66
938 386
309 87
874 123
719 172
256 136
667 536
869 86
540 206
750 768
1126 56
893 66
420 93
511 66
821 93
876 106
620 157
1000 126
805 56
870 126
420 106
870 126
695 93
391 97
406 56
406 146
420 106
770 106
806 93
1546 414
870 66
743 86
386 121
406 106
700 336
370 86
252 93
1900 98
1406 93
538 56
123 918
491 93
511 66
625 377
677 68
343 156
806 93
437 86
321 66
741 91
769 66
775 166
540 205
959 66
806 93
302 126
406 126
682 76
126 427
506 106
696 61
261 66
540 206
856 126
1526 606
421 66
806 106
888 126
456 106
856 126
531 66
1498 820
525 173
1970 286
870 66
1556 106
338 66
928 123
421 66
530 396
256 146
203 397
1728 66
406 106
659 56
456 436
1786 56
758 138
406 156
356 116
486 486
1616 66
540 206
306 179
720 308
437 86
406 106
1998 86
305 56
906 456
758 66
558 97
456 156
770 128
781 508
543 416
2402 48
430 407
420 106
470 286
1615 76
1788 66
446 151
446 126
1146 66
306 146
356 116
567 93
511 66
320 258
2382 576
1048 86
781 48
695 93
500 126
620 157
446 151
2326 556
438 406
781 66
868 93
570 256
341 93
291 66
745 66
271 93
919 93
767 137
695 93
421 66
1402 86
491 93
1556 66
320 86
808 136
368 66
1290 576
126 427
855 126
570 66
406 156
267 106
390 86
1206 106
667 536
812 56
417 116
528 56
1416 176
396 91
768 93
680 76
835 123
499 56
509 76
458 66
338 56
721 66
448 468
858 106
910 66
386 121
966 86
420 278
806 93
1406 93
437 86
528 56
321 66
444 137
1636 61
390 86
2121 88
587 56
1178 218
406 126
1906 286
193 66
620 176
686 66
370 86
531 66
406 126
534 61
406 156
720 308
528 66
465 156
1739 64
2402 56
456 106
406 116
86 239
2326 556
2216 336
767 68
880 126
1419 66
1210 324
291 278
990 66
338 66
706 141
482 86
797 126
487 186
570 66
750 93
148 739
740 86
908 61
781 48
1953 86
600 157
785 76
844 123
1025 453
487 86
370 66
406 106
86 489
629 148
2005 66
829 528
406 106
542 86
406 126
386 86
811 66
241 66
439 56
528 66
471 66
612 257
2124 86
876 106
286 136
703 442
2073 66
256 93
343 156
870 106
370 356
456 146
1506 420
2406 66
740 86
86 316
344 126
1131 188
366 56
406 166
509 76
781 66
906 93
251 66
406 106
565 66
2073 66
439 56
1403 66
1002 93
480 86
2012 151
422 419
768 126
169 386
1906 66
453 398
181 280
271 93
872 64
431 66
784 56
248 66
338 66
421 66
567 93
123 918
1002 206
872 86
406 56
716 106
769 126
2206 51
1658 86
769 66
470 76
778 66
870 126
350 179
170 567
379 225
1030 56
406 156
491 93
769 56
446 151
444 137
682 581
657 146
2288 48
812 203
849 126
913 417
549 97
96 276
1636 61
1570 158
406 91
839 86
371 536
406 116
366 486
343 156
750 126
391 97
2106 56
2382 556
953 86
2064 86
2006 93
1030 56
868 93
1215 106
447 106
286 156
471 66
600 157
620 93
396 106
446 151
924 66
1755 430
805 56
2382 556
199 356
449 106
66 536
496 135
530 106
870 106
858 66
163 417
306 106
1260 48
163 417
806 161
1356 306
620 157
402 173
2406 106
441 66
811 486
261 66
916 66
1665 86
332 68
491 93
306 166
391 97
809 156
868 126
906 93
487 186
456 121
291 66
1550 93
1731 56
406 166
2005 66
713 86
851 137
449 556
2423 93
163 417
406 56
906 356
396 106
338 66
549 97
486 486
957 66
471 66
2206 56
321 66
356 116
456 146
538 66
741 56
750 126
770 128
1550 93
2402 48
393 889
744 347
286 156
291 66
367 88
1270 66
1210 324
496 138
321 66
291 278
306 198
692 587
2106 86
286 156
1056 66
406 116
256 116
778 66
420 336
356 324
1906 66
378 225
1406 66
406 545
823 76
720 126
938 386
370 66
486 486
2326 93
66 802
491 93
869 86
179 176
851 137
811 486
447 56
2126 546
420 106
2406 66
449 93
838 176
271 93
420 93
486 56
663 187
482 86
573 326
766 93
530 396
491 93
1962 61
390 137
868 126
298 66
839 76
286 86
1170 66
818 126
161 449
713 86
828 66
1402 86
797 328
549 97
682 66
1290 93
271 93
502 66
422 548
384 456
1820 93
849 66
818 66
600 157
818 586
321 66
2266 66
806 93
298 66
338 56
2348 536
1063 449
158 285
876 86
785 66
824 66
726 66
256 146
491 93
306 93
990 126
816 538
1371 93
769 66
770 86
441 358
283 611
746 88
1416 176
178 620
818 558
506 106
1007 86
636 196
2272 91
1131 188
1953 86
291 93
420 66
406 86
238 76
241 66
1206 93
406 96
291 66
268 76
178 620
366 56
421 66
497 66
142 328
808 136
758 72
151 56
480 452
406 156
356 93
295 97
406 186
686 506
202 894
1241 131
270 106
784 56
745 126
417 116
446 86
1871 66
271 93
306 179
123 66
406 56
2079 106
491 93
646 86
497 66
594 66
2402 56
180 453
270 106
168 346
395 93
2266 66
2216 95
628 126
406 106
1326 66
291 66
1764 66
1289 393
1006 86
521 66
509 76
220 86
606 586
338 66
1534 66
348 403
465 156
840 66
447 56
718 196
2006 93
486 56
444 137
710 241
256 106
291 66
406 116
1143 198
620 176
491 93
180 453
769 66
398 93
399 56
456 66
808 136
445 173
778 66
396 166
2368 468
456 106
1506 106
348 146
706 56
304 126
491 93
1218 76
710 196
668 166
620 157
491 93
888 336
2012 86
766 93
491 93
816 123
359 87
366 556
567 93
321 93
2006 93
1526 88
950 106
180 453
1056 246
1526 606
421 56
491 93
306 106
531 66
906 66
2196 66
975 86
1371 66
406 56
375 126
366 56
470 377
489 86
294 66
378 225
1752 93
771 137
459 428
556 466
521 66
386 121
758 66
2426 76
176 506
450 56
890 781
1406 93
766 93
988 106
511 66
781 486
1063 453
1140 76
441 66
433 156
530 158
446 126
2170 142
491 93
655 184
910 66
635 126
1179 76
455 86
2326 126
446 151
804 406
868 93
406 126
1106 61
1236 306
386 121
344 136
141 508
1746 66
767 137
682 66
420 308
1895 86
1063 449
388 76
876 106
758 72
491 93
406 186
202 894
486 56
482 86
805 56
506 66
406 156
764 126
1570 93
2382 556
1402 86
1906 286
288 66
791 66
835 528
363 172
500 126
669 86
396 91
406 86
339 146
1390 98
690 86
251 66
241 66
1410 126
766 66
252 93
838 176
497 66
556 466
796 56
203 397
446 151
291 93
489 86
139 413
444 86
990 66
1752 93
710 76
538 56
811 66
696 66
770 61
789 126
1550 556
1179 66
870 336
304 126
740 106
809 86
123 66
390 137
875 66
491 66
441 66
630 93
467 106
1406 93
2241 106
174 566
570 66
424 136
491 93
892 123
616 66
520 438
594 66
1895 76
404 486
771 162
1872 61
600 176
1416 176
549 97
851 137
511 93
758 72
898 66
520 438
406 146
291 93
2292 472
371 126
919 93
928 123
750 93
281 66
123 936
872 66
406 136
320 76
286 136
141 431
1416 176
348 403
2266 56
960 66
978 76
256 136
354 121
511 66
183 743
708 106
163 417
1570 93
766 93
818 66
256 179
1731 66
1179 76
517 93
1206 93
497 66
406 156
393 86
453 398
874 123
1419 66
855 66
497 66
745 93
2073 66
456 121
447 106
359 87
981 76
746 56
808 136
406 156
286 56
241 577
874 123
1041 56
156 788
1659 398
267 106
369 204
666 124
220 93
501 46
1570 93
350 179
220 86
768 93
1870 76
910 66
421 66
406 146
1070 106
405 162
868 126
1030 76
770 126
406 156
600 176
726 66
516 66
390 137
717 66
389 87
431 66
620 157
325 518
1826 449
1526 88
370 255
396 106
791 66
1441 66
338 56
471 66
271 93
956 66
1167 76
1206 61
259 377
1055 126
446 151
158 305
2006 93
696 176
470 530
758 146
458 66
343 156
86 352
1606 66
1570 93
220 66
549 97
695 556
888 307
1616 106
1179 66
562 66
521 66
990 66
786 566
399 56
823 183
2070 93
406 156
2402 576
1500 56
487 86
446 151
370 66
86 239
406 126
1616 66
170 196
170 226
123 478
706 56
86 268
391 97
943 76
406 106
700 318
1806 66
256 136
339 146
1063 76
620 106
281 66
695 56
406 56
1966 56
1770 93
291 66
728 845
2326 66
2288 48
371 66
392 87
139 413
338 66
486 56
424 136
271 93
319 258
289 1172
406 126
550 770
306 179
341 93
491 93
882 86
1326 66
1480 728
255 383
188 86
2006 93
2106 93
1872 106
341 530
890 126
