2000
1220 2440
511 66
904 406
811 56
456 106
491 93
321 66
304 126
1028 421
439 126
2277 86
1895 76
2026 66
783 308
406 206
770 126
781 56
870 86
309 137
796 124
888 336
1416 176
1206 93
639 288
870 93
406 183
338 66
321 66
413 156
256 136
869 556
356 93
406 156
2070 93
1391 66
888 66
928 123
1506 106
538 66
286 136
906 93
2280 66
2326 556
306 126
824 106
2070 93
251 93
437 86
888 126
2210 93
1056 246
406 156
406 136
199 356
1416 176
1276 166
2126 546
639 48
406 116
1788 66
1636 61
1973 489
817 93
406 156
966 106
1406 66
1418 96
406 146
406 146
2070 126
406 116
870 66
271 93
1870 76
594 66
500 126
406 146
883 66
344 76
370 66
446 126
806 93
758 72
766 93
2406 106
470 377
407 93
667 536
808 136
437 86
167 308
826 66
818 558
406 126
534 61
1006 86
306 198
241 66
806 236
1508 56
386 121
1025 453
906 93
904 528
441 66
199 356
811 66
406 56
408 136
347 506
378 66
1406 93
511 66
990 586
1131 306
202 894
778 66
710 196
417 116
2146 93
758 106
1340 310
370 86
407 93
186 285
888 126
656 196
2406 106
306 166
1606 56
1739 66
1170 66
1056 246
185 503
838 176
536 56
406 126
406 136
1289 406
406 136
565 386
320 303
422 419
1556 93
436 458
809 106
2404 906
161 450
1210 93
456 106
417 116
558 97
2070 93
856 356
511 66
438 406
869 86
393 889
1371 93
256 106
420 66
306 179
1820 66
251 66
501 66
1534 48
422 398
1570 93
322 97
436 66
540 205
839 286
839 76
2288 66
835 93
540 205
325 518
491 93
378 225
1770 336
321 93
490 66
1820 93
761 93
1872 106
600 176
746 586
2406 66
870 106
1550 86
1870 86
470 286
396 106
163 417
470 86
393 126
656 93
330 66
342 166
470 286
406 56
870 93
960 126
406 106
1534 66
538 66
1326 66
808 136
496 61
781 93
481 93
1210 126
1210 426
1820 66
306 179
343 156
322 97
356 206
172 363
565 93
663 478
482 86
939 86
1210 324
1970 156
928 123
540 93
491 93
367 106
406 156
306 146
348 403
298 66
888 76
639 56
449 106
469 106
366 66
417 116
420 66
872 66
421 66
406 156
842 137
870 336
370 256
383 277
806 61
1550 556
1570 406
549 97
185 503
741 61
2079 66
469 106
781 66
406 96
429 468
876 106
409 86
568 66
406 106
420 93
2216 256
1188 66
406 56
348 403
553 433
320 296
808 136
509 76
872 66
842 137
872 64
876 86
868 93
482 86
1962 61
458 66
891 126
238 76
521 93
2190 86
1701 86
823 76
198 323
785 76
1206 93
906 156
256 288
86 489
491 93
587 56
588 66
538 66
1271 176
892 123
180 453
616 126
844 123
375 66
540 205
396 91
580 76
1406 93
784 179
818 558
549 97
491 93
2316 56
329 136
256 93
161 450
306 166
521 66
470 287
356 106
320 126
888 66
341 93
1380 76
769 265
406 156
663 506
549 97
1895 76
1055 66
2005 66
343 156
471 66
681 106
406 106
774 86
811 66
497 66
844 123
1981 106
1203 66
978 76
356 93
538 66
66 536
1872 106
720 335
449 106
491 93
270 106
363 172
370 66
769 126
276 106
397 87
341 93
703 442
1416 176
348 403
777 203
56 506
1385 76
470 106
326 66
538 136
2406 93
181 436
682 76
1108 57
409 76
511 66
1508 56
646 66
486 56
386 121
406 106
808 136
453 398
222 433
441 66
395 93
538 66
491 93
491 93
521 66
491 93
1289 406
2012 151
789 137
320 86
202 894
803 170
2091 66
1306 56
341 93
680 76
180 453
170 567
1752 93
530 396
745 66
870 106
1306 56
797 126
1688 106
620 106
356 176
2406 88
808 136
370 66
756 66
1236 306
695 93
446 151
521 66
1416 176
163 417
470 106
1512 66
471 66
600 176
2402 576
930 56
343 156
356 116
396 166
1739 66
2226 556
390 86
990 66
959 106
406 96
771 137
185 503
789 137
188 86
835 123
620 157
445 86
948 66
486 66
123 936
269 66
406 136
1416 176
1068 286
481 93
453 398
1570 93
501 46
1709 56
528 66
521 66
474 538
502 66
469 106
818 66
476 126
170 567
663 506
420 66
870 106
256 136
319 258
501 66
506 66
600 157
356 556
406 106
306 106
406 56
286 156
343 156
677 68
406 126
344 126
888 66
392 87
534 61
429 307
338 146
406 106
429 307
359 87
445 66
491 93
181 436
281 66
509 76
816 183
458 66
256 126
706 206
769 486
1758 76
868 126
267 106
256 136
219 86
446 151
819 66
506 61
1416 176
336 286
570 66
812 407
2206 56
808 136
656 126
359 87
470 286
808 136
791 66
530 158
497 66
741 56
530 158
798 453
938 381
309 137
870 66
338 76
1550 86
174 545
646 66
256 288
1770 326
639 48
2406 106
437 86
543 416
568 56
406 106
350 179
806 106
1066 336
1666 46
446 126
756 66
783 68
256 136
1170 66
824 106
876 86
2012 151
356 206
549 97
2316 56
547 56
320 126
888 548
421 66
540 93
406 116
521 66
768 555
501 66
1041 56
777 203
366 56
1826 66
620 157
2048 336
1906 286
811 66
1170 126
2012 86
904 528
305 56
668 166
406 126
511 66
491 93
491 93
420 106
406 126
908 86
1973 489
467 163
1380 66
384 456
396 106
456 106
706 206
170 567
391 97
845 126
1870 86
1658 86
268 86
370 86
870 66
429 468
338 56
450 66
781 66
920 76
1670 106
2016 151
406 106
506 106
339 146
1788 66
516 414
406 156
286 136
290 206
321 66
716 106
506 66
789 137
2382 556
516 414
491 93
934 86
497 66
437 528
939 86
255 383
471 66
395 93
420 66
511 66
420 66
2326 93
620 93
202 894
172 363
1385 76
456 66
726 134
406 136
470 66
419 528
818 66
771 137
220 66
1586 63
421 66
374 126
406 126
506 94
339 66
888 126
406 126
666 424
447 56
820 356
156 788
291 66
413 156
2021 66
706 141
1056 246
456 156
1733 106
1006 86
686 203
710 196
656 93
406 186
549 97
178 115
396 106
441 66
161 449
467 106
809 86
386 121
616 66
1895 106
636 196
420 66
270 106
327 96
789 66
328 256
761 106
532 158
298 66
835 123
406 156
659 48
364 68
1402 86
580 56
185 503
429 307
1066 336
975 86
2439 93
2116 86
406 66
851 137
927 256
835 93
321 66
1895 86
975 86
366 556
891 66
501 66
181 436
396 106
835 528
760 56
390 86
340 93
784 56
251 93
870 106
1616 66
785 76
176 506
855 126
758 138
1356 116
406 126
969 56
406 106
596 187
511 66
406 56
306 126
620 570
1210 545
706 86
86 316
1006 86
567 93
354 121
445 66
491 93
404 56
549 97
241 66
906 93
558 97
486 56
231 76
676 106
856 126
339 146
80 338
446 151
502 66
826 66
1266 66
181 436
482 86
291 66
1570 158
325 136
496 61
568 56
251 66
835 556
540 205
959 106
406 156
356 116
304 126
808 136
806 93
829 93
2288 48
1140 76
506 106
426 93
760 74
808 136
456 106
666 424
558 97
445 126
428 96
1048 106
516 66
531 66
2316 56
562 66
937 66
445 66
876 106
391 97
482 86
342 166
781 66
686 506
1406 66
859 126
629 148
492 558
2005 66
474 61
339 66
491 93
501 66
2106 56
844 123
1340 310
774 86
290 206
2174 56
163 417
808 136
1146 106
874 123
928 123
420 106
309 137
377 56
306 146
367 88
1506 66
424 136
2311 40
784 56
872 86
870 106
201 86
783 308
445 66
818 558
803 421
1920 91
880 66
2006 93
655 66
396 106
842 137
573 326
511 93
378 66
1210 546
2382 556
182 365
1733 86
497 66
1289 402
406 106
396 106
502 66
1716 93
356 116
436 66
875 365
695 93
338 66
421 66
106 106
511 93
306 146
406 156
256 146
321 66
538 56
745 318
1063 76
1962 106
306 146
835 93
271 93
620 157
516 391
131 1163
148 739
910 66
1550 556
870 106
708 106
2068 468
163 417
905 198
271 93
890 106
2436 56
870 126
960 566
1806 66
906 156
486 56
888 76
808 136
396 106
396 166
306 93
2070 93
1788 66
486 66
781 48
806 56
838 176
281 66
163 417
836 66
1007 106
182 403
325 518
456 121
344 126
695 528
761 106
406 106
1752 93
573 326
1028 421
808 136
802 366
406 146
766 93
580 56
256 970
842 137
1380 106
868 126
829 93
338 146
960 566
271 93
199 356
776 66
297 56
371 66
471 66
430 407
406 156
612 68
797 66
186 285
219 86
2106 106
220 66
390 97
491 93
540 206
421 66
163 417
838 176
769 126
449 126
1290 576
769 486
256 136
220 86
371 66
356 116
695 93
830 86
666 171
538 66
491 93
406 156
880 66
406 106
721 66
258 106
406 156
562 66
455 528
808 136
840 66
770 86
570 66
421 66
406 86
271 93
306 146
341 93
771 162
406 156
390 137
251 93
1091 66
594 66
163 417
2406 88
491 93
481 93
620 157
406 106
1206 61
469 106
818 558
1382 66
1270 66
470 66
805 56
332 68
758 146
330 166
868 555
745 66
359 87
491 93
891 256
1377 116
399 56
710 196
816 538
406 106
2241 61
706 576
256 116
445 86
456 106
540 205
636 196
342 166
746 556
920 76
1606 66
298 66
884 356
788 66
798 453
406 156
791 126
1688 106
2012 151
406 156
1221 56
206 388
829 528
158 468
849 66
255 383
1215 61
341 93
406 156
343 156
767 137
388 66
136 185
406 156
2216 336
1390 466
367 106
325 136
389 87
620 93
1172 517
256 136
695 93
486 56
376 60
808 136
406 106
1002 556
681 106
536 66
1606 66
1746 66
784 56
66 846
797 188
491 93
344 126
182 403
346 126
959 106
392 87
1007 106
220 66
1731 66
1526 88
870 106
186 285
406 106
256 116
959 66
306 146
486 56
248 66
817 93
406 156
1606 106
770 126
839 86
540 206
975 86
670 278
406 56
1766 106
2064 86
406 106
302 126
565 66
406 106
378 87
396 91
508 126
2266 66
474 538
849 66
520 517
420 93
348 146
206 66
406 166
453 363
506 158
808 136
337 106
471 66
1788 66
1716 216
354 121
818 126
406 156
870 106
446 151
1716 93
350 179
700 336
491 93
1375 700
449 93
471 66
1385 76
256 136
908 61
429 468
720 126
424 136
1788 66
764 176
796 56
256 116
471 66
406 156
388 106
391 66
333 68
404 66
343 156
324 528
476 126
696 56
420 93
320 76
420 106
232 824
898 306
870 126
870 106
2288 66
341 93
371 126
523 187
356 93
630 93
496 61
2124 86
2426 76
325 136
516 391
345 535
778 66
612 68
497 66
788 66
398 93
486 66
1382 66
406 166
726 96
406 106
206 66
304 126
768 93
321 66
808 136
928 123
458 66
411 528
402 126
1135 76
298 66
370 237
306 106
960 66
338 56
1900 98
417 393
775 166
1498 356
2216 336
549 97
2368 468
202 894
2326 556
1314 93
448 468
806 56
369 204
758 72
594 66
568 66
406 156
2286 48
183 397
1306 66
829 93
1703 66
2241 61
769 66
181 436
406 206
761 93
1508 56
1636 61
415 66
681 106
409 86
948 126
421 66
708 106
491 66
406 146
406 156
905 198
458 66
833 309
158 305
406 156
1020 66
678 66
487 186
606 66
580 56
781 93
1179 66
306 106
309 137
1550 93
2006 93
444 86
2026 66
568 216
406 156
406 56
888 336
406 116
2026 56
318 106
1770 66
320 258
403 163
870 106
540 205
181 280
417 116
816 183
825 86
838 176
1556 66
406 93
261 66
870 93
870 93
444 137
465 156
396 91
2326 556
919 126
716 106
206 870
736 107
406 146
770 93
420 93
506 406
491 93
341 93
666 86
2292 472
456 336
496 61
1553 465
828 66
450 56
2348 66
521 66
518 56
224 429
906 286
501 66
489 86
406 156
306 106
441 66
904 528
781 93
888 336
758 106
1528 86
1998 86
1063 453
366 66
286 136
291 66
540 206
444 137
406 86
813 360
174 544
420 566
142 328
388 72
409 86
1020 56
497 66
771 137
393 889
1566 66
1666 61
568 66
339 68
1570 406
406 116
491 93
491 93
356 116
2190 86
491 93
891 86
470 76
80 338
870 66
870 126
1170 66
777 203
770 241
471 66
695 528
853 385
855 66
1266 81
344 126
420 566
1215 61
1070 106
892 123
491 93
857 86
1728 66
325 518
2226 556
336 197
389 87
422 398
294 66
481 93
256 136
501 66
2070 93
460 126
910 66
330 66
356 116
733 620
1829 138
406 156
906 93
758 146
417 116
456 106
420 126
458 86
2060 93
256 146
829 93
620 106
882 86
1131 188
413 136
496 135
406 126
356 206
547 56
1406 56
1188 86
534 61
444 137
1406 66
406 136
1246 406
458 66
321 66
343 156
750 93
356 116
356 116
990 586
1752 93
123 936
868 555
1651 66
1179 206
2026 56
870 106
646 586
1063 76
220 66
2321 152
471 66
1506 420
835 95
491 93
496 86
142 328
2402 56
558 97
855 126
286 136
406 156
573 326
898 66
1615 76
406 56
1260 307
745 126
880 66
565 66
620 106
558 97
291 66
906 93
1000 93
338 66
666 124
483 558
1063 76
256 146
465 156
2005 106
417 116
393 126
437 86
405 162
538 56
785 76
256 136
600 93
538 66
732 137
676 82
181 280
396 166
480 56
1167 76
839 86
663 156
540 205
369 204
283 87
406 91
1041 56
620 157
1636 366
406 156
938 106
1260 156
206 66
186 285
1506 342
950 51
181 280
808 136
370 66
276 106
1006 86
1733 66
497 66
858 86
898 106
288 66
870 336
849 126
1944 91
849 66
354 121
486 66
853 385
306 126
741 56
368 66
906 356
1210 324
511 66
482 86
198 323
438 406
1246 406
888 66
306 126
506 61
716 106
186 285
406 116
549 97
163 417
882 86
874 123
420 106
155 463
810 66
470 126
482 86
767 137
2411 58
797 188
768 93
521 66
220 86
161 450
948 126
2206 56
511 66
1758 76
406 126
811 56
1406 66
686 203
1615 76
271 93
2070 93
506 66
540 206
388 72
2326 556
2093 556
1770 1010
891 390
356 176
669 86
768 126
1056 106
888 307
420 106
953 86
768 93
528 56
2406 66
695 56
406 126
1926 56
306 126
491 93
256 136
1520 76
343 156
2121 88
452 1206
1419 66
447 106
491 93
1570 93
491 93
364 68
469 106
1616 66
872 61
370 197
526 66
1326 66
406 156
740 106
406 156
406 156
1210 93
768 93
1441 66
2216 256
96 106
906 93
764 136
471 66
806 93
524 173
491 93
271 56
1731 66
620 176
1820 93
290 187
706 66
241 66
565 66
370 66
471 66
185 503
783 179
446 126
565 93
406 156
1953 86
521 66
620 176
540 93
471 66
1820 66
950 106
406 93
600 157
1063 449
769 126
406 166
446 151
271 93
309 137
771 137
288 66
2044 106
767 137
2067 56
781 93
573 326
893 66
756 61
811 66
526 66
523 133
406 56
224 429
791 126
874 123
783 68
477 126
558 97
406 86
456 156
1973 489
281 66
906 356
486 56
408 136
769 555
805 56
2326 556
391 66
1306 66
620 93
1430 88
202 894
2382 556
818 558
858 86
1210 545
421 66
718 66
1703 66
354 121
333 378
806 161
532 86
155 463
420 106
390 137
486 66
388 72
516 414
414 173
767 137
870 93
421 66
458 86
859 86
845 126
870 106
769 66
491 93
1872 61
256 136
1290 93
1296 166
716 90
830 86
538 66
1356 116
511 66
732 137
1556 586
422 398
388 76
855 66
826 66
820 93
1820 93
422 126
1002 93
1870 76
779 66
1380 66
309 87
870 93
2406 106
737 66
959 106
391 97
616 126
421 66
1688 106
1419 66
106 106
406 136
406 96
542 86
320 258
657 146
888 126
445 173
181 280
809 86
1976 86
2388 86
491 93
456 156
2036 586
606 86
567 93
889 406
540 206
1355 66
737 66
2210 93
1788 48
540 93
528 86
491 93
2226 556
348 146
391 97
565 93
511 66
706 66
2005 66
1970 286
889 406
181 280
421 66
306 93
845 126
182 403
910 467
706 66
1056 61
465 156
842 137
424 136
784 179
530 158
406 126
1385 86
1508 56
406 136
370 86
339 146
491 66
446 126
612 257
2068 468
788 66
241 66
2316 56
825 86
919 93
1271 176
2005 66
131 1163
781 66
256 970
695 93
395 93
2286 48
1737 56
1063 449
703 442
456 106
356 106
666 424
406 126
56 218
1326 66
942 86
291 66
386 121
786 56
283 87
1066 336
406 106
1030 86
1556 93
808 187
1658 86
667 536
439 56
386 121
406 86
1419 56
975 86
1206 48
480 56
163 417
565 93
2161 66
830 76
406 156
771 137
491 93
1210 93
310 236
696 88
406 106
320 286
565 358
868 556
784 179
320 258
570 66
256 116
819 66
509 76
1002 93
2064 86
1210 426
491 93
990 586
486 56
291 93
663 66
809 156
420 336
1616 66
839 86
1241 131
561 141
863 56
348 146
556 546
406 156
421 66
892 123
2291 56
870 106
306 146
256 136
501 93
737 66
1289 406
1752 93
421 56
306 179
1179 76
2068 468
482 86
600 176
392 183
835 76
1314 93
1906 286
721 66
1276 166
386 121
2326 126
438 406
2436 56
859 126
251 66
835 556
769 66
703 446
1764 66
370 106
1665 56
1946 66
178 620
888 66
1002 93
919 556
183 743
785 76
347 66
2396 56
258 106
366 66
870 66
858 76
670 238
86 268
1007 106
1338 328
806 93
470 126
389 87
1063 449
178 620
366 56
937 158
341 530
2236 86
1606 426
388 86
423 310
830 76
356 93
845 66
1826 66
663 66
420 93
168 346
556 546
356 93
1258 106
291 66
291 93
556 66
796 176
306 506
2316 56
2121 56
391 97
771 137
406 146
406 136
453 398
288 66
406 56
356 116
356 116
256 146
2006 93
396 166
811 66
356 116
1210 545
809 156
491 66
2286 48
818 66
2101 66
1498 356
1403 66
781 93
1570 406
516 66
1390 466
1752 126
745 318
86 288
1586 56
2046 56
420 336
812 421
534 61
2423 93
2394 66
1606 66
816 216
338 66
409 76
1326 66
1055 66
1215 61
771 137
950 86
294 66
556 60
406 156
769 56
338 66
695 56
896 203
2068 468
1418 66
600 157
851 137
2196 66
2272 86
319 258
858 106
2068 468
338 66
1570 93
2070 93
876 86
396 106
1063 449
906 66
758 138
908 61
338 66
888 66
339 146
291 66
990 66
718 126
470 66
456 106
835 528
808 136
471 66
142 328
