2000
1220 2440
348 403
402 173
406 156
1670 106
526 66
528 56
356 206
1416 176
346 535
788 66
406 86
1870 76
436 458
516 137
356 93
486 66
325 136
677 68
2326 126
826 66
406 116
341 93
406 106
363 172
363 172
306 146
870 66
421 66
406 116
1258 106
811 66
781 66
446 86
868 556
1636 61
386 121
718 66
448 468
480 86
531 66
86 316
306 146
2426 76
446 151
202 894
750 126
345 535
870 126
291 66
870 126
406 86
769 555
1770 66
1143 198
950 66
408 556
819 93
1966 576
565 66
123 478
558 97
224 76
501 46
1656 66
1659 398
366 486
343 156
830 76
366 56
359 87
356 66
2064 86
1770 66
406 116
406 156
1506 420
1260 156
620 176
1752 93
368 86
491 66
356 131
371 66
789 137
990 66
824 106
338 56
406 136
471 93
508 306
139 413
2005 106
456 121
506 66
467 163
906 66
256 136
406 156
771 137
296 703
2012 86
322 97
1290 576
400 86
182 397
206 56
696 176
441 66
1770 326
695 56
687 184
320 66
471 93
558 97
219 86
406 156
740 86
870 106
506 48
2326 66
491 93
838 176
420 86
501 93
781 56
656 93
180 453
784 56
338 76
491 93
1658 86
726 66
181 436
789 66
760 74
356 206
486 66
406 126
486 56
1306 66
791 126
406 156
942 86
409 76
620 106
458 106
2241 61
256 136
181 436
341 93
540 93
1402 86
870 106
348 146
283 611
708 106
860 56
639 288
845 126
1382 66
743 86
449 93
523 187
883 56
141 431
390 137
438 436
1260 307
770 61
417 116
347 86
986 66
182 403
990 66
321 66
1608 106
320 258
2106 93
625 353
2216 95
470 287
532 158
2126 546
869 86
1608 106
1758 76
547 56
726 134
506 66
799 76
165 553
870 106
341 93
919 126
1170 66
2266 66
477 126
428 96
456 106
756 556
1167 76
941 56
288 66
411 528
1421 106
695 93
281 66
1646 406
565 386
809 86
716 106
713 86
1528 86
429 307
1416 176
420 566
2070 556
941 56
391 97
556 66
2070 93
174 553
520 517
406 156
326 66
256 146
420 66
406 116
1306 56
341 93
816 616
474 457
656 196
402 173
309 137
108 427
501 66
406 136
600 176
369 66
421 66
298 66
180 453
872 86
486 56
497 66
326 66
396 106
378 66
406 156
528 66
185 503
830 56
708 106
740 106
2266 66
655 66
990 66
1260 156
640 56
420 126
540 205
981 76
547 56
1612 93
766 93
429 468
367 206
836 66
1416 176
703 288
1406 66
456 106
745 93
123 66
700 126
388 66
406 126
406 106
374 76
816 183
767 137
806 56
771 137
474 457
408 136
511 66
856 356
942 86
506 106
874 123
413 106
950 106
2116 56
183 743
456 121
491 93
870 336
406 156
453 363
1206 48
818 558
320 296
286 156
521 66
421 66
286 56
224 429
486 56
220 66
920 76
2406 93
808 136
306 106
769 56
785 76
706 56
325 518
406 146
481 93
596 187
399 56
771 162
298 66
174 307
785 76
639 56
66 802
740 86
359 87
646 86
408 136
1498 820
298 66
256 136
491 66
320 126
1906 286
408 136
1251 61
437 86
271 93
1752 93
530 158
422 548
283 87
267 106
797 66
150 56
540 206
808 136
486 56
565 386
1296 166
2402 93
496 61
2005 66
767 137
568 56
659 48
1636 61
251 66
271 93
1260 995
706 66
406 106
486 56
1570 93
2266 66
891 66
481 93
696 176
893 66
406 156
806 93
509 76
910 66
1648 93
818 586
356 116
333 378
763 76
1350 76
417 116
406 126
990 66
870 86
1606 66
920 86
1241 131
756 66
158 468
511 66
456 156
391 97
183 743
186 285
294 156
142 328
630 93
456 106
1872 61
819 66
306 146
687 184
306 126
746 56
1406 66
482 86
756 88
908 86
690 76
178 620
202 894
666 86
1770 66
148 535
321 93
876 86
298 66
433 156
306 179
219 86
1385 76
386 121
1179 76
2348 536
406 146
835 93
1155 156
174 553
420 278
713 86
789 66
1755 360
489 98
682 76
402 126
816 123
330 66
741 61
769 56
1255 56
178 620
695 556
889 406
1135 76
1140 76
370 93
256 179
406 96
1048 106
2288 48
220 93
1820 93
540 205
406 106
470 138
570 66
835 93
1606 426
928 123
422 398
306 106
677 68
769 126
700 318
456 146
470 66
465 156
406 126
506 61
474 61
2070 126
1570 93
1665 86
155 463
406 116
542 86
1170 66
406 136
1188 61
320 286
378 87
1403 66
858 66
163 417
453 398
420 66
256 136
172 469
2286 48
330 66
1606 426
470 286
1658 86
842 137
1950 46
1380 66
778 66
2068 468
409 86
2292 427
252 93
639 56
1836 56
2406 86
891 256
2048 336
486 66
868 93
948 126
271 66
486 56
706 576
781 48
406 156
445 126
1556 66
426 93
1843 575
491 93
1910 66
1770 66
540 93
220 93
392 87
746 56
716 106
1406 66
447 56
252 218
783 548
489 86
370 66
182 397
258 106
1290 576
2070 93
1416 176
470 530
2093 556
286 86
596 187
86 489
703 288
1007 106
256 136
938 106
420 106
306 106
785 76
163 417
796 186
86 268
919 126
506 176
696 66
796 56
771 137
476 126
769 126
1733 86
600 157
663 126
456 336
809 61
880 66
971 126
406 56
1752 93
1419 66
406 186
202 894
181 280
2426 66
1126 56
449 106
1406 93
858 106
486 56
706 86
467 163
758 146
496 135
252 246
796 176
1895 76
1406 66
829 93
2426 56
682 66
1466 88
538 66
356 93
898 66
252 246
1406 66
409 86
596 187
1260 346
1688 106
371 126
468 66
1178 218
777 203
758 138
2326 556
2316 56
531 66
829 93
1755 360
2121 56
487 186
2394 66
1598 106
840 66
666 171
1752 93
338 56
320 126
620 157
760 56
663 66
446 151
396 166
978 76
781 486
491 93
86 288
990 66
956 66
1419 56
379 225
329 76
1260 86
806 106
710 196
650 894
106 106
456 336
1106 61
378 87
1863 56
78 338
406 116
696 176
199 356
1382 66
690 86
970 567
380 76
593 417
943 76
446 126
2266 66
1002 93
489 86
404 66
436 458
422 419
1091 66
338 146
406 91
1895 76
870 106
1870 86
2402 576
523 133
2012 86
565 358
458 66
836 66
1063 449
339 66
741 91
568 66
1007 106
341 93
1570 158
2277 86
2162 106
1355 66
1770 336
1770 93
524 173
220 86
470 66
163 417
306 146
406 136
796 56
354 121
870 106
706 225
446 126
990 126
2210 93
282 66
172 363
480 452
1172 517
1030 56
2348 66
422 126
470 106
368 66
1665 86
370 106
818 66
406 126
1056 61
491 93
446 86
539 503
1382 76
869 86
1271 66
255 383
1995 106
333 378
845 126
491 93
710 76
406 86
919 528
1788 66
1290 93
321 66
456 121
1582 86
182 365
732 137
456 121
178 620
849 126
586 106
406 136
406 126
1236 306
663 126
491 93
388 72
406 156
2196 66
202 388
2326 126
471 66
819 126
576 239
1255 56
784 56
491 93
565 93
406 126
421 66
486 56
288 66
482 86
570 256
256 116
486 56
178 620
942 86
511 93
497 66
695 556
456 156
2402 56
678 66
626 126
1179 76
530 61
816 183
884 66
446 151
1048 106
2326 126
1055 66
746 56
424 136
567 93
441 66
1260 86
2286 48
396 106
680 581
396 106
458 66
2026 66
937 66
1658 86
511 66
370 66
868 93
181 280
406 156
489 98
470 106
304 126
393 126
496 61
530 61
706 66
491 93
406 156
876 66
769 126
491 93
1188 86
406 126
1140 76
2402 93
180 453
406 156
359 87
1970 286
2091 66
417 116
455 528
506 106
348 146
910 126
448 468
420 106
417 116
420 126
2026 56
470 530
506 106
306 106
1179 66
1895 76
937 158
771 162
341 93
781 66
663 66
203 397
881 356
700 318
338 66
775 166
538 56
376 206
2091 56
818 126
256 136
280 93
981 56
1131 188
1870 76
520 438
491 93
172 469
406 186
400 76
470 530
789 126
838 176
183 743
856 126
1210 545
497 66
768 126
616 126
770 61
808 136
406 156
406 206
538 66
393 126
390 137
1170 66
420 308
444 86
491 93
1063 76
338 66
1419 66
1406 66
511 93
771 137
470 106
188 86
779 545
695 93
496 138
1966 576
342 166
835 93
151 56
2190 406
2216 336
1872 61
390 137
422 548
758 72
388 72
181 280
370 66
199 356
406 56
849 66
695 93
536 56
690 76
458 406
248 66
388 72
856 356
1556 66
406 106
1030 56
396 106
1218 76
402 173
1143 198
549 97
406 86
1701 246
741 91
620 157
1338 256
420 106
283 87
2326 556
1241 131
1270 66
267 106
306 179
888 66
486 486
1418 66
1167 76
251 66
1788 66
458 106
406 136
2316 56
856 126
828 66
489 86
2066 506
784 56
1002 93
161 449
784 179
1385 76
256 116
1210 126
750 740
497 66
406 156
241 66
446 151
981 66
990 126
343 156
2121 56
1755 360
1135 76
696 61
783 179
549 97
491 93
1826 449
261 66
1636 61
446 151
444 137
1582 86
809 86
593 417
806 56
2216 336
1178 218
1210 126
858 56
786 566
1506 420
406 156
959 66
2106 56
491 93
406 156
981 286
268 56
446 151
2406 66
957 66
420 106
594 66
870 66
420 278
659 48
540 93
291 66
291 278
798 449
170 226
756 66
356 116
406 146
1210 545
842 137
406 96
797 188
383 277
491 93
695 528
681 106
870 126
422 419
797 66
406 126
1970 336
291 278
1520 76
668 166
769 66
781 536
1029 76
1025 453
470 66
538 56
286 136
1550 556
506 176
341 93
338 76
887 203
251 66
1000 126
238 76
377 56
441 358
420 336
906 93
343 156
789 137
928 123
2348 536
990 586
486 56
417 116
785 76
1403 66
1206 106
1615 76
651 528
371 66
316 66
506 48
805 56
868 93
872 61
695 93
950 51
1701 246
523 187
1606 56
745 346
1570 93
791 66
183 397
446 126
1709 56
163 417
456 156
421 66
491 66
2316 56
842 86
406 166
565 66
271 93
456 156
309 87
758 106
182 403
286 136
870 106
528 66
388 76
2402 56
356 286
549 97
872 61
491 93
538 136
743 86
1739 64
193 66
771 137
784 56
486 56
181 436
306 146
370 237
853 76
771 162
180 453
266 106
797 66
856 156
271 93
531 66
456 146
491 66
1895 206
386 121
480 793
248 66
808 136
470 106
1266 81
1131 286
406 116
708 106
291 66
429 468
1131 188
406 156
183 743
978 76
717 66
375 66
2368 468
805 56
710 76
376 60
1030 56
456 106
306 93
206 388
1616 66
406 156
151 56
1382 66
558 97
570 256
523 133
421 66
542 86
1406 93
406 96
421 56
406 126
470 66
1866 61
261 66
588 256
480 402
808 187
415 307
2070 93
756 56
812 56
696 196
421 66
2190 86
860 358
406 156
835 123
2326 66
486 56
797 188
758 146
620 570
393 86
818 558
341 93
745 318
906 93
549 97
330 436
981 66
696 66
149 486
680 581
880 56
491 93
1526 56
906 93
600 157
1470 106
391 66
576 239
332 68
860 74
845 393
663 126
506 176
908 61
666 124
875 66
1006 93
344 76
1172 517
350 179
337 126
1260 66
1006 93
1050 761
1582 86
256 146
975 86
528 86
808 136
343 156
823 76
781 486
370 356
523 133
356 286
456 146
86 288
309 137
1289 402
406 146
256 146
406 116
718 399
536 56
677 68
1836 61
788 66
606 586
370 176
2382 556
450 56
990 558
789 137
1582 86
521 93
371 66
268 86
396 106
1306 66
567 93
396 91
806 56
797 328
406 186
937 158
950 51
1665 56
406 186
1000 93
565 66
378 87
540 205
268 86
396 106
818 586
1615 76
1391 106
810 66
406 186
123 66
1326 66
286 136
406 116
1000 93
402 126
470 106
682 66
491 93
855 126
337 106
2055 66
286 156
461 86
470 76
2396 56
491 93
2055 66
158 285
174 307
888 66
2162 106
420 278
482 86
523 187
404 66
324 528
1441 66
1900 98
406 106
888 336
2326 66
1406 93
220 86
1390 466
530 158
808 136
165 553
796 106
420 336
1391 66
779 66
528 66
695 56
456 146
172 469
1266 66
306 179
1210 546
186 285
1063 76
758 72
532 158
446 126
321 66
745 66
111 395
386 66
501 66
890 106
844 123
261 66
406 156
1739 66
256 136
829 93
456 121
844 123
391 97
367 106
806 93
970 567
491 93
516 66
1391 106
781 508
406 96
491 93
2131 56
366 66
86 316
663 66
874 123
516 414
818 66
369 66
1770 336
444 97
547 56
256 116
206 56
882 86
350 179
406 156
491 93
406 156
256 136
769 265
456 156
2071 46
413 156
375 126
1055 126
1755 430
1448 66
2348 536
1002 93
1410 126
319 258
422 398
321 66
486 56
406 156
978 76
1385 76
406 106
220 86
888 86
455 528
438 436
2402 56
158 468
321 66
419 86
339 146
393 86
399 56
1055 66
420 66
600 93
1863 56
732 137
771 137
370 255
521 66
870 336
540 206
497 66
758 138
839 76
306 179
663 187
783 68
271 93
910 576
880 66
471 66
786 56
1528 86
486 56
338 66
706 576
1871 66
787 56
282 66
2021 56
1416 176
251 66
1963 66
908 61
359 87
491 93
491 93
663 66
880 126
1430 64
1716 93
406 156
447 106
271 93
1385 76
778 66
288 66
746 56
521 93
391 66
468 206
1402 86
896 203
888 307
356 116
359 87
356 93
431 66
163 417
666 124
781 93
491 93
2408 56
1570 93
470 106
386 66
406 56
256 146
1966 206
491 66
1886 66
2402 56
1733 86
1388 66
356 176
420 126
1266 66
170 567
449 126
778 66
348 146
420 106
286 156
238 76
252 93
736 107
811 56
540 205
421 66
516 414
321 93
366 66
737 66
2382 556
948 66
1260 48
2216 95
747 328
141 431
406 56
338 66
891 86
580 56
406 156
838 176
587 56
829 556
320 258
441 66
838 176
2288 66
281 66
1534 48
1703 66
2026 66
810 506
771 137
516 414
2016 151
406 106
761 106
818 558
758 146
868 555
791 66
666 556
835 123
1029 76
356 106
470 106
406 156
487 86
758 146
429 307
445 66
436 66
1288 86
359 87
981 76
1506 106
2086 66
811 66
770 56
288 66
797 188
471 66
502 66
491 93
1556 106
406 56
565 126
769 56
880 66
496 61
439 56
1293 56
2005 106
256 136
2348 66
884 370
320 1150
406 136
306 166
2406 106
1406 93
384 456
556 60
1020 56
892 123
256 116
1659 66
706 206
1406 66
374 126
1416 176
2280 66
843 187
422 398
1970 286
202 894
406 106
1135 76
695 93
306 336
511 93
176 307
368 86
305 56
206 66
491 93
406 156
439 56
271 93
344 136
1303 106
406 156
646 86
465 156
873 93
471 93
556 546
406 156
558 97
325 136
202 894
190 453
271 93
756 66
491 93
2005 66
758 72
770 356
1210 426
320 126
1962 106
430 407
501 66
2406 106
1340 310
521 66
736 107
320 107
456 336
678 66
2423 93
224 76
570 256
876 106
570 256
870 66
406 156
2292 427
256 136
406 156
639 288
808 136
745 318
855 126
774 86
320 296
1206 93
530 396
366 56
657 146
856 356
805 56
746 556
620 157
256 136
491 93
2326 66
890 66
820 337
491 93
1293 56
306 126
1534 48
481 93
506 66
853 76
1406 66
1000 126
174 545
1766 106
659 56
2086 66
491 93
666 556
1659 398
458 66
468 66
612 68
540 205
413 156
868 93
1598 246
810 66
766 93
2402 576
781 93
1550 93
2216 95
565 66
491 93
549 97
491 93
406 116
170 567
2382 556
1419 66
256 136
2151 46
470 287
758 72
406 146
155 463
178 620
771 137
306 166
1973 489
540 206
456 156
325 136
553 433
556 61
422 126
422 548
812 203
370 176
174 566
396 106
456 121
456 156
1970 286
2026 66
511 93
520 517
906 286
224 429
2226 106
2070 126
1506 66
2012 151
391 66
778 66
716 176
2026 56
131 1163
96 106
706 86
491 93
178 620
392 183
406 156
446 151
587 56
343 156
781 93
396 91
1007 106
252 93
370 66
741 56
183 743
830 86
842 137
471 66
1570 93
769 66
2326 126
1215 106
870 126
2382 556
2361 46
2124 86
306 146
823 76
1995 106
1586 56
491 93
406 96
768 93
158 305
962 126
356 93
343 156
806 56
1598 246
199 356
769 486
342 166
449 106
670 238
406 116
540 206
508 86
206 66
486 56
256 179
891 86
770 106
321 66
845 66
2206 56
170 567
1970 286
256 136
2326 93
530 61
371 126
808 187
291 66
268 56
745 318
409 86
812 56
356 116
178 620
359 87
1550 436
779 66
406 136
769 126
491 93
447 56
375 527
990 56
457 106
460 126
202 894
371 66
185 503
906 93
406 156
471 66
808 136
406 136
2382 556
199 356
1030 76
309 237
321 93
422 126
506 66
271 93
306 106
421 66
324 528
433 156
818 558
1179 66
420 106
880 66
406 156
406 156
406 146
441 66
1752 93
516 391
470 66
2216 256
870 106
2402 48
178 115
363 172
710 196
1534 48
768 93
2402 576
908 86
420 66
600 93
890 537
417 116
785 66
370 66
690 76
406 86
740 770
538 56
870 106
635 126
656 196
1820 66
452 86
172 363
406 146
2216 336
206 56
1406 56
872 86
1606 66
491 93
1306 66
316 66
717 126
1402 86
366 106
450 66
458 106
808 136
256 136
406 106
371 508
409 86
193 66
178 620
937 66
713 106
2206 51
666 124
390 86
523 133
703 446
1140 76
491 93
256 136
465 156
891 66
726 56
1103 465
420 93
202 388
511 66
769 66
421 66
740 86
538 66
482 86
1441 66
2241 61
470 138
261 66
402 126
256 136
406 106
521 66
2048 336
501 93
806 93
1091 66
1002 93
745 318
1506 342
167 308
764 126
1586 63
2124 306
666 146
185 503
620 93
356 176
294 66
1002 93
501 66
376 97
295 97
1146 66
1406 76
417 116
290 187
1326 66
256 106
458 66
860 74
286 56
356 116
786 56
491 93
1786 56
1872 61
446 86
302 126
2210 93
1290 93
519 56
1770 66
491 93
490 66
256 146
421 66
497 66
1270 66
2190 406
471 66
406 96
486 486
406 106
417 116
406 136
981 66
422 398
884 66
870 106
721 66
356 116
141 48
767 137
656 256
445 66
753 354
149 486
422 419
366 66
2121 56
169 386
486 56
2316 56
853 385
111 638
497 66
1872 106
829 93
406 86
559 206
830 56
489 98
823 76
149 486
370 86
1688 106
876 106
366 458
667 528
620 106
338 66
252 93
406 56
501 66
1721 56
123 918
367 106
406 156
298 66
