2000
1220 2440
123 66
406 156
406 86
1688 106
1382 66
819 126
593 417
376 60
420 336
486 56
436 66
396 166
406 126
1289 393
396 91
1806 66
406 56
1606 66
990 66
769 66
506 158
2286 48
528 66
309 137
1290 93
770 86
501 66
2126 546
370 66
390 86
371 126
256 136
491 93
455 226
1498 356
404 486
530 158
1666 46
309 87
231 76
123 66
252 93
291 93
606 56
1048 86
891 66
1733 106
2406 88
406 156
1382 66
1179 206
1802 76
587 56
686 203
808 136
377 56
359 87
491 93
406 106
2316 56
842 137
663 66
920 76
344 126
1416 176
491 93
843 187
474 538
760 74
1398 600
356 116
568 56
388 76
271 93
516 66
2116 61
402 126
391 66
1555 372
456 156
172 389
668 166
330 66
811 486
666 86
280 93
158 305
241 66
338 278
810 66
449 106
431 66
768 555
406 146
480 86
338 146
506 176
86 239
758 106
450 66
1260 48
486 56
829 556
695 556
338 66
491 93
446 186
221 389
309 137
409 76
182 403
848 453
761 93
406 156
231 76
636 196
756 66
2190 86
321 93
406 156
1658 86
320 258
1255 56
480 793
406 126
870 576
406 106
501 66
745 66
269 66
842 137
769 265
2266 66
339 146
888 548
456 106
1188 66
366 106
835 556
835 93
261 66
521 66
803 170
663 126
220 93
845 126
835 123
1246 406
288 66
540 206
404 66
1210 93
409 76
123 66
990 66
706 206
306 93
1210 546
392 87
325 136
767 137
666 86
406 136
356 176
1406 66
406 156
521 66
587 56
174 566
616 126
391 66
768 556
501 66
1290 93
696 56
406 106
2326 93
1970 336
870 66
491 66
2086 66
406 86
411 528
2206 56
863 56
386 121
467 106
558 97
888 66
828 66
573 326
808 187
291 66
851 137
404 66
438 436
1002 93
640 56
781 66
447 106
482 86
344 76
732 137
767 68
123 66
767 137
770 126
680 76
333 378
713 86
532 158
2093 556
406 156
406 186
446 126
2406 66
1593 106
530 158
1895 86
2064 86
666 124
891 66
491 93
824 106
421 66
741 56
1553 465
921 86
186 285
688 66
776 76
1146 106
306 146
811 66
874 123
501 66
630 93
422 398
798 453
682 581
596 187
406 56
1656 56
356 131
1636 61
808 136
812 56
406 166
421 66
2026 66
874 123
283 87
433 156
174 545
1076 66
1546 414
306 166
480 793
406 146
511 66
1000 126
176 506
870 126
706 141
533 61
1406 93
781 66
511 93
406 56
540 205
341 93
2368 468
338 56
403 163
543 416
1350 76
511 66
781 48
870 106
1406 66
406 106
812 421
1870 76
726 66
441 66
269 66
306 179
638 93
406 156
306 93
2026 66
2070 126
978 76
480 452
86 489
271 93
453 363
880 66
781 66
1962 106
1064 46
406 186
549 97
1246 406
778 66
172 469
990 586
420 66
1526 56
769 126
480 402
1731 56
181 436
338 56
558 97
521 66
291 66
450 56
764 126
271 93
888 548
2316 56
446 151
1659 398
937 66
1526 606
855 66
1737 56
2402 48
758 138
406 156
716 106
316 392
430 421
811 486
1608 106
882 86
406 86
406 156
764 126
950 51
845 126
406 136
532 158
397 87
646 586
2402 56
895 86
406 206
413 156
1048 66
238 76
888 126
406 156
758 72
123 918
497 66
404 486
771 137
573 326
406 106
366 66
1385 86
424 136
870 106
667 528
1550 93
1966 576
639 288
406 146
406 116
491 93
924 66
417 116
2060 93
474 538
413 156
2012 151
370 66
1391 66
528 56
839 86
606 336
406 116
348 146
406 146
600 157
290 206
835 56
306 146
491 93
174 307
808 136
1703 66
251 66
178 620
1387 66
356 116
406 156
78 338
295 97
1806 66
663 506
444 137
746 56
808 136
549 97
1215 106
2190 86
406 156
842 137
791 126
978 76
1973 489
406 106
186 285
448 468
356 206
696 66
1290 576
829 93
497 66
990 66
1758 76
995 307
521 66
530 396
600 157
406 86
338 66
466 126
806 161
666 176
471 66
829 93
406 86
1866 61
341 530
511 66
406 106
1895 206
384 456
424 136
766 93
456 121
330 66
842 137
446 151
600 157
1391 106
430 407
1758 76
366 56
1179 66
387 131
491 93
821 93
1466 88
446 151
256 136
491 93
2048 336
702 353
778 66
256 126
448 468
320 76
417 116
656 196
491 93
695 93
178 620
155 463
86 239
646 86
532 86
829 93
928 123
1170 66
680 66
449 106
159 567
791 126
1926 56
501 66
486 486
835 123
347 66
1550 420
356 93
309 87
549 97
778 486
921 86
2406 88
421 66
388 72
406 156
327 96
363 172
408 106
872 86
424 136
256 116
270 106
56 566
500 66
1255 156
990 66
1406 66
291 66
392 87
306 126
845 126
181 436
471 66
1170 88
530 158
402 126
2373 66
383 277
294 66
870 93
417 116
491 93
1041 56
898 278
594 66
789 66
393 126
1870 86
391 97
232 824
163 417
366 56
1140 76
810 428
516 66
1906 106
845 126
682 66
1260 156
2106 56
835 93
2272 91
356 116
306 93
856 88
202 894
402 126
882 93
953 86
700 318
1006 86
1380 76
1007 106
341 93
1025 453
470 530
919 93
764 176
309 137
491 93
182 403
202 894
756 61
470 106
406 56
600 93
321 66
2046 56
710 196
444 137
870 106
388 76
406 86
750 740
406 126
406 186
356 106
406 126
919 528
456 106
1326 66
402 889
549 97
844 123
1056 86
732 137
501 66
256 146
446 151
2382 556
747 328
568 56
781 536
406 156
530 106
816 183
146 466
720 336
491 93
326 66
366 66
756 556
1556 66
458 406
875 66
486 56
491 93
710 196
811 66
2162 106
424 136
470 258
1536 66
248 66
570 66
182 403
368 86
766 66
491 93
2079 106
696 196
2406 56
163 417
131 1163
348 403
678 66
1406 93
446 126
256 116
750 93
540 206
388 72
2266 56
806 61
818 558
818 126
1020 66
700 336
206 56
1520 76
406 116
784 179
696 176
716 106
291 93
1615 76
681 106
185 503
720 308
870 106
497 66
328 66
2402 48
906 76
1288 126
406 116
676 106
528 56
950 106
1470 136
370 197
392 87
491 93
501 66
2106 106
456 106
718 66
580 56
502 66
491 93
565 66
291 66
766 93
420 93
206 56
491 93
158 468
960 126
408 136
268 86
397 87
703 288
931 93
202 894
370 86
1726 66
423 310
686 203
131 1163
141 508
324 528
706 66
600 157
306 336
540 206
356 93
424 136
491 93
368 86
1006 86
406 56
870 420
876 106
491 93
811 56
629 148
445 66
406 96
1808 346
781 66
506 106
470 66
1598 246
1890 61
706 206
540 93
1570 93
785 66
821 93
391 76
1788 66
465 156
379 225
1500 56
344 136
496 61
123 66
769 66
1271 176
720 308
474 61
2311 40
1556 106
785 66
2226 556
2286 48
808 187
768 93
399 56
639 288
1326 66
710 76
1241 131
406 146
344 76
1126 56
108 427
910 126
823 76
1886 66
387 131
838 176
193 66
769 126
888 307
758 106
611 257
419 86
750 93
420 308
1721 56
870 336
467 106
436 66
1701 246
2326 93
1260 307
695 556
486 106
1430 64
687 184
283 611
306 106
1975 106
421 66
406 126
906 93
528 66
369 204
391 66
489 86
760 74
835 556
470 258
636 196
406 116
398 93
770 66
406 156
796 56
366 66
420 278
521 93
1770 326
797 188
420 93
2003 414
491 93
811 66
981 76
174 307
248 66
959 106
491 93
1636 116
421 66
769 56
406 186
420 126
431 66
896 203
486 56
256 136
528 56
406 106
1506 66
163 417
393 86
388 72
1210 126
220 86
783 179
458 106
870 106
420 86
185 503
758 146
1040 616
491 93
860 156
159 567
406 206
256 136
446 151
188 86
406 156
888 76
1290 576
86 316
758 146
1131 188
496 61
629 148
2402 576
538 66
1956 191
477 126
960 566
1506 66
829 93
219 86
420 93
682 76
1944 91
319 86
797 188
830 76
1210 426
844 123
2326 556
1486 56
1131 188
882 93
252 93
202 894
406 106
341 93
750 126
1598 106
892 123
2406 66
480 86
343 156
1000 93
348 403
186 285
600 176
486 56
420 106
406 91
769 66
320 286
288 66
256 136
486 66
291 66
170 567
471 66
2106 93
776 56
270 106
677 68
386 66
356 116
565 66
416 186
741 56
680 66
1962 61
870 86
870 126
2406 66
718 196
620 93
750 126
2101 56
706 66
1402 86
888 76
1866 61
456 156
356 93
491 93
291 66
741 86
457 106
1008 46
870 86
556 546
159 567
174 307
695 556
892 123
486 56
2028 66
480 402
486 56
769 56
875 465
453 398
371 66
768 556
763 76
713 86
343 156
491 66
540 206
181 280
769 486
395 93
891 256
547 56
1406 93
163 417
1728 66
491 93
448 468
835 556
399 56
682 474
181 436
404 56
639 56
366 66
657 146
316 392
655 66
182 403
329 76
306 106
806 106
2436 56
1616 66
860 74
1512 66
341 93
2104 705
321 66
937 66
256 93
781 66
840 66
406 156
511 66
1820 66
1570 158
406 156
402 889
391 66
406 106
884 66
916 66
406 156
806 93
2286 48
271 93
868 93
421 66
957 66
626 126
446 151
666 424
1506 241
1506 66
366 66
796 124
241 93
491 93
919 126
787 56
1108 57
1441 66
324 528
392 87
421 66
1500 56
338 66
429 468
808 136
305 56
441 66
840 66
500 126
1140 76
256 179
271 66
256 136
457 106
1550 93
281 66
796 56
1871 56
480 793
553 165
695 93
809 156
420 566
528 86
347 86
456 146
908 86
960 566
612 68
594 66
388 72
367 206
391 66
1953 86
1402 86
356 558
990 56
491 93
486 56
2216 106
420 66
2012 151
1110 236
481 93
501 66
2006 93
516 391
1670 106
733 620
186 285
465 156
745 93
206 56
820 93
169 386
710 76
444 86
1570 106
406 156
829 93
290 187
682 76
981 66
874 123
254 76
400 86
960 126
768 126
256 116
613 86
446 151
540 205
769 66
1380 66
568 56
421 66
1167 76
343 156
406 56
386 121
771 162
1615 76
1636 61
1843 575
568 66
872 61
1570 93
413 156
769 56
496 86
341 93
1410 106
421 66
870 126
2236 86
670 238
970 567
1418 96
910 66
882 86
2402 56
1063 76
906 356
489 98
786 56
2061 88
456 66
354 121
781 56
396 106
482 86
640 56
446 151
482 86
1355 66
811 486
286 136
1210 545
1266 66
803 106
356 176
321 66
818 66
682 581
168 353
884 370
718 66
270 106
1000 93
420 417
1766 106
406 156
663 506
1550 556
256 136
2326 66
803 421
491 66
396 91
2368 468
396 166
835 93
330 166
1172 517
781 486
650 894
511 66
291 66
851 137
306 126
523 133
388 66
1419 66
506 94
421 66
558 97
1770 93
417 116
338 56
444 137
766 66
1876 106
1570 93
178 115
540 205
341 93
2316 56
2241 106
1953 86
870 126
417 116
1441 66
1416 106
2348 66
1314 93
902 385
188 86
363 172
251 66
1403 66
528 66
2070 126
406 156
830 76
2406 56
480 793
771 162
1616 66
2402 48
1570 93
255 383
519 56
406 56
308 106
934 86
870 66
409 76
415 66
406 146
202 894
286 56
868 556
700 136
338 66
858 66
368 66
769 126
406 126
812 56
156 788
370 66
283 87
868 93
271 93
511 93
1210 93
1770 1010
858 106
2406 106
600 157
252 93
446 126
2216 256
1470 106
421 66
528 86
650 894
348 146
874 123
813 360
356 93
2406 93
481 93
838 176
695 93
406 156
778 66
178 620
1582 86
321 93
1326 66
378 87
406 106
444 137
556 66
267 106
809 86
178 115
1944 91
290 187
2121 88
838 176
306 106
919 528
511 66
406 106
806 93
736 107
406 106
66 802
502 66
1210 93
952 746
813 360
860 74
306 179
388 72
446 151
931 93
612 68
268 56
1370 66
456 66
1167 76
2266 66
2423 93
1820 93
952 106
600 176
1406 93
329 136
511 66
1188 86
491 93
845 126
356 116
452 86
2021 56
339 66
406 86
906 56
1070 61
768 556
465 156
2006 93
202 894
737 66
1829 138
421 66
888 336
406 86
436 66
2146 93
232 824
2026 66
420 336
783 179
406 106
1041 56
496 86
868 93
549 97
2366 66
325 136
1606 66
388 72
456 156
870 93
406 146
406 106
306 146
942 86
338 66
336 286
1788 66
2402 576
750 93
1390 98
374 126
492 558
681 106
1371 93
880 66
406 93
321 66
199 356
1448 66
570 66
320 76
238 76
321 66
406 136
256 136
486 56
393 86
528 66
342 166
96 106
350 179
859 86
1271 66
456 146
851 137
491 93
1946 66
261 66
629 148
808 136
378 66
796 56
1658 86
1210 546
321 66
486 56
1088 326
438 406
348 403
339 146
1586 63
298 66
625 353
106 106
745 66
256 146
839 86
297 56
1406 93
517 93
1091 66
378 87
774 86
1976 86
271 93
2048 336
406 56
286 136
491 93
1289 406
444 86
151 56
302 126
429 468
588 66
2226 106
1306 56
565 66
181 436
414 173
437 86
397 87
1306 56
56 218
776 66
470 126
1303 106
913 88
113 928
169 386
549 97
1550 556
370 66
1030 86
1570 93
540 205
321 66
476 126
1926 56
1716 93
756 336
851 137
1670 106
406 56
406 106
256 116
2266 66
769 126
873 93
2286 48
606 66
406 166
1430 71
241 577
501 66
458 66
406 116
417 116
816 123
488 76
445 66
726 56
829 93
291 93
421 66
771 137
506 396
86 316
252 93
406 166
202 894
141 66
558 97
396 106
421 56
471 66
338 66
870 106
480 56
680 76
2396 56
1260 48
387 131
325 136
771 137
471 66
291 66
986 66
343 156
556 466
620 157
391 97
872 61
540 206
186 285
344 76
390 137
1055 66
806 56
1063 449
823 76
455 86
458 406
306 179
345 535
406 96
509 76
706 86
2406 106
338 66
1370 93
2356 106
781 48
771 137
533 61
356 116
784 56
2036 566
341 530
421 66
2292 472
1266 66
471 66
356 116
2241 61
1404 468
868 93
420 336
835 123
252 218
255 383
321 66
745 318
1260 156
448 468
770 126
1416 176
2003 414
325 518
492 558
1752 126
1931 66
155 463
366 66
406 136
470 138
248 66
2382 556
341 93
2106 86
620 157
86 489
1140 76
406 156
455 206
1752 126
872 64
778 56
532 86
1566 66
1068 286
420 126
469 106
2326 556
106 338
1570 406
224 429
2402 576
913 417
568 56
388 66
791 66
1658 86
868 93
86 239
2068 468
829 528
956 66
829 93
86 316
306 179
320 126
839 76
695 93
785 76
393 126
528 56
404 66
333 378
1973 489
620 157
269 66
406 66
306 146
456 66
1508 56
944 61
906 468
391 97
406 156
1030 56
393 889
268 56
659 56
516 414
855 66
875 66
521 66
506 48
1188 66
835 95
620 157
2060 66
818 126
470 106
1550 93
439 366
651 528
716 106
835 93
530 61
696 176
565 93
1390 466
241 93
497 66
540 93
471 66
1172 517
855 126
870 106
511 93
456 66
806 106
937 66
1076 66
330 66
356 558
188 86
558 97
298 66
1371 93
406 116
356 196
163 417
481 93
491 93
860 67
366 66
406 156
1063 449
532 86
448 468
1076 66
521 66
271 56
256 136
690 86
870 106
646 66
2060 66
456 146
169 386
521 66
1091 401
663 66
388 66
86 268
406 156
771 137
600 176
256 126
511 93
356 176
348 403
1788 356
606 336
960 66
406 136
421 66
155 463
378 66
526 66
501 66
399 56
1973 489
816 123
629 148
408 106
252 93
206 66
770 128
356 93
567 93
910 66
346 278
1210 546
811 66
319 258
659 56
668 166
717 126
2266 56
422 398
406 106
185 503
343 156
565 93
2026 66
256 136
1218 76
1380 76
876 86
396 106
470 106
306 106
1970 286
309 137
838 176
456 436
1970 336
406 56
2368 468
467 106
161 450
920 86
511 66
600 176
376 97
364 68
706 86
835 123
756 61
309 137
2236 86
891 66
600 157
978 76
206 56
231 76
508 126
409 251
482 86
370 66
805 56
1788 66
424 136
183 743
406 116
1770 93
736 107
870 86
813 360
559 206
889 406
429 468
781 66
876 106
2070 93
341 530
486 56
855 126
356 116
470 286
396 91
491 93
420 306
309 97
241 66
2067 56
178 620
797 126
858 106
1926 66
1570 406
449 106
2286 48
501 46
406 66
706 86
406 106
256 116
396 106
445 173
422 419
458 86
812 407
606 239
1900 98
860 67
741 56
567 93
906 93
446 151
540 205
181 280
791 66
611 257
1006 126
321 66
919 126
1895 86
611 257
1752 93
393 126
388 66
142 328
906 456
657 146
930 106
1406 93
406 136
2236 86
1210 93
2436 56
446 126
343 156
182 365
758 138
406 106
1030 56
338 56
256 970
445 173
1056 246
343 156
449 93
876 106
743 337
816 616
348 146
1206 93
1356 116
2426 56
320 126
356 116
845 126
396 91
306 126
406 116
390 97
1210 426
406 146
406 156
406 116
256 136
421 66
657 146
306 336
288 66
1701 86
165 553
486 56
781 508
181 436
938 106
1385 76
256 136
1251 61
256 136
516 391
406 156
937 158
1752 336
2151 46
639 48
338 66
2326 126
506 158
256 106
390 137
600 93
481 93
771 137
300 267
778 56
420 86
1406 93
881 781
1448 66
406 136
309 137
872 86
1636 66
491 93
888 126
321 66
2396 56
906 66
406 86
1406 66
482 86
666 86
2005 66
370 86
1020 56
406 116
1146 66
818 558
178 620
710 93
491 93
536 66
1752 126
241 93
182 397
766 93
320 107
406 183
1920 91
639 48
870 93
338 56
2316 56
406 136
539 503
371 66
319 258
1764 66
770 86
392 87
421 66
291 66
558 97
363 172
808 136
538 66
328 238
149 486
241 66
456 436
497 66
348 146
1135 76
501 66
1709 56
767 137
781 536
868 93
356 131
271 93
1371 66
406 166
417 116
1528 86
1688 106
359 87
680 76
629 148
888 126
499 56
806 236
198 323
341 93
2402 56
781 356
406 116
202 894
452 1206
870 106
717 126
1534 48
413 93
1550 93
320 296
839 86
888 307
304 126
306 146
388 106
356 116
2070 93
1131 306
392 87
796 106
990 586
771 137
594 106
1606 66
668 166
346 256
769 66
446 151
341 93
422 126
1752 93
540 206
406 56
700 318
248 66
321 66
851 137
1416 176
1410 126
600 157
511 66
406 136
142 328
449 126
796 56
506 48
906 468
268 56
491 93
788 66
1895 76
268 76
695 56
406 106
421 66
620 93
456 106
870 106
406 126
706 86
