2000
1220 2440
1380 66
616 126
141 431
2286 48
1206 106
600 157
356 66
420 66
756 66
343 156
256 116
1598 246
406 156
417 116
376 97
817 93
1870 76
321 66
456 106
377 56
486 56
523 133
406 126
1908 86
306 146
842 137
540 205
321 66
870 126
585 156
388 72
830 86
306 198
565 66
521 93
990 126
799 76
458 66
870 66
170 567
870 56
406 146
870 126
206 56
523 187
386 121
356 93
2003 414
950 51
781 536
1836 61
471 66
256 179
422 419
523 133
1788 66
406 106
388 106
359 87
721 66
256 136
1752 126
884 66
506 48
283 87
519 56
810 66
806 93
825 86
768 93
761 66
486 56
181 436
391 66
1606 56
456 336
241 66
320 258
406 156
406 156
2070 126
659 56
172 389
826 66
880 66
337 106
937 158
2070 93
356 116
990 66
646 66
406 146
750 148
797 126
316 392
142 328
446 151
521 93
587 56
786 56
695 56
745 126
910 66
266 106
238 76
392 87
1000 93
86 268
761 486
959 66
639 56
406 156
763 76
406 156
870 308
891 66
396 106
696 88
858 86
874 123
404 56
252 246
480 402
616 66
251 93
1382 66
391 97
835 56
2402 576
370 66
2064 86
990 586
386 121
406 56
2406 93
558 97
703 442
370 66
341 93
511 66
2288 66
406 126
706 576
870 126
567 93
486 56
321 93
444 86
695 56
516 137
1895 106
620 93
86 268
108 427
538 66
1260 307
453 398
341 93
396 106
726 96
449 106
496 135
338 66
770 93
706 56
781 93
1546 86
710 196
2402 93
476 126
990 66
636 196
111 395
429 307
252 93
419 86
906 66
764 126
1556 106
523 187
860 67
868 556
758 138
480 86
1030 76
818 66
823 76
182 419
786 56
185 503
1670 106
1406 66
600 176
491 93
818 66
703 442
356 176
588 256
1906 66
491 93
872 61
620 176
491 93
363 172
489 86
356 324
677 68
458 66
781 93
612 257
406 86
388 86
338 66
761 106
666 171
538 66
474 538
696 66
1570 93
904 406
870 126
1506 106
255 383
406 136
663 156
1713 116
251 66
835 123
453 398
471 66
409 76
406 66
491 93
948 126
343 156
316 392
781 66
526 66
421 66
549 97
356 116
439 56
406 156
1314 93
904 406
163 417
655 184
941 56
876 106
491 93
1030 56
388 72
256 136
406 156
784 179
368 86
406 156
420 66
439 56
870 206
188 86
870 106
540 93
341 530
898 278
484 576
910 126
768 93
620 157
391 76
220 93
396 166
1106 61
570 256
309 87
406 106
356 324
370 66
2116 56
2286 48
404 66
366 556
356 106
341 530
1586 56
728 845
855 66
348 403
1000 126
420 336
1586 63
2210 206
565 66
406 186
778 56
422 398
388 66
1906 286
370 356
1881 56
406 56
344 126
406 136
406 126
168 346
663 187
406 106
745 66
283 87
778 56
540 206
491 93
1981 106
746 586
86 268
811 66
600 93
406 126
797 66
491 93
638 93
256 136
1210 546
919 126
620 93
781 48
501 66
511 66
856 126
422 548
766 66
202 894
506 176
419 528
870 86
332 68
1656 56
406 126
870 126
1612 93
2423 93
818 558
2028 66
706 86
1770 336
532 158
449 126
934 198
938 106
823 76
789 137
990 66
343 156
824 66
1398 620
392 87
388 72
808 136
343 156
341 93
646 66
839 86
406 126
1406 56
788 106
491 93
2259 555
1550 93
491 93
456 106
2070 93
396 166
1266 81
872 86
600 157
2005 66
532 158
1498 356
937 66
220 86
387 131
570 237
797 328
789 137
291 66
818 66
842 137
241 66
868 555
990 66
1770 336
620 93
1881 56
611 257
489 98
306 126
892 123
580 56
467 106
406 126
1950 46
2402 93
1881 56
2106 86
2406 106
1002 93
491 93
497 66
1556 386
511 66
2288 48
695 93
1172 517
855 126
806 61
486 56
1006 126
758 72
750 93
151 56
726 56
356 116
530 106
791 66
406 206
835 93
406 56
1370 66
320 258
248 66
531 66
830 56
290 206
256 146
990 66
406 186
406 156
406 106
1306 66
893 356
1836 56
768 93
2286 48
417 116
808 136
448 468
526 66
499 56
953 86
163 417
456 156
406 156
406 136
1500 56
491 93
406 56
785 76
853 385
283 611
2124 306
339 146
2070 126
378 87
891 126
2272 86
808 136
516 66
746 56
1506 241
420 86
330 166
241 66
329 136
1070 61
338 278
860 67
812 407
948 66
447 56
826 66
2006 93
306 198
1895 76
870 576
1030 56
1900 98
670 575
758 106
2106 106
536 66
531 66
1290 576
1701 86
496 61
990 66
407 93
417 116
1040 616
1570 93
838 176
406 156
529 469
241 66
2370 106
356 131
516 391
1870 86
870 106
291 66
409 86
298 66
356 116
891 126
620 93
271 93
1218 76
155 463
517 93
1973 489
2206 56
406 126
447 106
851 137
409 76
516 391
359 87
486 486
406 186
600 157
788 88
491 93
261 66
1326 66
798 453
256 136
1570 93
1215 61
978 76
1103 465
870 126
456 66
341 93
406 106
538 66
256 93
446 151
2326 126
1289 402
291 66
1260 325
620 176
406 106
530 158
791 126
386 121
808 136
406 116
502 66
446 126
491 93
388 66
706 141
881 467
870 106
415 307
798 449
1326 66
306 179
606 56
1155 156
370 197
1210 93
810 506
182 397
1030 56
556 546
1131 188
898 66
876 106
1658 86
1391 106
770 241
2226 106
343 156
746 56
1872 61
2316 56
489 98
788 106
491 93
1020 66
178 620
666 176
868 93
406 156
96 106
446 151
283 87
330 66
799 76
271 56
868 93
344 136
416 186
1728 66
1752 93
321 66
325 136
496 138
1406 93
406 156
396 106
1006 86
256 106
480 793
556 60
891 86
1266 66
830 76
420 66
466 126
570 237
1007 106
406 106
530 158
558 97
406 156
370 66
870 66
805 56
688 56
406 56
745 126
408 556
511 66
851 137
530 61
646 86
148 739
439 56
185 503
1289 402
406 156
703 442
206 66
180 453
771 137
321 66
1470 136
306 93
325 136
736 107
1726 66
261 66
1565 123
745 318
868 93
391 97
1931 66
450 66
808 136
2316 56
420 106
1406 93
486 56
511 93
1450 76
453 398
870 86
710 196
532 86
744 347
424 136
768 93
680 66
855 126
842 137
2070 126
468 66
420 66
666 124
506 396
406 106
938 386
767 137
2382 576
267 106
1995 106
356 116
806 56
646 86
2060 66
870 126
298 66
178 620
404 66
710 196
386 66
816 538
1155 156
445 66
1251 61
268 406
390 86
860 56
808 136
784 56
396 106
406 156
456 436
2060 93
1000 126
1598 246
2196 66
797 66
1506 241
369 204
650 894
1070 106
858 106
540 206
663 506
343 156
179 176
320 258
491 93
781 508
316 66
659 48
870 86
341 93
769 66
960 126
943 76
506 406
703 442
316 392
413 156
528 66
321 93
1656 66
839 86
306 179
906 56
620 93
470 76
421 66
519 56
797 188
1246 406
396 106
406 116
898 106
388 76
256 179
406 166
1006 86
646 66
306 146
1188 66
281 66
186 285
421 66
970 106
445 173
56 506
86 288
818 558
2106 56
2070 556
895 86
957 66
620 176
341 93
1006 86
471 66
882 93
181 280
370 86
320 1150
1758 66
808 136
413 156
1906 66
446 151
1752 126
486 66
457 106
480 402
808 136
491 66
406 156
808 136
970 126
812 203
248 86
491 93
842 137
876 66
785 76
732 137
481 66
1048 106
271 93
325 136
829 93
370 66
422 398
620 106
421 66
321 66
421 66
568 56
441 358
906 93
593 417
1421 106
1210 93
421 66
528 56
1033 93
406 56
781 536
406 156
798 453
570 891
1266 81
2070 93
408 136
806 93
677 68
534 61
928 123
363 172
1870 86
1900 98
436 66
366 66
678 66
491 93
2316 56
491 93
778 486
288 66
1550 436
695 528
990 66
406 106
306 179
656 93
1806 66
421 66
2326 66
56 566
286 136
1002 93
849 126
1036 356
172 469
806 286
291 93
1550 93
202 894
468 66
406 136
406 136
957 66
2316 56
600 157
356 106
1350 76
86 316
695 56
809 86
456 66
549 97
348 146
620 157
1064 46
1755 360
491 93
760 74
769 126
406 146
986 66
506 66
500 66
1788 48
388 76
342 166
366 56
559 206
469 106
460 126
329 76
486 66
2316 56
682 66
811 66
1170 126
882 86
1486 56
486 56
565 358
540 93
2266 66
1770 66
528 66
2026 56
321 66
750 126
406 96
422 126
746 56
161 449
758 146
1895 206
1550 556
306 93
568 206
680 76
720 335
206 287
1788 48
1404 468
406 146
523 133
231 76
2361 46
960 66
271 93
519 56
300 1068
785 76
256 136
1966 576
741 56
708 106
241 66
858 76
1665 86
406 156
791 66
1068 286
600 176
944 61
309 137
538 56
720 308
397 87
491 93
338 146
860 74
1000 93
406 146
388 106
769 66
1616 106
1000 93
455 86
206 66
1135 76
771 137
271 93
446 151
467 106
855 126
2326 93
758 72
183 743
491 66
491 66
746 586
256 136
1172 517
421 66
870 308
329 76
420 308
556 546
202 894
409 76
199 356
1998 86
891 86
1820 66
406 156
1179 76
616 66
808 136
1659 66
186 285
321 66
778 66
902 385
499 56
399 56
406 86
746 556
356 66
1770 66
359 87
182 487
1406 66
248 66
417 116
789 137
620 157
146 466
497 66
812 56
808 136
2131 66
1739 64
406 186
178 620
324 56
302 126
1956 191
256 136
283 87
491 93
870 106
320 258
482 86
839 286
406 86
491 93
568 66
887 203
1391 66
842 137
1377 116
769 56
720 126
390 86
356 106
419 86
646 86
791 66
309 97
506 66
745 66
309 137
2156 61
446 151
2005 66
420 306
1108 57
1218 76
420 267
66 578
199 356
1820 93
356 176
465 156
769 555
1380 66
695 556
333 126
406 116
811 66
1070 61
774 86
990 66
1098 365
921 86
406 156
393 889
333 126
1906 286
769 56
403 66
2091 56
621 378
506 66
203 397
424 136
851 137
491 93
970 567
482 86
863 56
491 93
471 66
458 66
868 93
320 76
456 156
511 66
406 106
2106 106
1863 56
769 126
639 288
802 366
1570 406
392 183
141 431
491 93
1770 66
2321 152
1403 66
406 106
1606 56
981 56
888 66
328 238
1870 76
646 86
620 93
406 91
565 386
306 126
422 398
158 468
1550 93
406 156
165 553
374 126
2382 556
835 123
241 93
789 137
606 66
256 136
406 156
785 76
838 176
630 93
840 66
870 126
338 146
309 137
700 336
406 106
868 556
833 307
306 179
870 66
1326 66
256 136
489 98
808 136
406 146
696 176
2326 93
2216 66
409 286
741 86
406 545
1534 66
1770 93
906 76
682 581
356 116
174 307
808 136
406 56
845 126
1251 61
756 66
516 66
2402 56
558 97
872 61
906 56
1241 131
366 556
367 88
663 506
506 176
849 66
1170 88
420 308
1289 393
343 156
703 288
516 414
220 86
501 66
1191 216
941 66
919 126
536 56
1615 76
1260 346
2091 56
327 96
1566 66
1895 76
370 66
858 86
406 136
835 93
390 137
281 66
356 93
302 126
888 66
2091 66
540 205
206 66
366 458
421 66
66 506
750 730
1970 336
1406 56
306 93
768 93
458 66
308 106
406 86
256 136
805 56
283 87
406 136
580 56
1260 86
366 66
2070 93
565 93
1721 56
491 93
2174 66
487 186
386 106
750 740
849 126
1255 156
770 93
1550 556
960 66
2021 66
818 586
393 126
910 126
458 66
501 93
2101 66
455 528
771 137
406 156
853 428
2404 906
833 309
396 106
695 556
2046 56
920 76
178 620
183 397
421 66
540 205
391 66
406 56
1871 66
806 93
356 106
667 536
286 156
406 126
406 156
902 358
606 586
761 106
306 146
1770 66
248 66
696 56
343 156
808 136
975 86
770 356
1091 66
829 556
1556 93
1410 126
402 126
733 620
497 66
370 255
737 66
856 126
1786 56
456 106
1966 206
325 136
421 66
369 204
456 106
970 66
174 307
174 76
726 134
501 66
248 66
777 203
181 280
774 179
491 93
2126 546
348 403
769 66
538 66
202 894
756 61
286 56
521 93
497 66
796 186
868 93
471 66
788 66
745 93
2286 48
1441 66
406 106
1836 56
2006 93
1900 98
777 203
2371 66
849 126
978 76
1550 93
405 162
1701 86
370 66
414 173
1895 106
325 136
406 146
802 93
491 93
320 56
681 106
906 66
356 66
1870 86
920 86
393 126
320 258
286 156
396 106
960 66
2208 66
420 93
1970 156
1648 93
845 126
185 503
346 126
1356 86
163 353
2326 556
767 68
1326 66
769 265
2190 406
770 296
406 156
348 403
330 66
931 306
696 176
710 93
948 126
781 1170
789 66
927 556
568 56
1055 353
370 66
391 66
391 97
486 56
2406 93
511 93
808 136
1355 66
1895 76
320 126
640 87
1966 56
238 76
406 183
1290 93
600 157
811 66
251 66
774 86
406 156
456 156
202 894
491 93
256 136
306 146
842 137
456 146
532 86
185 503
241 66
2206 56
1000 528
359 87
835 123
887 203
990 66
325 136
646 86
2301 186
1289 393
467 163
1598 246
445 66
860 74
1448 66
1170 88
2106 56
320 86
616 86
2402 56
182 397
420 308
406 136
906 66
2026 56
1063 76
1520 76
406 156
1570 93
486 56
150 56
413 106
86 489
1406 66
811 56
422 398
1135 76
1391 406
620 176
1314 93
294 156
553 433
2156 61
620 157
2288 66
344 126
2288 48
981 66
491 93
721 356
406 156
497 66
441 66
948 428
2156 61
1056 61
774 179
356 116
321 66
224 429
396 166
165 553
506 396
297 56
476 126
421 66
320 258
538 66
321 66
1391 106
1255 74
768 556
441 358
406 156
458 406
1570 93
491 93
247 93
780 197
540 93
406 116
467 106
1063 449
1508 56
261 66
506 176
1390 98
2346 66
1406 66
620 157
343 156
721 66
1419 56
606 56
458 66
387 131
540 205
183 397
710 93
769 86
516 137
784 179
140 537
568 66
2272 91
1752 93
843 187
1068 286
201 86
540 205
356 116
1636 116
256 126
391 66
1418 66
1806 66
657 146
896 203
1002 93
677 68
497 66
2104 705
769 486
1770 93
620 93
2402 93
406 56
803 383
148 739
446 151
406 96
155 463
220 86
1210 426
600 157
96 106
406 126
1290 576
386 66
386 121
781 93
486 438
347 66
849 66
241 66
741 61
1055 126
2241 61
448 468
1188 66
426 93
2005 66
470 106
458 406
330 166
783 179
384 456
491 93
824 106
718 196
835 95
502 66
809 86
908 86
1290 93
812 421
774 179
1260 66
406 186
306 93
990 126
148 535
2161 56
306 179
406 156
888 66
458 66
668 166
2402 93
888 336
405 162
356 558
106 106
106 106
700 136
732 137
326 66
784 179
163 417
893 66
304 126
1808 346
421 66
456 146
620 93
620 157
305 56
770 93
420 86
1210 545
846 66
710 196
521 93
1670 106
769 265
356 116
536 66
421 66
291 66
500 66
2286 48
1076 66
758 106
1387 66
1570 93
620 157
1402 86
1131 188
486 56
788 66
880 66
783 68
776 76
568 66
511 66
325 136
1246 406
808 136
491 93
392 183
1403 66
565 126
438 406
876 86
920 86
486 66
855 126
486 66
1755 430
186 285
158 468
818 586
456 121
471 66
306 106
203 397
406 156
368 86
319 258
309 137
406 93
629 148
359 87
538 66
594 106
1770 66
238 76
656 196
320 296
406 116
682 76
511 66
1826 66
178 115
556 60
456 146
456 121
470 66
805 56
813 360
892 123
456 121
388 66
415 66
403 163
446 151
2216 336
806 93
406 183
890 66
1606 66
420 106
371 126
487 86
1426 64
448 468
1593 106
388 106
1290 576
406 91
491 93
895 86
328 256
406 166
1390 98
406 136
568 56
2286 48
1290 93
2226 556
182 338
817 93
766 93
406 126
319 258
663 66
406 156
344 126
306 146
629 356
406 106
241 66
788 66
324 528
981 66
889 406
487 186
509 76
1155 156
2036 566
155 463
405 162
606 566
1598 246
596 187
486 56
534 61
491 93
296 156
206 56
796 124
836 66
388 66
978 76
497 66
383 277
612 257
1170 66
491 93
771 162
855 126
1659 398
747 318
646 66
255 383
321 66
876 86
441 66
231 76
959 66
1550 93
2241 106
740 86
659 56
444 137
2056 93
1966 206
343 156
155 463
306 146
2382 556
406 106
626 126
491 93
471 93
391 97
874 123
778 66
2012 151
181 280
392 87
2439 93
406 156
1586 56
232 824
178 620
511 66
489 98
2216 95
766 66
2326 126
356 176
446 151
406 156
491 93
1870 76
388 72
309 137
202 894
378 87
321 66
516 306
869 86
1416 176
421 66
392 87
1755 360
611 257
465 156
682 76
470 106
1910 66
1289 402
1570 93
646 586
268 56
407 93
470 126
2106 56
538 66
280 93
501 66
271 93
528 86
1770 336
1701 86
620 157
710 66
470 106
835 93
422 398
181 436
491 93
354 121
371 126
363 172
420 66
719 172
391 66
406 106
449 106
1701 86
290 187
420 267
611 257
756 66
486 486
220 86
491 93
288 66
829 93
306 336
737 126
1966 206
399 56
1210 126
406 116
388 76
248 66
1615 76
497 66
1788 48
856 156
446 126
870 106
1506 342
491 93
966 106
681 106
1406 66
202 894
768 126
978 76
600 157
888 307
486 56
501 66
406 116
1146 66
1806 66
388 66
330 66
1546 86
456 66
934 76
356 176
747 318
806 93
843 187
784 179
438 406
366 66
829 93
392 183
251 66
511 66
870 126
948 126
406 116
406 126
501 46
960 66
1606 106
816 183
447 106
1179 76
771 137
808 136
456 121
2170 142
941 56
338 76
789 137
421 66
420 93
849 66
406 116
397 87
1556 66
558 97
606 66
556 546
511 66
366 66
809 86
2288 48
1000 93
937 66
339 146
421 66
271 93
682 66
761 93
516 391
476 126
2086 66
338 66
422 126
2292 346
406 146
758 72
990 56
106 338
558 97
409 86
543 416
540 205
1659 66
356 206
388 72
668 166
768 93
491 93
406 96
406 106
908 61
421 66
1946 66
339 66
428 96
891 66
783 308
186 285
1526 606
320 258
406 186
824 66
888 307
359 87
516 66
2176 106
2070 93
491 93
286 136
2316 56
1416 106
406 126
406 156
1615 76
1340 256
392 87
745 318
1356 116
1802 76
491 93
540 206
406 106
1666 46
1241 131
439 56
816 183
1570 93
1416 176
1806 66
453 398
413 106
593 417
1666 46
182 397
106 106
778 56
636 196
2044 106
870 86
891 66
338 66
