2000
1220 2440
491 93
491 93
167 308
1179 76
913 417
446 151
891 86
1030 56
2326 126
409 86
420 336
248 66
839 86
406 116
386 121
1215 106
458 66
524 173
770 66
232 824
523 187
528 66
309 237
2406 66
775 166
764 126
406 66
770 66
371 66
806 286
2286 48
839 86
910 66
403 163
1326 66
499 56
174 76
491 66
206 66
1270 66
656 256
491 93
868 126
2316 56
123 918
2406 88
2406 106
491 93
2406 86
816 183
491 93
421 66
893 356
445 126
870 126
1946 66
506 176
399 56
419 86
161 449
1665 86
1055 381
2071 46
777 203
341 93
449 106
406 156
639 288
406 106
406 126
1802 76
356 176
538 66
1241 131
1906 286
810 66
172 389
921 86
769 126
508 86
491 93
393 86
320 76
1506 342
600 157
445 66
324 528
288 66
1076 66
406 146
406 156
844 123
781 93
895 86
320 86
808 136
388 72
1388 66
774 179
438 406
808 136
849 126
763 76
406 106
891 66
491 66
811 66
1402 86
1666 86
809 106
506 66
420 86
393 126
356 116
356 324
746 86
324 528
413 93
420 106
456 106
178 620
161 450
776 76
420 126
835 93
670 575
471 66
446 126
521 93
491 93
302 126
1146 66
326 66
1566 66
521 93
2070 126
2156 60
108 427
450 56
1406 93
2056 93
66 802
491 93
1063 76
306 93
241 93
256 136
1737 56
732 137
468 66
806 106
952 106
417 116
887 203
990 56
1441 66
1418 66
86 239
338 56
1179 76
241 93
695 56
497 66
1570 93
1863 56
421 66
781 93
729 86
710 196
256 116
406 116
182 403
771 137
406 86
491 93
812 56
409 76
888 307
396 166
1385 76
441 66
606 239
306 126
1688 106
898 66
380 76
375 66
396 166
486 56
487 186
378 87
1289 393
508 126
771 137
1895 76
446 151
354 121
389 87
446 151
456 121
540 206
849 126
558 97
516 391
489 98
1063 76
456 66
406 86
538 66
767 137
570 66
1410 106
870 93
838 176
1770 66
1406 93
781 66
321 66
870 66
606 86
178 620
2070 93
343 156
695 56
256 146
2005 66
1385 86
406 156
413 156
356 106
202 894
511 93
447 106
690 86
1385 76
378 225
823 76
258 106
441 66
678 66
389 87
2070 93
767 68
1056 66
231 76
406 116
696 176
898 106
1170 66
470 286
2348 536
1210 546
906 66
656 256
798 453
304 126
2301 66
520 517
769 56
1962 61
501 46
415 66
341 93
680 66
1582 86
806 236
906 468
420 66
1550 93
876 86
666 146
421 66
391 97
720 336
511 66
388 66
771 137
391 97
288 56
990 66
392 87
580 56
1870 76
391 97
396 166
252 218
406 166
937 66
406 93
1404 468
829 93
1426 64
341 93
123 936
990 66
530 406
806 93
950 106
921 86
756 56
763 76
203 397
338 56
860 74
927 256
486 486
304 126
506 106
429 468
1526 88
869 86
1260 48
678 66
686 203
1770 93
521 66
549 97
1534 48
506 48
511 66
696 56
1241 131
396 106
183 743
2055 66
521 66
388 66
206 56
1416 176
1688 106
620 157
1946 66
469 106
499 56
446 151
990 66
470 286
743 86
769 66
1612 93
620 93
768 126
2068 468
406 156
769 486
316 66
796 186
438 406
2356 106
338 146
509 76
470 138
2406 93
758 146
1260 156
594 66
750 148
620 157
465 156
868 93
406 183
1818 86
1007 86
270 98
406 106
291 278
695 93
511 66
910 126
2011 556
1306 66
2012 151
309 137
286 156
760 56
438 406
371 66
470 106
910 126
1500 56
797 66
2406 56
785 76
436 66
826 66
429 307
868 93
336 197
2106 306
809 86
770 128
1870 86
474 457
421 66
2382 576
547 56
776 66
1104 576
870 336
404 486
1002 93
868 556
835 123
458 406
420 93
620 157
1582 86
663 506
343 156
86 489
718 196
788 66
516 137
341 93
845 126
549 97
226 196
2060 93
417 116
1000 126
496 138
446 151
348 403
769 66
406 126
424 136
2070 93
406 146
573 326
540 205
768 555
682 581
417 116
325 136
600 93
420 126
241 66
1450 76
78 338
338 66
342 166
366 66
740 86
406 96
2226 556
399 56
456 106
271 93
343 156
1028 421
706 86
302 126
1000 126
406 146
406 156
1388 66
808 136
1391 106
706 206
456 146
343 156
549 97
458 86
797 66
796 95
386 66
86 489
774 86
810 66
491 93
2436 56
248 66
2005 66
474 61
540 206
2190 86
928 123
338 66
506 66
420 66
889 406
290 187
872 61
406 106
378 87
839 76
1895 86
708 106
769 66
474 457
1658 86
420 106
139 413
406 106
696 196
491 93
1356 306
1255 74
891 66
268 76
898 106
829 93
406 126
424 136
406 106
406 156
906 76
366 486
455 86
344 76
256 136
206 66
354 121
2426 56
629 148
2162 106
1350 76
456 156
758 106
2316 56
356 116
248 66
646 66
458 86
1876 106
839 76
151 56
406 156
1956 191
491 93
2316 56
406 156
696 56
796 95
826 66
1872 61
286 136
888 66
523 133
817 93
1203 66
256 136
630 93
888 307
960 66
231 76
570 891
586 106
906 66
406 96
406 156
2382 556
959 66
530 158
254 76
406 106
1402 86
868 93
470 66
746 556
620 157
406 56
406 126
1055 381
758 138
421 66
325 518
1270 66
439 56
388 72
86 288
406 146
580 56
252 218
491 93
2402 576
2006 93
256 126
465 156
830 76
1752 93
781 93
531 66
392 87
888 336
868 126
565 93
1326 66
304 126
540 205
1733 66
306 146
1390 466
2402 56
797 126
896 203
406 106
496 61
796 106
948 126
370 176
420 308
356 131
470 106
467 106
808 187
388 72
172 389
2326 556
1944 91
354 121
797 188
406 156
142 328
480 86
1380 66
1030 56
452 1206
2348 66
1326 66
403 66
818 126
931 306
306 106
768 555
251 93
417 116
1098 365
695 93
491 93
232 824
491 93
1410 126
860 56
158 468
678 66
338 66
2286 48
896 203
491 93
449 126
868 93
670 575
421 66
309 137
506 76
123 936
456 66
758 72
2292 427
445 576
888 86
600 157
2266 66
291 66
393 889
501 66
562 66
2316 56
445 126
1900 116
666 171
268 56
446 151
1733 66
540 93
797 66
202 894
1006 86
489 98
2326 93
1033 93
271 93
808 136
729 86
420 106
803 170
1426 64
516 391
482 86
330 166
491 66
444 137
620 93
770 86
406 206
444 97
745 66
860 74
356 196
789 66
516 306
870 126
248 66
66 578
511 66
721 356
139 413
1188 66
441 66
424 136
420 66
480 452
388 72
180 453
406 156
1000 93
882 86
1260 307
741 61
390 86
202 894
1766 106
868 126
422 398
570 237
2176 106
241 66
786 56
286 156
870 93
567 93
2064 86
528 66
920 86
304 126
656 196
768 93
1555 372
1030 56
481 93
339 68
570 237
458 66
306 146
186 285
309 137
1758 76
562 66
178 115
880 66
406 126
486 66
891 126
1350 76
406 56
497 66
1973 489
202 894
975 86
788 106
540 205
386 121
919 556
781 508
406 56
406 106
626 126
812 407
456 66
538 66
294 66
286 156
491 93
486 56
325 136
568 206
421 66
66 802
2210 206
406 156
812 421
695 528
444 137
139 413
870 126
808 136
990 66
556 66
271 93
2326 93
568 66
330 66
371 66
388 72
521 93
870 106
870 126
469 106
913 417
413 156
202 894
1520 76
739 285
1140 76
336 197
842 137
784 179
680 76
420 86
489 86
406 66
1382 66
823 76
2266 56
286 156
256 116
540 205
1170 66
781 556
304 126
706 206
491 66
259 377
181 280
990 586
666 420
256 136
388 72
1135 76
796 106
849 66
2213 66
1788 66
388 76
391 66
720 126
670 238
766 93
678 66
470 287
306 179
1293 56
620 157
356 116
306 179
393 126
509 76
710 93
226 196
2190 406
750 138
182 403
320 76
491 93
96 106
836 66
366 66
396 106
565 66
406 166
291 66
406 146
924 66
1520 76
516 66
1391 106
906 93
406 106
309 97
271 93
920 76
937 66
1953 86
797 188
1973 489
1188 66
875 66
855 126
2286 48
959 106
745 66
1872 61
612 68
565 93
695 93
506 106
343 156
812 421
256 136
921 86
629 356
558 97
2146 66
348 146
370 86
789 126
620 93
970 126
811 56
1570 93
86 268
860 67
291 278
421 66
367 86
668 166
471 66
467 163
666 86
797 328
339 68
760 156
203 397
369 204
402 173
359 87
868 126
2176 106
829 556
371 126
338 66
456 106
511 66
528 66
231 76
377 56
458 66
406 56
449 93
306 106
391 97
1063 449
2070 93
717 66
256 136
455 86
256 116
884 66
771 162
491 93
1966 56
2206 51
255 383
429 307
870 106
390 86
2406 93
106 106
540 205
509 76
758 72
2005 66
811 66
2005 66
420 278
528 66
370 66
409 86
771 162
333 126
497 66
491 66
491 93
368 86
113 928
1063 449
1703 66
456 121
556 60
769 66
391 97
491 93
330 66
1430 64
491 93
785 76
271 93
406 126
447 56
340 93
491 66
1350 76
268 56
420 286
549 97
528 56
1040 616
486 56
511 66
888 336
388 76
356 116
406 126
506 106
336 197
870 66
781 93
806 93
444 137
290 206
539 503
420 93
172 363
306 126
1418 96
778 66
888 126
884 66
366 56
290 187
370 66
898 66
611 257
990 66
269 66
769 486
256 146
1570 93
1770 1010
420 267
2321 152
730 217
768 126
343 156
1606 56
341 93
2190 86
1030 76
620 176
745 126
663 66
366 56
291 278
330 436
2402 56
696 176
306 146
687 184
606 336
870 126
491 66
356 116
769 265
447 56
306 106
403 163
406 106
406 126
1752 93
663 156
476 126
1418 66
491 66
606 566
526 66
764 126
906 66
1063 453
96 276
959 106
892 123
271 66
880 66
1406 93
439 66
2005 66
778 56
395 93
1221 56
906 93
338 66
491 93
769 66
444 137
2116 56
341 93
396 106
830 56
397 87
429 468
1406 93
928 123
528 66
497 66
491 93
796 176
476 126
1866 61
1131 188
511 66
421 66
2126 546
1290 93
256 136
1970 286
172 363
2005 66
261 66
906 56
447 106
600 93
1406 93
356 93
913 417
449 556
523 187
888 66
1758 76
259 377
471 66
366 556
420 66
181 280
446 151
142 328
990 586
780 197
962 126
501 66
528 66
1206 106
491 93
663 187
892 123
256 116
1764 66
291 66
538 66
1063 449
450 66
429 468
185 503
2079 66
297 56
86 268
206 66
238 76
302 126
1258 106
391 66
406 156
721 66
511 93
486 66
148 534
422 398
826 66
480 402
908 86
783 308
343 156
1098 365
491 93
341 93
931 93
770 128
702 353
174 545
808 136
1910 66
470 106
320 136
808 136
2266 66
392 87
391 66
511 93
829 93
529 469
1266 66
444 137
390 86
1390 98
271 93
343 156
306 93
668 166
370 66
611 257
1441 66
818 558
309 137
612 257
406 56
491 93
870 86
406 126
491 93
491 93
1606 106
881 356
252 93
745 66
880 66
149 486
621 378
390 137
131 1163
406 156
406 116
540 206
720 308
1416 106
491 93
835 95
486 438
420 93
399 56
271 66
2326 768
491 66
2121 56
629 148
943 76
1126 56
321 66
271 66
321 66
659 48
758 138
406 106
774 179
406 156
256 116
835 123
308 106
371 536
868 126
1000 93
325 136
407 93
348 403
291 66
657 146
808 136
418 66
663 126
491 93
844 123
872 86
803 106
320 126
640 87
406 56
300 267
2005 66
741 91
1659 398
620 93
327 96
851 137
1733 86
1260 66
2402 93
540 206
1091 66
482 86
706 66
695 93
428 96
540 205
870 336
2241 61
960 126
406 156
1441 66
163 417
404 66
480 402
791 126
789 137
445 66
392 87
756 556
2382 576
565 93
325 136
491 93
86 489
1404 468
1895 76
758 72
1289 406
880 66
593 417
324 218
1570 93
838 176
231 76
430 421
1326 66
420 66
106 106
338 66
486 56
1788 66
774 86
406 106
1752 126
1900 98
481 93
1872 61
370 197
870 106
1636 61
350 179
845 126
1752 93
806 93
182 403
2016 151
937 66
420 66
1385 86
359 87
161 449
747 318
423 310
1055 66
1276 166
516 584
736 107
1598 246
1565 123
870 93
501 66
255 383
1651 66
338 146
908 61
393 126
1536 66
750 126
405 162
163 417
1293 86
486 56
338 56
396 91
944 61
506 66
778 66
1755 430
1064 46
1380 66
620 176
296 156
534 61
286 156
568 66
375 66
1546 414
875 465
536 66
391 97
178 115
835 56
1131 286
420 86
718 66
621 378
811 66
136 185
470 106
441 66
990 126
1906 286
594 66
321 66
530 158
808 136
1733 106
420 66
406 156
2382 556
2190 86
682 76
421 66
356 176
758 138
518 56
1966 576
747 328
341 93
1419 56
549 97
696 88
406 106
1131 188
231 76
1616 106
2016 151
319 294
449 126
600 93
375 527
913 88
1290 576
158 285
370 66
746 586
1716 93
366 56
371 66
1006 126
406 56
506 396
446 151
422 398
457 106
320 258
406 156
995 307
855 66
406 116
446 151
1895 76
291 278
291 66
870 126
424 136
2241 106
329 136
406 106
516 66
470 66
1512 66
406 56
406 156
521 66
990 558
398 93
261 66
2286 48
784 179
1820 66
486 486
1582 86
829 93
378 66
990 66
251 66
532 158
421 66
663 66
844 123
446 151
1070 61
420 278
306 179
1056 106
406 326
783 68
406 116
291 93
892 123
663 187
600 157
1179 66
636 196
570 256
406 106
396 106
241 66
1659 398
436 286
305 56
706 576
1906 66
497 66
1041 56
1556 93
1306 66
600 157
824 106
2436 106
422 398
1356 306
1555 372
1802 76
788 66
256 288
421 66
406 116
2286 48
406 93
1170 126
908 61
256 136
1406 66
1020 66
386 121
220 66
1406 93
158 305
300 1068
420 306
406 126
406 126
517 93
663 187
829 93
659 56
600 93
739 285
356 116
803 170
456 106
745 93
268 86
2316 56
778 486
406 156
990 126
506 176
826 66
379 225
408 136
808 136
594 106
768 556
870 93
446 126
374 126
406 156
959 106
828 93
420 267
271 93
888 576
281 66
824 66
720 336
586 106
489 98
396 91
155 463
406 146
553 165
549 97
676 106
682 76
470 287
839 76
839 86
241 66
2116 56
343 156
726 66
291 66
798 453
256 136
758 146
291 66
491 93
396 166
404 56
447 106
881 467
910 576
456 336
325 136
406 186
919 528
789 66
913 417
747 318
241 66
429 307
1210 545
874 123
86 352
639 56
509 76
1380 76
531 66
486 56
337 126
220 86
486 56
741 56
856 126
1500 56
2206 56
2266 66
324 218
2316 56
1077 86
1688 106
2382 556
470 66
356 116
406 156
306 179
431 66
570 86
302 126
746 56
750 768
502 66
950 106
489 98
969 56
406 146
446 151
271 93
320 258
1758 76
343 156
975 86
2067 56
1598 106
397 87
491 93
491 93
758 146
606 336
422 126
406 206
716 90
606 586
181 436
198 323
181 280
1290 93
811 66
421 66
414 173
880 66
530 158
136 185
402 126
778 66
948 246
470 286
496 61
388 72
406 156
686 203
680 66
1416 176
271 56
141 66
279 68
1843 575
1172 517
111 395
429 468
2286 48
486 56
186 285
639 56
781 1170
506 66
391 97
1126 56
1993 66
470 66
333 378
875 126
491 93
2068 468
420 566
178 620
884 370
538 66
1210 93
396 106
696 88
406 136
477 126
776 76
386 121
1820 93
123 66
2406 93
406 156
458 66
2326 66
540 205
1806 66
860 74
810 66
710 93
66 536
781 508
422 419
2216 336
1733 66
1920 91
1570 93
540 93
1550 93
797 126
1418 66
703 288
470 286
338 56
1355 66
695 56
186 285
356 236
390 137
256 116
874 123
695 93
600 157
406 106
406 156
620 176
482 86
990 586
884 66
1953 86
201 86
406 156
406 106
516 391
898 106
1055 66
406 116
1788 66
182 487
2161 66
1788 66
408 106
656 126
422 419
155 463
2012 151
439 56
291 66
359 87
921 86
868 93
809 86
975 86
390 86
497 66
750 768
990 66
386 86
298 66
489 86
600 157
1534 48
354 121
568 56
359 87
521 66
306 146
2406 93
1470 106
1179 76
406 106
1565 123
713 86
1088 326
1402 86
388 72
178 620
421 66
811 66
516 414
458 66
2066 506
876 106
726 66
1131 188
406 106
2026 66
491 93
606 66
768 93
656 196
1006 86
424 136
870 106
406 156
1508 56
456 146
818 126
1556 586
421 66
777 203
429 468
806 161
1041 56
268 76
2106 106
2382 556
359 87
424 136
181 280
320 136
1555 372
341 93
338 146
406 146
406 156
1731 66
716 106
330 66
1416 176
769 486
388 72
383 277
721 66
646 86
2406 66
356 93
386 66
406 106
181 280
170 226
186 285
170 196
344 126
406 136
348 403
420 66
456 156
506 158
2151 46
1251 347
746 556
2402 56
482 86
290 187
906 56
2106 56
981 76
501 66
870 106
2382 556
283 87
1872 61
406 136
2348 66
1206 48
540 93
271 93
96 106
770 556
406 136
971 126
406 106
421 66
859 126
256 146
506 61
406 86
934 198
406 106
1910 66
838 176
726 96
256 126
990 66
178 620
930 106
450 66
486 56
1818 86
424 136
344 76
745 66
123 936
406 156
420 306
420 93
168 346
406 156
391 97
528 56
556 546
1201 66
261 66
398 93
482 86
1266 81
838 176
354 121
1406 66
768 556
491 66
391 97
406 56
540 206
256 126
343 156
388 72
441 66
419 86
1836 61
511 66
297 56
163 417
1726 66
2012 151
2006 88
406 106
446 151
799 76
343 156
248 66
718 196
2162 106
870 336
839 86
1131 306
341 93
957 66
409 76
422 398
530 406
930 86
630 93
840 66
446 126
568 66
497 66
446 151
1636 366
406 156
406 106
2190 406
406 156
870 106
646 586
1066 336
666 424
818 66
600 93
521 66
835 93
406 186
356 93
286 136
835 93
291 278
1210 546
406 136
220 66
740 106
732 137
629 356
910 66
338 66
888 66
420 66
818 66
501 66
408 556
56 218
521 66
812 203
744 347
1570 93
420 306
406 156
371 126
719 172
497 66
806 56
2382 556
812 56
2006 93
666 86
471 66
306 146
470 76
2011 66
538 66
1306 66
771 137
943 76
309 87
1733 66
585 156
1260 156
123 66
339 66
267 106
396 106
1382 76
1498 820
486 56
316 392
806 93
781 66
1701 86
377 56
437 528
769 265
1550 420
170 567
406 156
539 503
1570 93
769 126
769 486
470 258
695 556
770 126
710 196
1188 66
745 66
856 126
