2000
1220 2440
491 93
471 66
835 528
491 93
657 146
309 137
1416 176
540 205
785 76
586 106
291 66
406 136
491 66
388 72
1355 66
939 86
656 126
530 106
931 306
845 126
404 56
860 156
123 918
356 176
1656 56
769 66
1006 86
1498 820
1030 336
829 93
185 503
845 126
990 66
1550 556
108 427
540 205
1895 86
2288 48
406 116
695 56
889 406
499 56
1966 576
456 436
453 398
370 106
320 76
452 86
430 421
784 179
975 86
808 136
530 158
860 156
805 56
113 427
860 67
370 255
811 66
172 469
558 97
835 56
1236 306
406 156
158 305
356 116
1416 176
990 66
756 56
696 176
420 308
406 106
158 285
600 157
868 93
343 156
2012 151
1290 576
406 126
1956 66
508 126
306 93
306 146
1170 66
540 206
1441 66
482 86
769 56
406 106
1962 61
682 581
716 106
320 258
880 66
508 126
469 106
830 86
805 56
768 556
990 586
769 66
1170 66
456 146
2292 472
298 66
1000 93
990 66
778 66
526 66
348 146
111 395
420 93
366 66
808 136
2044 106
1010 307
422 126
491 93
320 258
811 66
348 403
386 121
186 285
139 413
356 116
437 528
981 56
870 93
516 414
808 136
406 156
220 86
496 76
446 151
1382 66
2406 56
781 66
640 56
406 126
1179 76
816 183
860 67
406 156
921 86
758 146
406 106
2026 66
406 156
558 97
859 86
252 93
406 156
396 106
812 203
887 203
402 173
316 66
1836 56
256 136
1340 310
406 116
326 66
1376 256
720 308
406 106
455 86
386 121
391 97
2005 66
414 76
906 66
354 121
1470 136
148 535
845 126
558 97
338 76
446 151
532 86
1370 93
835 93
406 96
1270 66
471 66
667 536
391 66
1210 545
320 76
456 156
220 66
829 93
168 353
2370 106
881 781
1802 76
1752 126
169 386
446 151
511 66
325 136
406 156
356 236
406 106
769 66
506 176
570 66
2064 86
606 586
86 489
786 56
835 93
396 106
406 156
406 156
480 452
496 92
441 66
565 126
2070 126
2348 536
1966 206
421 66
241 93
326 66
417 116
491 93
1385 86
402 173
870 548
289 1172
241 66
624 175
511 66
445 86
882 86
294 156
990 56
202 894
517 93
891 66
406 156
350 179
1826 66
320 296
458 66
830 86
409 251
2406 93
656 126
420 86
720 126
811 66
838 176
1000 126
180 453
785 76
429 468
1570 406
491 93
842 137
1091 66
1390 98
2259 555
406 136
406 146
1506 106
1500 56
1550 436
741 86
445 173
396 91
2170 142
2016 151
928 123
396 106
456 106
306 106
2206 56
371 126
384 456
326 66
1895 76
241 66
981 66
1656 66
1131 188
896 203
406 166
413 156
1076 66
523 133
2026 56
870 126
703 288
746 56
340 93
906 93
1820 66
341 93
562 66
696 156
220 66
874 123
2012 151
491 93
769 56
565 358
908 61
325 518
406 116
1731 66
356 176
480 452
695 93
2292 472
888 66
2326 126
413 156
406 126
342 166
780 197
913 417
378 87
1260 156
471 93
165 553
1288 86
741 56
406 156
320 258
888 126
388 66
1260 86
341 93
343 156
406 136
2005 66
620 157
791 126
1030 56
1007 106
806 93
486 56
1326 66
406 91
396 106
853 76
710 196
1406 66
86 316
491 93
309 137
1266 66
835 93
639 48
396 106
690 86
446 151
1002 93
797 216
666 86
202 894
1419 56
420 86
870 106
422 548
743 337
839 86
202 894
356 66
251 66
1665 56
281 66
2206 576
489 86
165 553
695 93
791 126
732 137
338 66
268 406
306 93
371 126
528 66
256 146
1382 66
271 93
2382 556
676 106
808 187
343 156
446 126
791 126
1241 131
558 97
990 66
547 56
710 93
928 123
2292 346
594 66
406 106
892 123
688 66
898 106
620 93
1746 66
758 106
876 86
2406 86
1210 406
1895 86
286 56
491 93
251 66
471 66
919 93
2408 56
341 93
1550 436
844 123
388 106
600 157
835 93
158 468
1402 86
388 106
1218 76
456 106
1419 56
256 136
2208 66
808 136
892 123
56 506
455 206
1555 372
422 126
835 93
1241 131
558 97
710 66
1260 66
828 126
717 66
291 66
663 506
797 188
456 106
870 93
471 66
2402 56
450 56
2116 61
491 93
920 76
2190 406
1033 93
516 414
396 166
1221 56
330 436
343 156
2161 56
2091 66
830 433
819 66
1770 66
424 136
417 116
547 56
880 66
2326 126
501 66
182 338
2005 66
1380 66
855 66
663 66
990 66
399 56
1872 106
1646 406
856 356
359 87
770 93
1556 93
770 86
786 56
439 56
406 156
286 136
870 126
855 126
406 156
2371 66
870 106
231 76
256 136
990 66
486 56
388 106
797 66
441 66
741 61
318 508
499 56
452 86
1608 106
906 66
656 196
799 76
621 378
960 566
565 66
348 146
449 528
870 106
325 136
1406 66
906 468
326 66
948 61
328 307
421 66
261 66
491 93
406 96
491 66
406 186
368 86
449 106
1210 546
420 126
570 66
860 56
549 97
1820 93
420 93
2070 93
528 66
170 567
2326 93
320 107
123 66
521 66
480 793
823 76
501 66
386 121
406 126
241 93
186 285
518 66
1906 106
441 66
562 66
1416 106
406 116
656 196
811 66
1508 56
2406 66
2068 468
501 66
616 66
2406 93
406 156
271 93
1770 93
511 93
492 558
769 486
370 197
1908 86
1210 545
870 86
636 196
620 157
1665 86
1155 156
308 106
458 66
756 556
1260 48
391 97
386 121
1306 64
406 206
181 280
338 146
396 91
659 56
466 126
406 106
406 136
406 156
486 486
1356 306
406 156
270 106
543 435
1143 198
417 116
1870 76
392 183
325 136
366 458
341 93
406 156
990 66
406 136
456 66
769 56
406 106
1025 453
306 166
486 56
458 86
2156 60
797 126
320 258
470 126
888 126
406 86
343 156
456 146
750 768
2406 88
2382 556
700 136
519 56
842 137
639 48
2190 406
828 93
1890 61
356 206
809 86
178 620
1000 93
1970 336
180 453
338 146
1486 56
408 136
774 179
409 86
872 66
402 173
758 146
626 126
341 93
830 433
156 788
906 356
542 86
406 116
406 56
1076 66
430 421
420 306
306 93
1752 93
241 66
341 93
1770 66
1550 93
1426 71
486 56
1382 76
655 66
783 179
480 402
620 93
1550 93
496 76
489 98
388 86
2121 56
408 136
770 86
1167 76
680 581
849 66
150 56
252 246
406 126
497 66
377 56
521 66
406 186
404 66
439 66
306 146
306 126
2026 56
321 66
1718 625
570 256
416 76
406 206
1826 66
1881 56
371 126
805 56
639 56
682 581
663 66
538 66
371 66
620 157
842 137
891 256
540 206
2406 93
231 76
406 146
163 417
448 468
445 66
306 93
393 889
920 76
1713 116
206 66
717 66
796 106
256 136
769 126
398 93
321 66
1236 306
291 278
1055 66
657 146
424 136
876 106
906 66
802 93
123 918
1659 66
491 93
942 86
389 87
406 106
870 106
481 93
809 61
468 66
1070 61
406 136
406 156
538 56
247 93
531 66
761 93
549 97
769 126
1385 86
891 126
1713 116
1733 86
2426 56
769 66
446 151
990 126
556 546
1387 66
178 620
471 66
1953 86
406 136
406 66
580 76
771 137
406 126
291 66
421 66
1636 366
377 56
1326 66
316 392
539 503
66 802
256 136
1008 46
406 156
565 126
2068 468
261 66
320 126
1290 93
905 198
868 126
388 72
810 66
185 503
1306 66
1606 426
406 186
745 66
256 136
888 548
756 88
256 116
415 66
1066 336
785 66
1950 46
1296 166
309 137
339 68
809 86
2190 86
791 126
256 116
666 146
746 56
470 286
378 87
486 486
937 158
406 116
392 87
910 126
390 137
300 267
396 106
855 126
657 146
708 106
770 61
778 56
501 66
182 397
620 157
2021 66
1030 56
695 93
442 527
906 66
567 93
1770 93
680 76
663 66
628 126
417 116
771 137
486 56
406 106
322 97
611 257
937 158
423 310
621 378
420 106
568 66
870 66
558 97
743 337
2402 56
1000 93
1210 93
286 156
491 93
600 157
446 151
320 86
508 126
816 216
1288 86
519 56
2436 56
406 156
745 66
1210 545
521 66
799 76
720 308
1598 246
750 740
547 56
241 66
2073 66
1651 106
392 87
874 123
696 88
1236 306
695 556
558 97
226 196
378 225
1170 88
981 76
224 429
270 106
506 94
808 136
489 98
870 66
803 106
356 116
1077 86
491 66
183 743
420 336
2382 556
870 126
806 93
872 64
286 136
497 66
344 136
1659 398
241 66
486 56
251 66
1390 466
1526 88
981 56
406 126
420 93
629 148
366 106
937 66
872 61
506 396
910 126
400 86
515 56
741 91
620 106
377 56
471 66
489 98
163 417
870 56
1556 106
341 93
600 176
406 206
487 86
1802 76
406 56
791 126
448 468
470 106
359 87
1201 66
928 123
491 93
1056 106
547 56
2070 93
444 137
406 56
356 558
1106 61
271 93
312 68
306 179
888 66
870 106
768 93
316 392
406 86
829 93
870 336
345 535
960 66
320 296
431 66
446 151
306 179
309 137
540 206
808 136
888 76
391 66
468 66
2106 56
470 286
745 93
482 86
308 106
421 66
835 528
528 56
148 535
123 936
1611 859
1421 106
406 56
540 206
1659 398
1829 138
538 66
366 56
750 768
2402 56
511 66
706 56
1410 126
343 156
756 336
436 66
808 136
1770 66
870 66
329 136
182 403
703 288
469 106
391 97
785 76
1206 93
848 453
538 66
730 236
320 258
256 146
1709 56
760 156
1167 76
695 93
1155 156
565 66
2402 48
436 66
568 56
839 86
1870 86
456 156
256 136
2116 61
306 126
501 66
1506 106
1940 538
587 56
340 93
388 86
812 421
868 93
320 258
421 66
1612 93
397 87
565 93
1709 56
713 86
808 136
808 136
781 486
835 123
1593 106
516 414
758 72
511 93
252 93
778 66
696 56
868 93
324 528
845 66
1731 66
291 66
256 93
471 66
339 146
761 106
491 93
375 527
491 93
1140 76
770 126
386 121
261 66
417 116
445 66
880 66
2116 56
417 116
172 363
770 93
1140 76
367 206
874 123
256 136
406 156
501 46
1210 426
890 106
325 136
950 51
470 66
667 536
783 68
306 179
549 97
420 336
1063 453
163 417
439 56
939 86
306 146
1404 468
161 450
406 116
291 66
829 556
732 137
906 468
2406 93
406 136
838 176
406 93
769 555
1290 93
286 56
491 93
891 126
1398 600
756 336
456 106
290 206
2321 152
456 436
2206 56
1555 372
268 56
810 66
298 66
767 137
659 56
448 468
329 76
931 93
406 136
441 66
390 137
1731 56
887 203
429 307
880 56
325 136
2326 556
990 558
2326 93
445 173
408 106
406 156
261 66
716 90
775 166
356 106
906 156
325 518
458 66
406 183
1246 406
1426 64
921 86
771 137
420 330
206 66
870 66
470 66
1002 93
842 66
547 56
981 286
206 66
158 468
789 126
553 489
1666 61
424 136
406 156
148 535
406 186
540 206
745 346
2439 93
1755 360
1266 81
910 66
1636 366
556 60
2190 406
870 126
456 336
1135 76
788 66
391 66
163 417
741 61
123 936
356 93
491 66
744 347
531 66
491 93
406 106
406 106
1355 66
2402 56
469 106
784 179
1752 93
491 66
2280 66
449 528
778 66
146 466
359 87
1900 98
534 61
938 66
2406 88
803 170
767 137
406 136
283 87
829 93
620 157
600 176
356 93
1582 86
320 86
823 76
396 106
593 417
750 126
686 203
870 66
477 126
887 203
1770 66
606 66
2406 106
756 66
467 163
366 66
383 277
770 241
339 68
386 121
370 66
406 116
824 106
161 449
316 392
286 156
889 406
2106 106
481 93
978 76
778 56
856 126
769 86
304 126
347 66
1788 66
481 93
1418 66
667 556
406 106
639 48
163 586
789 137
547 56
828 66
1836 61
170 567
1920 91
948 66
540 205
788 66
855 126
406 56
456 66
86 489
406 156
256 126
829 93
835 93
491 93
1055 126
904 406
736 107
2070 126
438 406
1260 156
810 66
291 66
406 156
406 86
1056 246
2326 126
421 66
356 93
491 93
2286 48
269 66
910 576
2266 66
620 176
188 86
486 56
839 76
291 66
843 187
1041 56
1007 106
806 93
506 66
870 106
2411 58
2402 48
811 486
788 88
2021 66
497 66
438 436
888 66
409 76
930 86
446 151
2056 93
530 396
491 93
663 126
1550 93
1788 356
1260 66
1550 556
261 66
86 352
1956 191
306 198
429 307
1550 420
406 156
870 126
409 76
341 93
2026 66
446 151
766 93
818 558
797 66
283 87
816 183
306 106
2286 48
1550 93
870 336
406 86
1570 93
2036 566
280 93
808 136
344 136
458 406
543 435
870 126
371 66
420 106
180 453
471 66
255 383
2070 126
781 93
306 126
408 136
497 66
406 186
417 116
796 56
908 86
812 86
367 106
281 66
471 66
740 106
810 428
366 56
1870 76
663 156
851 137
758 146
388 72
256 146
1556 66
966 106
390 86
290 206
1241 131
491 93
743 86
549 97
606 56
750 138
818 66
424 136
821 93
1385 76
439 366
406 56
406 106
840 66
842 137
343 156
2068 468
1398 620
506 66
370 66
938 106
256 136
406 66
367 88
1870 76
457 106
232 824
668 166
891 548
928 123
447 56
540 206
406 86
818 66
388 72
2396 56
370 86
1418 66
306 179
420 306
409 76
666 420
306 146
380 76
681 106
393 126
456 106
406 156
406 86
359 87
139 413
1007 106
771 137
1048 86
376 60
2071 46
1406 93
521 66
348 403
324 528
388 76
456 106
487 186
241 66
511 66
703 446
1063 449
406 106
1550 86
756 556
456 146
906 93
2060 66
375 126
766 93
2070 93
745 318
830 86
482 86
1466 88
856 88
1135 76
2026 66
666 146
845 126
1586 56
981 76
1007 106
839 86
1276 166
829 556
716 90
2012 151
450 56
422 126
570 86
750 148
809 86
1255 156
202 894
406 156
781 56
2226 556
895 86
2406 88
406 146
1406 93
421 66
456 106
2011 66
465 156
393 126
420 106
304 126
486 56
398 93
663 66
594 66
1416 176
891 66
891 126
1041 56
256 136
491 93
389 87
1382 66
458 86
812 203
680 66
516 66
540 206
620 93
441 66
1651 106
1210 126
1306 56
343 156
600 93
376 206
2070 93
771 137
470 76
420 106
797 356
2070 93
1534 48
888 307
621 378
768 555
202 894
491 93
750 93
1886 66
444 137
565 66
1565 561
2064 86
406 156
406 156
842 137
509 76
456 156
406 106
770 86
496 61
687 184
474 457
306 198
321 66
181 436
511 66
1155 156
248 66
281 66
367 86
870 66
1752 93
271 93
291 278
356 116
1872 61
888 548
594 66
406 106
491 93
1616 66
869 86
271 93
528 86
870 126
158 285
570 237
629 148
2044 106
726 134
750 126
306 146
406 156
1666 86
436 66
402 126
778 66
341 93
406 206
710 93
408 136
826 66
781 66
990 558
1550 556
170 567
511 66
1002 93
163 417
895 86
271 93
172 363
797 328
420 336
406 156
343 156
736 107
406 106
2406 106
768 93
183 397
888 126
267 106
491 93
251 66
1616 66
808 187
719 172
344 136
1651 66
516 66
268 406
444 137
86 489
1030 86
1598 106
960 566
341 93
620 93
536 56
898 106
870 126
241 66
893 66
406 146
390 137
446 151
870 126
556 61
224 429
732 137
474 61
456 146
1206 61
343 156
888 307
396 106
663 66
778 66
480 452
413 106
347 66
1806 66
417 116
268 76
531 66
696 88
1808 346
817 93
620 176
791 126
950 51
406 206
393 126
356 176
1041 56
2156 60
406 136
406 93
506 48
2406 106
341 93
1030 56
1970 156
339 146
1820 93
456 121
959 66
359 87
163 417
421 66
406 56
486 56
469 106
471 66
356 116
1289 402
556 66
568 66
1616 66
2439 93
206 66
844 123
378 87
300 267
768 126
169 386
420 66
445 66
2406 56
1319 156
1659 398
640 87
1416 176
1206 66
86 268
291 278
339 66
811 66
480 402
716 106
2067 56
729 86
717 126
770 126
1030 56
431 66
849 66
760 74
780 197
406 156
368 86
419 86
835 56
421 66
384 456
406 106
975 86
496 135
338 146
446 151
620 157
406 106
1326 66
1406 93
525 173
1210 426
310 236
388 72
1416 176
2005 106
906 66
2126 46
388 66
406 106
957 66
1007 106
248 66
783 179
1910 66
456 121
1388 66
1606 426
536 56
470 106
1071 285
480 452
532 158
511 66
600 157
424 136
809 156
756 336
732 137
404 66
190 453
669 86
868 93
1528 86
620 157
1063 76
532 158
873 93
842 137
328 66
446 126
388 76
406 56
506 48
405 162
406 156
86 239
1703 66
767 137
486 106
586 106
470 76
668 166
186 285
356 106
259 377
420 106
320 88
565 358
420 566
291 93
306 106
397 225
1206 48
456 156
1866 61
324 528
1701 86
501 46
339 146
420 417
695 56
750 93
449 93
178 620
199 356
424 136
2266 66
343 156
1210 324
491 93
1536 66
1167 76
206 66
1870 86
557 86
471 66
521 66
1007 106
386 121
486 106
910 576
2070 126
786 56
860 74
1406 56
1385 86
1206 93
920 76
470 106
2423 93
745 66
256 126
797 216
728 556
803 170
2106 106
283 87
482 86
406 106
536 56
471 66
970 66
824 66
511 66
806 93
1290 576
771 137
1170 126
830 76
111 638
406 116
876 86
420 278
1020 56
1970 336
1382 76
491 93
2106 86
2070 93
941 66
2406 66
950 106
966 86
930 106
2348 66
202 894
441 360
174 553
491 93
882 93
596 187
288 66
392 87
745 346
408 136
252 93
1210 93
308 106
1048 86
663 66
521 66
921 86
687 184
328 256
745 126
809 86
797 328
174 307
1000 93
1506 420
1391 106
491 93
502 66
491 93
391 97
344 126
600 157
341 93
948 126
516 391
713 86
185 503
870 93
2093 556
1020 66
2316 56
271 93
663 66
445 66
706 86
470 76
2326 768
1406 66
406 156
811 66
829 93
391 97
853 76
136 185
656 126
328 256
468 66
2216 95
906 156
256 136
256 179
874 123
491 93
347 506
406 156
198 323
808 136
406 106
1210 545
283 612
776 56
161 450
267 106
1582 86
386 121
1306 64
565 66
422 398
306 106
536 56
370 256
251 66
1380 76
1126 56
439 66
540 205
415 66
2406 93
568 206
812 56
717 126
306 126
1251 347
420 566
930 61
420 66
406 116
467 106
420 566
456 106
937 66
477 126
392 183
356 131
806 161
600 157
421 66
1406 66
746 56
1033 93
975 86
486 56
455 528
406 93
