2000
1220 2440
406 156
320 136
1582 86
516 66
768 93
486 66
406 156
406 116
532 86
778 66
324 56
486 56
343 156
855 126
501 66
185 503
438 436
1550 86
682 66
870 93
1210 93
348 403
487 186
870 106
491 93
309 137
378 87
1973 489
1616 66
447 106
848 453
785 76
1131 188
375 527
960 566
1615 76
483 558
471 66
86 268
1659 398
816 183
320 296
406 206
1056 66
248 66
180 453
695 528
348 146
86 288
1895 76
521 66
421 66
146 466
359 217
406 86
449 93
417 116
1406 93
468 66
913 417
839 86
256 179
808 136
421 66
556 66
1064 46
870 576
496 135
383 277
167 308
2326 126
1658 86
181 280
620 93
2382 556
2079 66
399 56
391 66
1970 156
421 66
756 56
406 106
386 66
338 56
231 76
491 93
540 206
706 225
606 66
508 126
256 146
2106 56
309 137
639 56
406 106
406 186
666 420
506 94
682 581
516 391
356 116
356 196
344 136
2070 93
371 508
456 121
206 66
1788 66
769 486
389 87
258 106
769 86
828 66
149 486
820 93
224 429
413 106
421 66
369 204
1246 406
1218 76
516 414
2301 66
780 197
720 126
1755 360
716 106
667 536
446 151
2016 151
206 66
354 121
656 93
482 86
446 86
1076 66
663 156
106 338
869 86
1063 76
2086 66
1055 66
397 87
182 403
620 157
706 576
106 106
316 66
378 87
758 138
1002 93
378 87
161 450
1008 46
491 93
470 286
620 176
780 197
530 158
558 97
2067 56
491 93
781 66
471 93
868 93
306 126
1179 76
667 536
889 406
540 206
835 93
1326 66
409 86
960 566
798 453
785 66
785 76
593 417
2382 556
780 197
729 86
486 56
470 106
750 768
1770 66
422 398
338 66
528 66
446 126
2208 66
341 93
441 360
421 66
2404 906
542 86
528 66
471 66
420 308
778 66
663 126
220 86
391 97
783 548
783 528
256 106
849 126
371 508
474 61
797 126
271 93
720 336
639 288
713 106
1906 106
256 116
1385 76
769 486
2067 56
769 486
309 237
2086 66
256 136
388 66
981 66
206 56
1406 93
2368 468
417 116
491 93
570 256
403 163
2226 556
695 93
826 66
816 183
369 204
491 93
482 86
370 86
467 106
420 106
346 256
66 802
341 93
406 156
1550 93
536 56
416 76
453 398
374 126
549 97
181 280
720 308
2371 66
356 131
855 66
1534 48
1556 586
491 93
206 66
769 56
966 106
1388 66
406 116
406 56
470 287
306 179
291 66
1350 76
421 66
348 403
966 106
892 123
406 156
420 66
745 126
338 66
1512 66
252 246
888 76
2266 66
398 93
1886 66
1766 106
391 97
325 136
269 66
306 126
769 66
321 66
758 146
486 56
343 156
870 126
321 66
766 93
888 336
141 48
2106 106
391 97
1406 93
356 116
308 106
406 156
406 156
286 86
497 66
1402 86
406 126
906 356
896 203
180 453
445 86
458 406
269 66
406 186
855 66
981 286
890 196
1895 76
356 176
680 76
629 148
2241 106
849 126
457 106
341 93
906 93
798 449
1418 66
1651 106
620 157
467 163
797 188
388 72
876 106
1030 56
491 93
256 116
568 56
868 126
406 156
781 48
180 453
283 87
445 66
1006 93
256 136
937 306
1063 76
646 86
66 802
320 88
406 116
446 151
1416 176
845 126
261 66
838 176
489 98
1374 66
1260 326
306 126
198 323
444 97
1188 66
706 56
756 66
491 66
710 93
256 136
937 66
86 268
390 97
345 535
2093 206
855 66
406 86
445 66
328 238
666 424
386 66
158 468
406 116
271 93
406 136
768 93
1963 66
1636 61
159 567
1370 93
406 106
491 93
1288 86
2266 66
2116 86
870 106
491 93
501 66
409 86
288 66
2288 66
446 126
491 93
56 218
1258 106
309 137
281 66
565 126
356 106
2406 56
808 136
808 136
780 197
442 527
491 93
271 93
339 68
532 406
528 66
406 156
343 156
304 126
456 156
487 186
870 106
241 66
568 66
888 336
696 66
86 268
286 56
474 538
663 66
406 116
818 586
203 397
456 106
226 196
491 93
910 66
477 126
1863 56
928 123
1550 93
540 205
594 106
959 106
406 106
2026 66
858 56
486 56
1406 66
1030 56
1188 66
413 136
436 458
491 93
2046 56
663 187
306 106
406 56
2021 66
785 76
1975 64
444 86
789 137
806 56
506 106
406 136
760 156
408 556
613 86
596 187
445 66
1895 76
406 66
818 66
326 66
456 106
1752 126
241 66
271 93
990 126
486 106
406 56
406 106
888 76
540 205
220 86
643 884
1255 156
2406 66
1598 246
456 146
876 106
663 187
650 894
646 66
149 486
470 76
882 93
910 126
256 146
497 66
549 97
811 56
663 66
496 86
400 76
449 93
501 46
919 93
930 56
2426 56
2373 66
818 323
496 138
304 126
882 86
783 68
1973 489
887 203
327 96
1498 356
2064 86
500 126
364 68
309 237
855 126
1002 556
402 126
2196 66
343 156
1728 66
666 424
1755 430
406 106
506 176
406 126
1303 106
183 397
445 126
271 93
86 489
486 56
746 56
768 93
406 156
165 553
818 323
1290 93
788 328
808 136
1131 188
768 126
876 106
341 93
835 93
470 86
1895 76
447 106
312 68
320 56
2266 56
337 126
511 66
1066 336
388 66
523 187
1206 93
400 86
476 126
844 123
769 126
2012 86
809 86
677 68
306 106
771 137
686 203
359 87
898 106
404 56
726 66
1091 66
406 136
1076 66
521 66
406 96
455 86
959 66
178 620
1755 360
851 137
363 172
888 66
320 258
343 156
2241 61
139 413
891 66
456 106
1658 86
406 156
1255 74
444 137
797 66
341 93
777 203
168 353
309 87
2286 48
281 66
396 91
880 66
190 453
534 61
2121 56
863 56
1926 56
849 66
469 106
188 86
1665 86
406 106
356 116
844 123
629 148
690 76
2106 56
803 170
1266 81
2046 66
348 403
1752 126
891 256
291 66
1871 56
816 538
320 126
441 66
695 528
333 126
339 126
269 66
791 66
1570 93
256 136
420 106
321 66
417 116
789 66
406 156
521 66
406 156
356 116
420 106
524 173
570 237
1739 64
501 46
890 196
290 206
341 93
406 126
482 86
238 76
471 66
1450 76
491 93
797 66
1666 86
1241 131
829 556
768 93
2028 66
1450 76
406 126
406 206
406 156
816 406
657 146
2106 106
769 66
491 93
1260 156
663 187
769 56
846 66
2226 348
981 76
2406 86
960 126
497 66
530 158
290 187
1506 241
406 156
781 93
784 56
808 136
511 93
511 93
481 66
1556 106
416 76
667 556
842 137
636 196
501 66
309 137
420 126
600 176
770 93
1266 81
252 93
306 179
460 126
516 66
870 336
1406 93
1290 576
406 156
424 136
491 93
163 417
868 93
276 106
872 61
781 536
420 267
1953 86
339 66
806 93
491 93
251 66
390 137
695 56
1306 66
1260 156
2382 556
449 106
1056 66
281 66
745 318
424 136
2048 336
818 126
438 406
258 106
1755 430
764 126
421 66
429 468
774 86
798 453
345 535
803 170
470 106
818 66
406 156
420 330
391 97
882 86
2016 151
398 93
2005 106
534 61
370 237
600 93
444 137
796 124
467 106
131 1163
656 196
470 66
565 93
391 66
2026 66
868 126
1290 93
659 56
1419 456
163 417
422 419
960 566
1070 61
399 56
344 126
818 126
2196 66
657 146
406 116
140 537
835 76
823 183
429 468
540 205
320 88
508 86
421 66
1950 46
469 106
474 61
1385 86
1570 93
1206 48
565 66
467 163
769 66
2226 106
770 128
797 66
809 156
2402 576
486 66
1586 63
501 66
174 553
521 93
458 66
1872 61
491 93
158 305
796 95
406 156
366 66
818 66
390 137
746 56
1556 66
830 433
420 278
1063 453
888 336
508 86
86 239
835 123
2206 56
2012 151
1956 56
202 894
1770 66
594 66
231 76
690 86
870 126
481 93
1770 66
2311 40
953 86
1380 106
181 280
446 386
839 86
1895 76
386 121
281 66
620 106
491 93
306 93
350 179
1688 106
256 136
1829 138
620 157
703 442
420 336
458 66
421 66
663 506
390 137
783 179
148 535
290 187
325 136
758 72
1293 56
289 1172
678 66
796 106
771 137
416 76
290 206
487 86
343 156
496 92
421 66
2070 93
1728 66
324 218
429 307
520 517
388 72
256 116
158 305
981 66
2006 93
471 66
559 206
1556 106
346 256
356 116
227 832
306 106
446 151
348 403
458 66
913 417
445 86
568 66
248 66
481 93
403 163
396 106
812 203
370 256
330 436
760 56
1550 93
1403 66
746 556
770 66
788 88
406 56
2016 151
446 151
718 66
802 93
406 86
406 116
480 56
788 66
676 82
444 137
2156 60
417 116
406 156
819 66
1406 93
2068 468
202 894
421 66
663 478
406 96
803 421
251 93
501 66
202 894
1836 61
406 106
406 136
570 891
344 76
823 76
547 56
521 93
399 56
931 93
839 76
297 56
1659 398
366 66
872 86
345 535
756 66
761 93
2402 56
220 93
2402 48
870 106
422 126
1355 66
2326 66
540 205
482 86
1172 517
767 68
797 126
496 135
736 107
870 106
526 66
1570 93
717 66
1659 398
872 61
771 137
386 121
776 66
2402 56
367 206
781 66
1063 76
531 66
181 280
406 156
447 106
141 508
1953 86
338 66
530 158
845 126
781 66
440 548
1419 56
139 413
445 66
271 93
420 66
142 328
739 285
950 51
586 106
2316 56
646 66
481 93
1895 106
439 56
540 93
391 97
884 370
680 66
1406 93
354 121
1498 356
830 76
666 146
2382 556
326 66
600 157
497 66
1570 93
809 86
106 486
889 406
251 93
784 179
316 66
975 86
261 66
540 93
906 93
286 156
978 76
811 66
256 116
528 86
390 137
341 93
1406 93
406 156
1106 61
1441 66
521 66
306 146
1206 106
808 136
396 91
824 106
403 163
386 121
326 66
267 106
339 146
486 486
291 66
1048 106
779 545
1406 76
829 93
471 66
406 106
959 106
406 126
1448 66
667 536
858 86
370 86
291 66
256 136
1556 66
320 286
768 556
1155 156
567 93
2321 152
870 106
271 93
516 56
366 56
341 93
750 93
695 93
663 156
783 68
851 137
470 106
449 106
758 106
309 137
845 126
268 56
540 93
341 93
516 137
374 126
158 285
521 66
796 186
1276 166
690 86
856 126
406 156
2190 86
306 93
828 66
354 121
528 86
750 768
406 106
511 93
406 56
957 66
393 889
919 126
183 743
970 89
291 66
447 56
990 66
306 179
198 323
406 106
241 66
1506 106
141 508
869 86
123 936
324 56
163 353
906 66
406 166
750 126
406 156
870 106
528 66
446 151
1030 86
570 106
870 66
241 93
406 56
258 106
849 66
386 121
256 970
491 93
830 433
616 66
172 469
1355 66
86 489
2086 66
534 61
2286 48
288 246
750 126
540 93
868 93
1393 88
835 95
2326 126
108 427
288 66
870 93
1946 66
528 66
202 894
540 205
2326 126
391 76
467 106
1651 66
910 66
148 739
768 93
456 121
406 116
568 66
558 97
163 417
1006 86
840 126
547 56
480 86
106 106
838 176
781 66
808 136
1203 66
456 436
406 156
406 126
1056 86
256 146
1870 76
406 116
616 66
786 236
206 66
406 93
256 136
161 450
990 56
2396 56
241 66
908 61
409 76
860 67
880 66
406 156
480 56
868 93
806 93
1006 86
516 391
1293 86
316 392
1570 93
506 66
406 126
408 136
1210 93
1188 61
1416 176
1104 576
895 86
1266 66
309 137
540 206
803 106
1870 76
768 126
406 86
456 146
321 66
136 185
1382 66
477 126
695 528
663 66
1210 93
455 86
1550 556
612 68
491 93
441 66
570 66
2106 306
406 56
1733 86
452 86
271 93
906 286
420 278
386 121
811 56
421 66
888 336
1063 453
390 137
1007 86
818 586
241 66
480 452
829 93
271 93
271 66
320 136
113 427
283 87
726 134
456 106
835 556
446 151
526 66
686 203
356 206
251 93
2423 93
185 503
2126 546
680 76
708 106
613 86
306 146
406 56
1002 556
288 66
844 123
786 566
341 93
858 76
486 56
486 56
829 528
1210 126
1188 86
406 156
2326 66
829 93
1534 66
413 156
1371 66
291 278
784 179
256 136
420 330
161 450
325 136
870 66
828 66
1170 88
677 68
835 93
406 156
406 126
2190 406
1910 66
2006 406
676 106
1002 556
56 506
356 106
491 93
695 93
558 97
558 97
798 449
663 66
470 530
370 255
163 417
905 198
870 93
908 61
343 156
511 66
681 106
549 97
696 196
368 66
406 106
884 356
1963 66
486 486
1056 66
1170 126
406 156
150 56
356 93
960 66
333 68
420 93
1953 86
406 96
446 151
370 256
960 126
797 66
220 93
439 366
406 116
858 106
558 97
1055 126
726 134
405 162
338 66
306 106
421 66
406 116
406 86
178 620
1406 56
565 358
809 86
141 508
1000 93
863 56
178 115
817 93
1550 556
321 66
396 166
611 257
1418 96
669 556
378 66
2216 95
391 97
1976 86
806 286
446 126
785 76
904 406
606 86
816 216
855 126
406 156
780 197
296 703
746 586
2286 48
1755 430
676 56
446 151
706 576
501 66
934 198
1670 106
785 76
888 336
465 156
391 97
2301 186
558 97
388 66
2106 106
860 56
388 72
950 106
356 176
370 66
726 66
345 535
2056 93
519 56
1258 106
1406 66
990 66
839 76
492 558
343 156
812 56
393 126
1406 93
446 151
339 66
1326 66
1088 326
1002 93
508 86
256 116
456 66
2236 86
406 116
835 95
913 417
399 56
406 126
1135 76
366 66
406 126
1170 66
1303 106
499 56
2326 126
1040 616
458 66
271 93
271 93
1709 56
420 278
231 76
482 86
573 326
406 136
341 530
1002 556
1570 93
516 66
696 56
1108 57
456 146
458 66
178 620
769 66
376 206
343 156
491 93
1870 76
183 743
123 936
1140 76
2121 88
402 173
808 136
809 86
406 66
620 176
309 97
620 106
1416 176
888 336
2070 93
750 138
521 66
1179 76
458 406
406 156
2348 66
483 558
818 66
706 56
487 86
892 123
2346 66
750 93
948 428
2316 56
471 66
791 126
388 72
406 126
796 56
298 66
568 66
306 106
870 106
290 187
1733 86
406 126
417 116
321 66
302 126
836 66
1071 285
844 123
442 527
767 137
388 66
1170 66
2436 66
266 106
791 126
256 146
480 452
838 176
477 126
695 93
1106 61
356 106
163 586
956 66
271 93
186 285
406 106
970 89
306 179
829 93
496 61
319 258
320 86
880 66
396 106
676 56
842 137
682 76
509 76
1908 86
750 93
341 93
779 66
990 586
528 86
356 93
2286 48
286 156
1659 398
421 66
456 436
270 106
2396 56
1406 66
2206 56
1406 93
1470 136
872 61
616 86
620 176
178 620
508 206
809 106
1470 106
978 76
1006 86
511 93
439 56
491 93
501 66
774 179
2028 66
406 86
356 116
356 116
1556 586
517 93
406 126
741 56
640 87
266 106
271 93
306 146
870 86
241 66
406 96
600 176
716 106
600 176
359 87
668 166
812 86
870 93
2216 106
628 126
241 93
256 179
406 106
343 156
506 106
396 106
267 106
390 86
471 66
342 166
406 136
420 66
406 156
710 196
1536 66
2368 468
338 56
420 330
621 378
489 86
456 106
406 86
406 156
1966 576
845 126
371 66
456 106
680 76
741 91
480 402
471 66
823 76
870 106
786 56
835 56
720 336
1737 56
1390 466
256 970
333 126
406 156
1615 76
1908 86
944 61
797 126
906 66
420 106
186 285
868 555
531 66
1251 61
2162 106
842 137
1289 406
763 76
1251 61
1006 126
2146 66
486 486
409 76
769 126
891 86
1836 56
2316 56
456 436
172 469
406 156
470 138
406 156
406 106
540 205
2292 427
1550 556
808 136
231 76
2326 93
809 86
252 93
808 136
1289 406
1962 61
163 417
511 66
1441 66
406 106
182 403
371 66
181 436
829 93
745 66
768 93
291 93
268 86
663 156
294 156
202 894
417 116
378 87
2106 56
406 156
415 66
588 56
406 156
829 93
2216 95
570 237
771 137
306 126
220 86
421 66
1450 76
452 86
2406 93
356 176
816 123
858 56
420 267
2348 66
1076 66
1293 56
600 93
356 131
745 66
741 56
851 137
1556 586
1906 286
1970 336
347 86
2226 348
678 66
509 76
928 123
1406 56
1788 48
146 466
1593 106
496 86
990 66
891 66
743 86
888 66
769 66
406 106
304 126
1215 61
368 66
990 558
406 116
1962 106
406 136
252 93
2348 536
750 126
833 309
470 306
388 76
452 1206
366 556
406 126
990 558
413 106
203 397
370 86
491 93
370 241
409 86
960 126
758 72
330 166
440 548
491 93
321 66
453 398
258 106
695 93
586 106
2011 66
778 66
745 66
408 106
406 156
785 76
870 126
161 449
1210 324
172 363
470 126
406 166
456 66
811 56
778 66
2236 86
247 93
86 239
1659 66
268 406
366 66
402 889
806 93
186 285
182 338
224 429
248 66
406 126
556 60
404 66
2316 56
1055 66
756 56
2316 56
2071 46
163 353
388 76
565 66
497 66
309 237
378 87
2036 586
769 66
258 106
663 126
2326 66
829 93
838 176
252 246
2326 126
558 97
920 76
256 136
2216 256
163 353
570 66
396 166
1020 306
826 66
368 66
491 93
444 86
835 528
719 172
788 66
666 86
421 66
1636 116
1040 616
406 166
784 179
1528 86
944 61
404 66
356 206
612 257
1788 66
888 336
406 106
456 156
663 66
470 66
696 56
538 66
1506 106
406 156
651 528
497 66
2174 66
1770 326
796 124
456 156
767 68
371 66
86 489
870 86
2005 66
663 478
948 126
538 56
868 93
1555 372
1179 76
1402 86
450 56
142 328
2406 93
421 66
849 126
840 126
491 93
521 66
1546 86
2026 66
377 56
835 556
338 146
309 137
2241 106
456 121
888 126
1721 56
2036 586
491 93
784 56
448 468
646 66
528 56
406 136
2326 768
760 56
556 106
944 86
470 76
371 66
651 528
2064 86
445 548
396 166
769 56
600 157
420 106
339 146
891 66
393 86
768 556
471 66
1526 606
359 87
1703 66
726 96
231 76
893 66
291 66
186 285
388 66
706 56
838 176
2368 468
556 546
480 452
506 66
1126 56
370 256
842 137
769 555
356 176
887 203
406 156
528 56
310 236
784 179
176 506
2070 93
256 93
568 66
406 116
338 146
758 72
366 458
449 93
456 336
808 136
406 106
232 406
1055 66
380 76
470 66
1380 106
356 116
306 336
2016 151
158 285
855 66
521 93
