2000
1220 2440
397 87
1063 453
1140 76
320 258
781 66
321 66
370 93
600 157
393 86
870 106
391 66
306 179
163 417
1956 66
1355 66
182 338
343 156
417 116
406 136
470 86
876 66
778 56
887 203
1355 66
178 115
271 56
849 126
669 86
855 126
86 489
268 406
530 158
482 86
842 86
356 106
406 106
388 106
369 204
695 93
640 87
990 126
86 489
667 536
710 196
746 56
708 106
521 66
396 166
474 61
612 257
268 86
776 56
549 97
491 93
941 66
768 126
1550 93
975 86
715 516
1506 66
781 66
406 166
393 889
370 106
406 56
406 56
406 56
528 86
406 56
206 56
170 196
491 93
646 86
769 66
706 576
1070 106
540 206
682 76
1406 66
803 170
818 66
797 66
811 486
829 93
620 157
220 66
720 336
363 172
570 237
778 66
1770 66
420 106
975 86
491 93
256 136
271 93
391 97
252 93
2368 468
123 918
497 66
516 584
2406 56
406 146
406 146
286 156
612 68
1886 66
540 93
406 116
470 76
2226 556
406 116
1131 188
396 106
406 136
816 616
2292 427
784 56
491 93
528 86
406 106
458 66
256 116
202 894
390 137
919 126
1966 206
148 535
540 206
169 386
876 86
750 768
491 93
2286 48
1895 76
163 417
2005 106
270 106
406 136
1441 66
747 328
798 453
890 106
420 93
975 86
549 97
516 391
441 66
290 187
781 536
399 56
785 76
1556 93
1055 126
910 126
220 86
491 93
370 66
497 66
409 86
406 156
523 133
388 72
417 116
948 428
406 156
956 106
497 66
342 166
906 66
421 66
681 106
390 137
409 86
556 66
2006 406
1665 56
2326 126
422 126
812 421
1733 66
390 86
1056 86
960 126
1550 93
320 258
456 66
892 123
573 326
2026 66
2348 66
788 66
406 106
343 156
456 146
341 93
406 156
769 126
811 66
309 137
370 176
474 61
990 558
937 66
750 138
106 486
663 66
406 126
1946 66
131 1163
271 93
797 126
829 93
819 93
343 156
830 56
393 126
835 123
1000 126
271 93
1895 76
390 137
656 256
446 151
1966 56
501 66
1726 66
491 93
778 486
449 106
456 106
640 87
676 82
441 66
971 126
306 179
1000 126
870 93
726 134
768 556
190 453
913 417
356 116
380 76
1426 64
1063 76
402 889
824 66
2046 56
758 146
406 106
531 66
370 197
812 56
491 93
785 76
1526 56
170 567
549 97
2124 86
356 93
267 106
2170 142
271 93
523 187
893 66
842 137
256 93
539 503
686 506
491 93
930 106
948 66
141 508
1606 66
547 56
406 66
2136 303
304 126
450 66
367 206
206 66
558 97
256 136
659 48
1206 106
2266 66
406 56
606 566
1733 66
489 98
838 176
2073 66
1167 76
397 87
271 93
910 66
1871 56
1170 66
2121 88
501 66
1056 66
855 126
441 66
420 106
406 56
686 203
420 417
666 146
1731 56
2016 151
2406 66
530 61
251 93
808 136
570 66
1000 93
388 76
1416 176
456 146
1002 93
141 508
523 187
606 56
196 56
406 86
386 121
106 106
407 93
2286 48
2402 576
336 197
420 566
406 146
142 328
2093 556
860 67
990 586
506 176
268 56
2026 66
506 396
696 88
86 288
487 186
312 68
1586 56
476 126
888 126
1002 93
482 86
386 86
771 137
511 66
252 218
2016 151
386 121
417 116
163 417
910 66
1721 56
975 86
706 66
396 166
540 206
155 463
1030 336
941 66
1030 76
325 136
1055 66
391 97
521 66
646 586
374 126
990 56
858 106
356 116
628 126
1419 56
417 116
565 66
2106 106
291 93
481 93
1371 93
868 93
406 136
391 66
489 86
424 136
770 556
470 138
1076 66
540 206
404 66
501 46
2216 66
337 106
458 66
843 187
356 324
476 126
656 93
855 126
356 176
158 468
491 66
2406 93
835 93
241 66
502 66
356 116
491 93
876 66
406 91
659 56
856 356
509 76
811 56
178 620
769 66
736 107
406 106
343 156
300 1068
2316 56
1290 576
888 307
371 66
706 56
446 151
970 567
1616 66
348 403
139 413
406 126
420 86
1215 106
509 76
224 429
540 206
501 66
325 136
449 106
1500 56
420 86
696 176
511 66
1179 76
439 56
1565 561
304 126
176 307
140 537
706 56
489 98
256 116
1962 61
232 824
429 307
538 66
417 116
783 548
787 56
1418 96
767 68
511 66
1940 538
1752 93
600 176
422 419
1006 126
377 56
1108 57
366 66
1416 176
449 126
500 66
406 116
441 66
491 93
855 126
446 151
178 620
441 66
186 285
809 61
356 116
803 106
830 76
291 66
521 66
350 179
368 86
406 156
620 570
406 116
568 206
291 278
1290 93
888 76
155 463
406 66
406 126
1088 326
56 218
1870 76
1870 86
1486 56
809 86
424 136
1241 131
677 68
1210 126
182 365
990 66
1550 93
404 66
921 86
1402 86
406 56
1270 66
860 74
2026 66
406 156
491 93
1091 66
695 93
402 889
1036 356
756 56
990 66
291 278
422 548
402 173
829 93
174 307
797 188
406 126
843 187
2106 306
203 397
341 93
406 146
185 503
855 66
606 86
389 87
868 93
338 146
406 56
474 457
703 442
892 123
406 106
776 76
769 126
406 106
343 156
547 56
406 106
142 328
858 56
271 93
176 506
422 548
1758 66
433 156
168 346
380 76
467 106
888 336
1565 123
338 66
2266 56
356 116
829 93
388 66
390 86
282 66
1306 66
170 196
406 166
338 146
888 66
420 278
325 136
183 397
835 93
791 66
835 56
783 179
158 305
404 66
343 156
1570 93
341 93
855 126
612 257
438 406
366 66
1266 81
880 56
445 576
812 421
620 157
842 86
959 106
198 323
470 66
895 86
1658 86
1788 66
1210 126
2280 66
1063 449
838 176
1906 106
1616 66
338 66
286 156
842 137
356 93
2005 106
286 156
291 66
405 162
960 66
1266 66
1270 66
341 530
1426 71
261 66
736 107
406 56
600 157
424 136
690 86
66 536
497 66
1441 66
891 256
695 93
344 126
306 146
1002 93
806 856
829 93
256 136
371 66
421 66
290 206
66 846
838 176
2316 56
66 578
745 66
458 106
343 156
408 136
406 56
471 66
348 403
830 433
1826 449
476 126
206 56
446 151
280 93
388 66
56 218
320 86
1416 176
482 86
2436 106
937 66
1550 93
750 138
458 86
528 56
990 56
406 156
1385 86
726 96
406 156
549 97
344 126
309 87
268 76
937 158
491 93
570 66
771 162
690 86
1387 66
516 66
261 66
256 146
256 116
891 66
846 66
530 158
826 66
251 66
639 56
470 258
388 66
990 66
1688 106
870 93
206 66
448 468
695 56
256 136
474 61
1290 576
344 136
906 66
2012 151
488 76
399 56
808 136
786 56
408 136
491 93
710 93
256 136
839 251
420 106
298 66
456 121
497 66
1713 116
392 183
389 87
663 66
2292 472
882 93
446 151
818 126
893 86
491 66
1808 346
838 176
1303 106
2131 66
600 93
808 136
2288 48
868 555
392 87
1944 91
531 66
565 386
406 156
396 91
458 66
453 363
1260 156
470 76
399 56
1055 126
1070 106
405 162
449 556
750 93
256 136
1818 86
356 116
663 66
471 66
659 56
706 66
769 555
496 92
839 86
1290 576
496 135
638 93
719 172
421 66
1770 1010
417 116
528 66
1788 66
256 146
802 93
486 66
316 66
172 363
456 106
2116 56
182 403
888 336
1788 66
1570 93
1606 66
808 136
391 97
359 87
516 414
682 581
692 587
680 581
778 56
508 126
606 239
409 76
1056 246
816 123
306 106
306 166
612 257
457 106
875 465
1570 93
600 176
2368 468
860 74
486 56
306 179
329 76
456 121
1077 86
760 156
421 66
458 66
594 66
750 740
220 86
760 56
787 56
1550 420
406 106
468 66
616 126
388 76
809 61
549 97
356 106
640 56
309 87
1135 76
421 66
182 338
770 56
737 66
2402 56
594 66
1808 346
836 66
141 48
688 56
406 86
978 76
347 66
501 66
600 93
308 106
769 66
789 137
366 486
224 429
716 90
56 506
1840 106
420 106
880 66
286 86
421 66
639 56
781 66
568 66
370 237
808 136
1870 86
818 558
281 66
256 146
663 506
766 93
458 66
321 66
1900 98
397 87
206 56
636 196
816 216
766 93
449 106
1350 76
2106 86
188 86
1406 66
796 124
620 93
306 93
306 106
696 56
441 66
388 66
808 136
406 106
321 93
356 116
811 66
470 106
870 126
2288 48
489 86
835 93
676 82
291 66
220 93
2103 556
406 126
781 486
406 156
934 76
855 126
224 429
848 453
338 66
842 66
471 66
1391 106
413 93
441 66
2396 56
386 121
845 126
2426 56
319 86
123 66
2226 556
1290 576
532 158
824 66
1716 93
388 86
781 66
635 126
906 93
2406 56
781 66
1063 449
408 106
740 770
406 116
630 93
370 255
1246 406
910 66
1866 61
528 86
721 66
444 97
86 489
868 93
1406 93
849 66
1002 93
390 86
155 463
2226 556
750 740
758 106
388 72
1210 126
532 158
1795 106
446 151
447 106
872 61
396 106
806 286
406 116
306 106
695 528
1063 453
256 146
406 126
281 66
869 86
620 93
298 66
1906 106
2162 106
1063 76
420 267
448 468
390 86
783 548
306 179
1550 93
304 126
565 66
887 203
1000 556
348 403
417 116
1406 93
491 93
534 61
1758 76
286 136
185 503
421 66
769 66
521 66
252 93
376 97
797 188
811 486
371 66
939 86
506 106
981 56
406 156
403 66
808 187
657 146
1512 66
321 66
981 56
1290 93
271 93
502 66
165 553
343 156
306 146
1241 131
491 93
888 336
990 66
960 66
406 156
1246 406
483 558
521 66
781 93
1260 156
1000 93
516 56
1188 66
294 156
565 126
839 86
1041 56
904 528
470 66
732 137
506 66
2326 556
771 137
1758 76
855 66
978 76
321 66
409 251
86 239
1418 96
2286 48
423 310
769 486
1210 546
491 93
417 116
247 93
1940 538
786 56
348 146
369 66
2426 66
806 93
540 206
1356 116
366 486
695 93
710 76
600 157
186 285
855 126
456 156
565 358
2026 56
343 156
339 126
1598 106
588 56
471 66
429 307
456 206
188 86
868 93
781 508
465 156
375 66
1056 61
356 106
840 66
356 116
796 124
708 106
2368 468
1556 66
558 97
882 86
1288 86
231 76
392 87
256 136
406 156
1255 156
629 148
256 136
612 68
1066 336
2280 66
491 66
96 276
2036 566
446 151
858 106
404 66
501 66
1210 93
846 66
783 68
1271 176
842 137
516 391
344 126
769 56
680 581
695 56
417 116
270 106
389 87
520 438
406 86
388 76
341 93
1002 556
366 66
456 146
853 428
908 61
356 93
1382 66
702 355
2286 48
596 187
2106 93
396 91
659 48
502 66
893 86
348 403
501 66
222 433
397 225
2190 406
487 186
1007 106
406 56
354 121
2016 151
180 453
456 106
2086 66
406 545
288 246
445 126
170 567
470 287
403 163
1326 66
703 442
1608 106
521 66
767 68
1752 93
501 66
1703 66
1406 66
421 66
1871 66
343 156
371 66
66 536
2226 348
511 93
809 61
406 106
480 793
593 417
868 93
823 183
710 76
845 126
1962 106
898 106
600 157
2316 56
2021 66
781 93
491 93
1326 66
797 126
1926 56
391 66
1314 93
1733 86
356 66
378 225
406 156
858 56
470 66
870 106
767 137
851 137
774 179
482 86
2266 66
320 286
1002 93
842 137
501 93
888 126
728 845
291 66
1870 76
1659 398
309 137
356 116
1030 336
769 66
721 356
959 106
321 66
845 126
818 66
141 431
288 66
497 66
220 86
241 93
256 136
251 93
943 76
446 151
875 126
406 136
343 156
1555 372
1296 166
241 66
2266 66
406 56
231 76
271 93
290 187
86 316
771 137
421 66
406 106
806 93
1218 76
562 66
413 136
266 106
86 316
2423 93
406 146
692 587
180 453
417 116
635 126
600 176
520 438
781 48
409 251
1419 456
491 93
491 93
663 156
310 236
1146 66
695 56
823 76
406 106
870 106
1598 246
2288 48
2406 93
341 93
356 66
499 56
329 76
1970 286
256 116
1091 66
406 66
480 793
747 328
718 399
356 206
366 66
291 66
388 66
497 66
406 126
391 97
428 96
86 316
363 172
256 136
356 286
838 176
501 46
2266 56
957 66
306 166
286 156
797 188
421 66
406 156
388 76
2005 66
406 56
482 86
148 739
600 157
163 586
414 76
791 126
2241 61
324 528
1752 93
333 126
1210 324
1041 56
388 106
325 136
251 66
934 86
1556 106
720 336
1906 66
2016 151
2402 93
1550 420
421 66
406 106
521 66
406 166
316 392
420 66
1703 66
86 288
2093 556
876 86
745 346
1550 93
585 156
490 66
521 66
538 56
182 403
1289 393
1995 106
339 146
835 556
396 166
2408 56
445 66
2106 56
181 436
304 126
2048 336
396 166
2106 93
620 157
386 66
2356 106
511 93
1570 406
496 61
842 137
882 86
445 66
716 106
888 126
1002 93
309 237
1326 66
990 66
283 87
550 770
663 187
789 137
409 76
1570 93
420 86
286 156
1419 56
252 218
786 56
421 66
716 106
600 157
170 567
456 106
2021 66
470 126
898 66
453 398
356 206
600 157
2288 66
656 196
1586 56
306 179
892 123
666 171
288 246
720 126
491 93
123 936
86 970
406 206
2206 56
769 126
455 86
870 106
413 156
620 176
420 106
780 197
508 126
413 156
370 255
467 106
491 93
858 66
471 66
600 157
1188 86
1306 66
446 151
396 106
356 116
181 280
540 205
356 176
486 66
1881 56
746 56
808 136
906 156
646 86
391 66
420 106
776 76
1770 66
436 458
421 66
568 66
1733 66
611 257
158 468
811 66
874 123
1506 420
181 436
870 66
2406 93
778 66
420 93
2070 556
172 469
1962 106
1870 86
1406 66
568 56
343 156
406 136
700 318
811 56
806 286
835 56
799 76
254 76
1108 57
678 66
651 528
348 146
838 176
491 93
306 126
543 416
268 76
489 98
2046 66
2326 66
1966 206
1550 436
406 126
420 278
306 93
420 106
406 186
406 156
1508 56
261 66
523 133
821 93
655 66
1636 116
377 56
906 93
346 535
811 66
491 93
406 156
343 156
406 116
823 76
1534 48
471 66
2402 48
329 76
378 87
1506 66
406 156
486 66
798 449
420 308
568 56
406 126
1659 398
775 166
1206 106
686 203
1570 93
870 336
2070 93
422 398
518 56
406 106
356 106
406 126
2016 151
1260 86
306 93
480 793
769 126
1380 76
826 66
835 93
639 288
406 106
1910 66
496 138
558 97
320 258
1752 93
706 225
406 156
1556 66
784 179
990 66
855 126
406 156
1289 402
436 66
370 66
889 406
1070 106
497 66
406 126
1498 356
906 456
496 135
806 56
2026 56
1981 106
392 87
256 126
778 56
321 66
1806 66
450 66
256 136
465 156
1606 66
251 66
906 93
2006 93
486 56
155 463
417 116
406 106
2266 66
823 183
321 66
1550 93
456 156
856 356
860 74
943 76
241 66
746 586
328 256
220 86
252 93
990 66
784 179
870 66
870 126
172 363
304 126
406 156
620 157
870 86
842 137
185 503
402 173
1007 106
364 68
491 93
2026 66
1636 61
990 126
934 86
489 98
768 93
538 66
370 93
778 66
1895 76
1179 76
540 205
1170 126
1981 106
406 146
445 86
1770 66
333 126
163 417
1826 66
356 93
1206 48
1246 406
346 278
491 93
906 66
330 436
406 106
870 66
439 56
1470 106
2436 56
501 66
406 106
1188 61
870 126
491 93
760 56
320 217
1651 66
321 66
1441 66
106 106
418 66
2036 566
341 93
870 576
768 93
106 106
1651 66
288 66
302 126
781 93
397 87
517 93
596 187
806 93
2286 48
920 76
286 56
1390 98
516 278
530 158
1385 86
86 489
808 136
2005 66
310 236
374 126
491 93
491 93
930 86
343 156
767 137
391 97
726 66
870 106
797 126
436 66
639 288
151 56
939 86
491 66
767 68
258 106
928 123
420 66
496 61
1421 106
870 308
540 206
1788 66
1306 64
960 66
702 353
1258 106
1416 176
1241 131
406 156
948 126
1606 66
222 433
1410 246
2316 56
406 156
392 87
471 66
469 106
1382 76
868 93
960 66
178 620
818 586
142 328
441 66
406 126
386 121
870 106
737 66
508 206
406 86
348 403
2406 66
1770 93
406 156
706 56
417 116
628 126
745 126
778 66
1582 86
174 553
369 204
756 336
470 138
1820 93
304 126
769 66
2406 86
797 126
813 360
486 56
220 86
521 66
474 61
767 137
1055 66
1570 93
808 136
496 76
2126 546
771 137
745 93
1056 66
256 136
1886 66
460 126
806 93
199 356
726 96
2048 336
1659 66
1206 106
600 93
839 76
182 397
620 176
2190 86
828 93
271 93
1070 61
468 206
970 89
768 126
356 116
835 123
1670 106
721 66
477 126
1391 66
556 466
540 206
2406 106
526 66
902 385
1520 76
183 743
506 158
532 86
406 156
778 486
770 556
666 420
348 403
2292 427
491 93
920 86
356 116
181 436
1419 56
433 156
798 453
860 56
521 66
797 66
797 328
341 93
491 93
471 93
406 56
2326 126
456 121
1659 398
320 126
446 151
872 86
1106 61
1788 66
845 126
140 537
420 336
720 126
428 96
663 187
339 146
2071 46
183 743
856 126
366 56
406 156
811 66
702 355
181 280
763 76
720 335
870 126
348 403
656 196
1970 286
1550 420
388 72
406 106
708 106
872 61
406 106
570 66
477 126
826 66
1788 66
788 66
348 403
439 56
516 66
406 91
1966 576
761 93
344 76
1210 545
396 106
1170 88
868 126
491 93
183 743
1666 46
2064 86
419 86
296 156
356 116
406 186
332 68
706 576
456 121
402 889
456 121
491 66
556 64
1418 96
1870 76
806 56
490 66
295 97
1106 61
770 126
368 86
406 156
470 106
745 126
906 93
829 93
1143 198
376 206
2326 126
491 93
639 56
393 86
928 123
491 93
720 308
720 336
286 136
1946 66
338 76
1906 286
420 93
990 66
420 93
2005 66
391 97
327 318
880 66
784 56
950 51
56 566
553 165
760 156
745 126
870 126
406 126
1606 426
639 48
783 308
391 1046
718 66
320 76
811 56
491 93
486 66
540 206
406 106
2206 51
403 66
750 148
441 66
770 66
870 93
1028 421
491 93
2003 414
378 87
806 56
356 116
2326 93
858 66
491 93
2156 61
796 186
870 106
990 66
2048 336
809 86
396 106
356 116
1215 106
1290 93
937 66
2368 468
1703 66
893 86
399 56
739 285
411 528
390 97
430 407
471 66
395 93
2226 556
