2000
1220 2440
842 137
540 93
696 56
988 106
386 121
758 72
870 86
695 528
663 156
540 206
490 66
456 436
1218 76
808 136
421 66
1236 306
324 528
321 66
403 66
370 66
393 126
1000 126
677 68
1418 96
990 66
390 137
1056 106
1406 93
2066 506
538 56
1260 156
769 126
471 66
471 66
1606 66
456 146
159 567
2259 555
570 86
750 126
446 126
1048 66
491 93
1550 556
934 198
421 66
758 72
663 66
812 86
320 258
1598 246
142 328
256 179
580 56
636 196
835 123
321 93
806 286
1338 328
1210 93
2116 61
819 356
534 61
406 106
281 66
406 106
446 151
456 121
770 61
161 449
256 106
392 87
1063 449
306 106
1966 56
2190 406
620 157
1550 556
364 68
1970 156
2161 66
163 417
482 86
449 106
1355 66
919 93
796 95
2346 66
251 66
113 928
202 894
1028 421
956 106
568 56
491 66
356 558
1355 386
268 56
652 66
406 126
86 489
406 91
408 136
870 308
870 126
113 427
2067 56
417 116
406 206
370 255
1091 66
252 93
1966 576
324 218
183 397
666 86
319 258
910 66
2326 93
808 136
1188 66
404 486
1002 556
424 136
231 76
2406 93
456 146
663 66
406 156
855 126
666 424
178 620
1546 414
975 86
797 66
2006 93
422 419
420 308
956 66
2426 76
458 406
549 97
455 528
163 417
477 126
2121 56
142 328
406 116
406 156
446 126
937 66
708 106
241 66
528 86
835 93
2402 56
511 66
399 56
406 106
123 918
406 156
1030 56
990 66
600 176
366 66
2006 93
781 93
898 66
1007 106
2316 56
183 743
2266 56
1606 66
417 116
543 416
856 126
808 136
1788 48
406 106
838 176
449 556
2316 56
796 124
806 93
1210 545
808 136
471 93
1506 66
756 556
970 106
406 126
338 66
2292 472
769 66
880 66
1962 106
367 86
172 469
2292 346
780 197
490 66
540 93
321 93
469 106
1290 93
455 226
2382 556
348 403
1770 326
743 86
406 156
343 156
486 56
433 156
406 166
420 66
776 66
306 106
523 187
518 66
853 385
256 136
386 121
185 503
281 66
890 106
343 156
396 91
839 76
170 196
741 86
202 894
726 56
408 136
406 126
449 126
1326 66
271 93
1788 66
797 328
458 406
1486 56
838 176
750 768
271 93
758 146
176 307
487 186
666 86
1570 93
978 76
523 133
491 93
1306 66
558 97
500 66
802 366
452 86
1665 56
390 86
1391 106
888 336
729 86
1260 48
538 66
1416 176
1236 306
620 106
325 136
268 86
185 503
406 186
506 106
417 116
600 176
745 66
388 72
342 166
174 544
491 93
348 403
812 203
2241 61
835 76
446 126
371 66
2121 61
1055 66
409 76
849 126
1981 106
612 257
1056 106
668 166
1755 430
629 148
359 87
587 56
487 186
506 176
1140 76
558 97
770 128
2326 126
891 86
943 76
471 66
2070 93
402 173
657 146
458 66
421 66
838 176
600 176
444 137
786 88
320 126
476 126
294 156
758 138
413 136
1659 398
420 86
1716 93
309 87
586 106
366 66
181 436
342 166
1406 56
521 66
556 66
580 56
2104 705
182 403
196 56
481 93
468 206
873 93
406 66
558 97
741 56
521 93
291 66
835 95
2406 66
534 61
746 586
445 66
421 66
516 391
420 93
356 116
506 176
829 93
202 894
710 76
906 93
481 93
486 486
420 66
501 66
1498 356
256 136
271 56
939 86
406 206
399 56
1406 66
339 146
200 66
870 126
1973 489
1666 46
348 403
760 156
417 116
1385 76
2106 106
471 66
163 417
1616 66
769 555
860 74
797 188
139 413
816 183
444 137
2326 93
1606 66
406 106
344 126
181 280
356 116
930 61
1570 93
1188 66
829 93
682 66
791 126
366 486
348 146
470 138
441 66
406 56
163 417
784 179
436 66
2326 556
271 93
853 385
830 56
1895 76
1416 176
450 56
421 66
942 86
884 370
1390 98
350 179
486 486
123 66
396 106
1755 430
406 156
1616 106
185 503
930 86
2371 66
868 93
309 137
456 106
2005 66
489 98
696 56
413 156
343 156
286 156
657 146
770 86
344 76
540 206
870 126
562 66
396 91
769 555
809 106
182 403
1556 106
845 126
414 173
320 76
805 56
158 468
420 306
390 137
413 136
1350 76
456 106
186 285
913 417
2070 126
970 66
320 258
1306 66
2241 61
396 106
356 116
1007 106
151 56
391 97
319 86
1598 246
388 66
768 93
66 536
1426 64
1306 66
783 179
1176 66
306 166
322 97
356 93
406 126
322 97
502 66
525 173
1179 66
882 93
2046 56
818 558
356 116
324 528
788 66
540 206
480 86
516 391
853 385
1374 66
406 156
1385 86
700 126
533 61
2106 56
937 287
371 126
1586 63
420 66
330 66
565 386
1290 93
348 403
324 56
1570 93
406 156
319 258
919 126
521 93
348 403
1416 176
928 123
1260 86
2326 126
769 126
251 66
1770 336
1179 76
812 86
695 56
696 88
1402 86
1020 66
491 93
406 146
860 156
910 126
406 126
858 86
523 187
1188 66
406 156
521 93
767 137
1056 66
491 93
960 126
869 86
771 137
411 528
781 486
1390 466
1066 336
770 128
1895 106
396 91
406 126
406 66
819 66
271 93
500 66
688 56
1586 63
420 336
703 442
1290 576
256 106
567 93
682 76
1636 61
968 93
565 126
343 156
600 157
417 116
294 66
547 56
570 86
1221 56
268 56
420 86
756 66
402 173
406 183
741 56
406 116
1598 106
1170 66
304 126
528 66
1788 66
123 918
781 536
811 486
370 93
1716 93
533 61
231 76
450 56
678 66
768 93
1944 91
333 378
708 106
868 556
148 739
808 136
470 86
386 121
786 56
1506 106
766 93
329 76
558 97
492 558
1636 116
471 66
422 126
256 136
816 406
1752 93
910 66
695 556
163 417
406 106
746 556
1450 76
446 151
446 151
823 76
600 176
600 176
356 116
870 93
406 156
1380 66
391 66
1419 66
1167 76
446 151
491 66
823 76
406 106
2005 66
1788 48
181 280
695 56
761 93
491 66
304 126
1206 93
1973 489
509 76
497 66
390 137
420 66
481 93
856 356
1007 86
406 126
547 56
768 93
306 126
745 318
2226 556
2070 93
962 126
338 56
1266 66
359 87
356 116
594 66
502 66
808 136
409 86
565 358
532 86
1418 66
523 133
531 66
406 186
306 146
2174 56
178 620
321 93
2206 56
170 567
421 66
439 366
391 97
471 66
1063 449
406 106
370 66
692 587
768 126
380 76
1406 56
531 66
1179 76
344 136
339 66
388 72
338 66
620 176
486 486
808 136
808 136
370 86
406 116
600 157
716 90
818 323
600 176
855 126
1306 66
1418 96
1406 76
898 106
199 356
768 93
779 66
882 86
959 66
906 356
470 106
140 537
444 86
406 106
491 93
469 106
406 166
367 206
338 146
306 106
256 136
392 87
406 156
1895 76
1416 176
406 56
406 206
487 186
406 156
2061 88
706 206
690 76
818 126
2006 93
750 126
174 545
809 61
678 66
558 97
553 165
870 126
486 56
809 86
359 87
2361 46
528 66
320 258
406 126
1290 93
178 620
536 66
565 126
1550 93
398 93
981 56
366 56
456 156
770 66
2406 56
656 93
1550 93
1953 86
882 86
458 406
2286 48
297 56
971 126
703 442
491 93
470 76
774 86
324 218
306 179
256 136
188 86
600 157
2016 151
356 106
1870 76
476 126
342 166
2368 468
1266 81
456 121
806 286
1108 57
919 528
1752 93
696 66
2226 348
745 66
417 116
766 56
123 66
206 66
329 136
1406 66
458 66
441 66
1512 66
2070 126
437 86
445 173
806 93
708 106
406 156
392 183
813 360
417 116
870 336
809 156
1770 336
680 66
399 56
670 575
740 86
666 424
501 66
1659 398
146 466
612 68
388 72
819 126
620 157
838 176
839 76
406 156
1416 176
695 56
1500 56
396 106
1404 468
1206 106
2070 126
553 165
1270 66
406 186
316 66
370 256
741 91
565 386
1606 66
538 66
370 176
1290 576
340 93
431 66
1055 66
818 66
870 106
341 93
1570 93
626 126
424 136
726 66
1030 336
1355 66
2161 56
913 417
283 87
1063 453
1406 56
480 56
288 246
746 88
471 66
970 126
870 106
540 206
600 93
1188 66
406 146
785 76
2011 66
408 136
406 146
1656 66
764 136
1063 76
364 68
521 66
758 72
491 93
2286 48
388 76
320 88
378 87
141 508
855 66
1612 93
501 93
796 95
1290 93
1733 86
417 116
769 126
1733 66
1534 48
406 86
1260 156
354 121
201 86
420 86
356 106
1215 61
170 567
447 106
1416 176
356 176
406 156
506 396
268 86
486 66
893 86
528 66
491 93
496 135
296 156
828 66
406 106
420 336
271 93
600 157
456 146
456 156
2301 186
283 611
695 93
2226 348
390 137
2326 556
809 86
419 528
146 466
516 66
565 66
2426 56
750 138
2236 86
270 106
148 535
366 56
421 66
2005 66
770 556
1556 586
2402 48
469 106
392 183
803 170
1210 426
438 66
2012 151
1030 174
808 136
420 336
1758 76
849 126
199 356
2091 56
491 93
721 66
294 156
163 417
549 97
170 196
2070 93
1688 106
406 136
960 66
830 56
898 66
343 156
870 106
408 556
163 417
486 56
406 545
458 66
1063 453
913 88
2402 576
778 66
791 66
2048 336
870 126
768 93
2396 56
501 66
667 528
851 137
593 417
1656 66
471 66
868 126
406 56
202 894
2266 66
356 206
781 56
491 93
341 93
501 46
808 136
547 56
838 176
437 86
869 86
2012 151
1526 606
843 187
706 86
338 66
540 206
1981 106
1946 66
423 310
406 156
183 743
838 176
406 156
369 66
521 66
378 87
2070 126
789 66
106 106
1290 93
341 530
491 66
428 96
556 66
1020 56
1534 66
320 258
1288 126
470 106
1550 93
56 566
469 106
406 116
456 106
1976 86
501 93
2036 586
891 556
241 66
696 88
805 56
422 548
420 66
741 56
2121 61
666 86
1063 76
181 280
411 528
732 137
875 66
758 106
655 66
703 288
338 66
1506 241
486 56
1593 106
786 56
906 156
2272 91
406 146
1758 66
770 56
309 137
771 137
888 336
491 66
1512 66
388 106
406 116
290 206
66 846
2079 106
720 308
470 258
206 870
506 48
271 93
1218 76
532 158
778 66
716 126
281 66
158 305
1063 76
406 146
406 106
445 66
480 56
421 66
887 203
406 56
1666 61
1048 86
186 285
785 76
629 356
343 156
406 156
356 324
888 548
390 137
486 56
271 93
321 66
356 206
252 218
406 146
406 146
319 258
185 503
420 308
406 156
913 417
808 136
2286 48
1870 76
791 126
1506 420
1179 66
696 176
347 86
855 126
341 93
769 56
408 106
910 66
1258 106
1260 86
106 106
163 417
405 162
1659 398
271 93
2406 56
656 93
330 436
330 66
743 86
2316 56
1534 66
348 146
556 106
1716 93
502 66
406 126
404 66
710 93
465 156
320 316
829 93
375 66
333 378
882 86
327 96
457 106
1070 106
870 106
906 66
835 123
1870 86
406 156
429 307
420 308
486 106
639 288
596 187
781 66
1659 66
269 66
445 66
406 156
391 97
320 303
180 453
309 137
491 93
356 116
758 72
640 87
2226 556
291 66
341 530
448 468
2439 66
343 156
586 106
896 203
481 93
1338 328
256 116
1290 93
491 93
482 86
835 528
952 746
1002 93
406 146
356 116
981 76
406 156
306 93
406 126
870 106
271 66
663 66
420 306
291 66
496 135
321 66
413 93
2196 66
975 86
843 187
532 158
784 56
1906 66
556 60
199 356
406 86
540 93
540 205
206 66
1788 66
408 556
870 93
261 66
271 93
570 66
876 86
182 433
226 196
1380 76
456 66
1002 93
408 136
2091 66
2316 56
491 93
1076 256
497 66
1206 93
202 894
1402 86
523 133
1770 93
491 93
1956 66
695 93
828 66
910 576
948 246
870 126
690 76
937 66
829 93
267 106
750 93
393 126
497 66
248 66
108 427
516 56
856 156
406 156
298 66
446 151
720 308
970 106
2190 86
978 76
338 146
823 183
86 489
2116 56
391 66
446 151
797 188
659 48
406 136
424 136
406 156
180 453
321 66
769 66
1066 336
540 205
1390 98
170 567
506 61
309 137
271 93
719 172
957 66
2382 556
1900 98
456 121
2348 66
957 456
306 198
155 463
663 66
990 56
906 93
736 107
891 66
606 239
745 126
370 176
696 56
540 205
797 126
241 93
811 66
1658 86
497 66
2026 56
386 66
406 116
594 66
860 156
486 56
406 156
818 66
491 93
1806 66
446 151
803 421
474 61
181 436
370 66
870 106
486 486
695 93
1550 93
86 316
456 146
2406 66
341 93
370 66
406 156
2226 556
594 66
321 66
448 468
298 66
1306 66
396 91
532 86
829 93
811 56
1752 126
420 66
320 76
439 66
783 68
860 56
389 87
406 106
549 97
600 157
449 106
480 402
491 93
690 86
1752 93
316 66
491 93
321 66
1210 93
449 106
1055 126
326 66
391 97
1041 56
2016 151
319 86
1406 93
421 66
876 106
404 66
406 116
1956 56
887 203
808 136
251 66
1030 86
406 146
870 106
2236 86
624 175
1076 66
737 126
406 106
406 136
406 156
446 151
726 66
538 66
1895 86
511 93
1973 489
1556 93
252 93
396 91
180 453
269 66
778 66
406 156
2286 48
811 486
587 56
1255 74
347 66
620 157
549 97
1876 106
1546 414
306 166
288 66
511 93
781 486
771 162
651 528
948 428
540 205
1701 86
271 93
1665 86
629 148
446 151
409 86
388 72
406 106
532 158
676 82
1570 93
291 66
768 556
1820 93
111 638
486 56
806 93
406 116
409 86
458 406
378 87
651 528
906 56
457 106
1215 61
2044 106
620 157
185 503
810 66
387 131
2402 576
930 56
855 126
306 106
720 336
695 93
625 377
339 146
2046 56
2216 336
417 116
1007 106
186 285
856 126
420 106
788 88
470 106
553 489
2402 48
141 431
188 86
206 56
1314 93
508 206
718 66
804 406
2162 106
2226 556
2131 56
486 56
288 66
2106 306
406 126
540 206
1246 406
769 486
808 136
745 126
600 176
422 419
420 66
491 93
1218 76
283 611
1651 66
2005 66
406 106
501 66
2151 46
168 353
421 66
536 56
406 106
388 72
341 93
540 205
931 93
306 126
424 136
506 176
282 66
420 126
2439 93
2286 48
1055 126
880 66
370 86
1241 131
1788 66
174 76
620 93
950 106
720 308
657 146
1550 93
761 93
528 56
845 126
770 296
501 66
855 126
1326 66
497 66
1820 66
406 136
291 66
418 66
256 93
906 286
1251 347
508 126
1020 56
316 392
840 66
1406 66
1733 66
356 116
445 66
1406 93
1659 398
808 136
1271 176
769 56
806 93
776 66
1508 56
491 93
356 116
421 66
320 86
356 93
186 285
536 56
439 56
799 76
511 66
386 121
337 106
540 205
842 137
1956 191
906 66
870 86
436 66
406 86
808 136
436 66
696 88
536 56
170 226
540 93
1403 66
796 95
356 66
486 486
538 66
248 66
86 970
256 136
486 486
1402 86
682 554
809 86
320 126
370 66
491 93
320 258
456 146
823 183
981 76
445 66
811 56
141 48
1820 66
620 157
528 56
181 280
456 336
388 72
1802 76
163 417
874 123
528 86
491 93
511 93
378 225
388 66
202 894
789 137
386 121
491 93
356 206
843 187
1962 61
452 86
870 126
702 353
406 56
256 136
682 76
241 66
868 126
2176 106
869 86
533 61
1210 93
359 87
1550 93
2406 106
458 106
769 126
1450 76
706 576
306 166
1506 106
526 66
789 137
471 93
818 66
818 66
449 93
950 66
2116 56
402 173
2368 468
1326 66
781 66
538 66
990 586
745 66
2292 427
247 93
283 87
872 61
770 216
830 86
2388 86
198 323
1007 106
639 288
306 106
860 156
2326 66
2066 506
496 61
338 56
2411 58
1733 66
316 66
446 151
420 93
491 93
829 93
506 406
2196 66
488 76
241 575
511 66
1665 56
388 72
2006 93
406 116
1534 66
491 93
256 116
286 156
2288 66
1306 56
2316 56
491 93
406 56
182 397
789 137
880 66
470 106
1391 66
491 93
350 179
1470 136
891 126
781 66
874 123
356 116
783 179
562 66
391 66
487 86
1006 86
248 66
298 66
784 179
769 66
906 76
343 156
892 123
320 258
290 187
1260 48
341 93
1570 93
343 156
783 528
1926 56
1064 46
870 93
108 427
291 93
206 56
667 536
366 56
888 336
491 93
330 66
406 86
565 66
663 187
374 76
188 86
2326 556
2266 66
1550 93
611 257
1218 76
2388 86
406 56
808 136
291 93
393 126
823 76
491 93
438 406
333 378
791 66
486 56
482 86
830 76
377 56
414 173
809 106
1670 106
383 277
835 123
455 86
406 116
2026 56
797 66
406 136
2348 66
2402 56
296 156
880 66
1251 61
870 336
937 158
324 528
241 577
1820 93
291 278
491 93
1416 176
386 121
440 548
1251 347
123 66
808 136
406 156
2091 56
1770 66
482 86
320 296
808 136
695 93
538 66
391 66
321 66
66 578
251 66
530 158
924 66
458 66
781 48
808 136
788 307
806 236
486 438
2216 336
860 67
328 307
256 116
406 86
366 56
611 257
1126 56
888 66
392 87
2216 336
888 76
316 392
1895 86
1215 61
829 556
399 56
1570 93
343 156
1260 48
1048 66
497 66
1770 336
1406 66
682 581
374 126
2368 468
1293 86
1556 106
300 1068
806 93
818 558
887 203
882 86
491 93
1836 61
2126 46
406 56
1406 93
870 126
422 548
594 66
818 558
497 66
2406 86
376 60
343 156
594 66
2106 86
2406 93
737 66
448 468
1306 66
356 176
370 86
2016 151
764 126
406 86
2070 126
1406 93
520 517
491 93
86 489
2382 556
1995 106
556 61
420 66
421 66
1063 449
136 185
421 66
178 620
1167 76
798 453
778 66
1908 86
291 66
330 66
298 66
2396 56
775 166
806 56
2151 46
516 66
884 338
1055 66
248 66
789 137
870 336
256 116
880 66
613 86
86 970
1246 406
695 56
532 86
456 121
497 66
141 48
870 336
910 126
713 86
271 93
628 126
1659 398
1406 93
1416 176
406 106
441 66
420 66
848 453
771 137
1289 406
682 581
343 156
962 126
788 88
286 136
1406 66
636 196
388 66
256 146
565 93
86 239
178 115
298 66
1703 66
391 97
446 151
888 336
2241 61
420 336
396 91
870 93
880 56
2126 546
682 66
406 156
1881 56
183 397
553 433
406 156
465 156
842 137
708 106
468 66
406 106
611 257
338 66
769 126
491 93
1326 66
2116 86
309 87
2026 66
836 66
